0 4.40559 -44.5
2 1.54625 -51.5
3 4.61421 -65.5
1 4.83511 -48.5
2 1.57693 -52.0
0 4.40559 -44.0
1 4.81670 -48.5
3 4.46695 -65.5
0 4.44854 -44.0
3 4.60808 -64.5
2 1.56466 -52.0
1 4.84124 -48.5
1 4.83511 -48.5
0 4.41173 -44.5
2 1.55239 -52.0
3 4.54058 -64.5
0 4.43014 -44.0
2 1.55852 -51.5
1 4.84124 -48.5
3 4.79829 -64.5
0 4.44241 -44.5
1 4.83511 -48.5
2 1.55239 -52.0
3 4.53445 -65.0
0 4.43014 -44.5
2 1.58307 -52.0
1 4.81670 -48.5
3 4.60194 -65.0
0 4.43627 -44.0
2 1.57693 -51.5
1 4.82284 -49.0
3 4.82897 -65.5
0 4.42400 -44.0
1 4.81056 -48.5
2 1.59534 -51.5
3 4.40559 -64.5
1 4.80443 -48.5
2 1.57693 -51.5
0 4.41786 -44.0
3 4.50990 -65.5
0 4.41173 -44.0
1 4.84124 -49.0
2 1.57693 -51.5
3 4.50990 -64.5
0 4.41786 -44.5
1 4.84124 -49.0
2 1.60761 -51.5
3 4.40559 -65.0
1 4.84738 -49.0
0 4.41786 -44.5
2 1.57693 -52.0
3 4.65717 -65.0
2 1.57693 -52.0
0 4.41786 -44.0
1 4.84738 -49.0
3 4.63876 -65.0
1 4.82284 -48.5
0 4.41786 -44.0
2 1.57080 -52.0
3 4.54058 -64.0
2 1.59534 -52.0
1 4.81670 -48.5
0 4.41786 -44.5
3 4.43627 -65.5
2 1.56466 -52.0
0 4.43014 -44.0
1 4.81056 -48.5
3 4.57740 -65.5
2 1.57693 -52.0
0 4.42400 -44.0
3 4.62649 -66.0
1 4.82284 -48.5
3 4.47922 -65.5
0 4.44241 -44.5
1 4.82897 -48.5
2 1.55852 -52.0
3 4.36264 -66.0
0 4.43627 -44.5
2 1.56466 -52.0
1 4.83511 -49.0
2 1.57693 -51.5
0 4.41173 -44.5
1 4.82284 -48.5
3 4.58967 -64.5
1 4.82284 -48.5
0 4.41786 -44.5
2 1.58307 -52.0
3 4.49763 -65.5
0 4.42400 -44.0
1 4.81670 -48.5
2 1.57693 -52.0
3 4.54058 -65.5
0 4.44241 -44.5
1 4.82897 -49.0
2 1.58920 -52.0
3 4.46082 -64.5
1 4.84124 -48.5
0 4.41173 -44.5
2 1.59534 -51.5
3 4.47309 -64.5
0 4.41786 -44.0
1 4.80443 -48.5
2 1.59534 -51.5
3 4.47309 -65.5
3 4.48536 -65.0
2 1.58920 -51.5
0 4.45468 -44.5
1 4.82284 -49.0
0 4.43627 -44.5
1 4.82897 -48.5
2 1.58307 -52.0
3 4.49763 -65.0
1 4.82284 -48.5
0 4.43014 -44.5
2 1.57693 -52.0
3 4.54058 -64.5
0 4.43014 -44.0
1 4.81056 -49.0
2 1.57693 -52.0
3 4.61421 -65.5
2 1.57080 -51.5
3 4.48536 -64.5
0 4.41786 -44.5
1 4.81056 -49.0
2 1.58920 -51.5
0 4.41786 -44.0
1 4.82284 -48.5
3 4.45468 -66.0
2 1.55852 -52.0
1 4.84124 -48.5
0 4.44241 -44.0
3 4.56513 -64.0
0 4.43014 -44.5
3 4.48536 -65.0
2 1.58920 -52.0
1 4.80443 -49.0
3 4.51604 -64.5
0 4.43627 -44.5
1 4.83511 -48.5
2 1.62602 -52.0
0 4.43627 -44.5
1 4.81056 -48.5
2 1.56466 -51.5
3 4.29515 -66.0
2 1.54625 -52.0
3 4.46695 -64.5
0 4.43014 -44.5
1 4.83511 -49.0
0 4.42400 -44.0
1 4.82897 -48.5
2 1.58920 -51.5
3 4.49150 -64.0
2 1.57693 -52.0
0 4.42400 -44.5
1 4.81056 -48.5
3 4.43627 -65.0
0 4.41786 -44.5
1 4.81670 -49.0
2 1.56466 -52.0
3 4.50377 -63.5
0 4.44241 -44.0
1 4.84738 -48.5
2 1.61988 -52.0
3 4.58967 -65.5
0 4.41786 -44.5
1 4.82897 -48.5
2 1.57080 -52.0
3 4.41786 -65.0
0 4.41786 -44.5
3 4.43014 -66.5
1 4.82284 -48.5
2 1.60761 -51.5
0 4.41786 -44.0
3 4.44241 -65.0
1 4.82284 -48.5
2 1.56466 -52.0
0 4.43014 -44.5
3 4.60808 -63.5
1 4.83511 -49.0
2 1.58307 -52.0
3 4.46082 -65.0
0 4.41786 -44.0
2 1.59534 -51.5
1 4.82897 -49.0
0 4.42400 -44.5
1 4.82897 -49.0
2 1.55852 -52.0
3 4.54058 -65.5
3 4.43627 -65.0
2 1.60148 -52.0
0 4.43014 -44.5
1 4.82284 -48.5
0 4.43627 -44.5
1 4.81670 -48.5
2 1.58307 -52.0
3 4.41173 -66.0
0 4.43014 -44.5
2 1.58307 -52.0
1 4.81670 -49.0
3 4.35037 -65.5
3 4.35037 -65.0
0 4.41786 -44.0
1 4.81670 -49.0
2 1.60148 -52.0
0 4.42400 -44.0
3 4.55899 -66.5
2 1.54625 -52.0
1 4.82897 -49.0
2 1.60761 -52.0
0 4.41173 -44.5
3 4.54672 -65.0
1 4.82284 -49.0
0 4.43014 -44.5
3 4.44854 -66.0
2 1.57693 -51.5
1 4.82897 -48.5
0 4.40559 -44.5
2 1.58920 -51.5
1 4.83511 -48.5
3 4.50990 -65.0
0 4.43014 -44.5
1 4.82284 -48.5
2 1.57693 -52.0
3 4.53445 -65.5
0 4.43627 -44.5
1 4.82284 -48.5
2 1.58307 -51.5
3 4.70012 -65.5
0 4.41173 -44.5
2 1.57693 -52.0
1 4.81056 -49.0
3 4.39946 -66.5
0 4.41173 -44.5
3 4.50377 -65.0
2 1.59534 -52.0
1 4.81056 -48.5
3 4.47309 -64.5
0 4.44854 -44.5
1 4.82284 -49.0
2 1.57080 -52.0
3 4.55899 -65.0
1 4.85352 -48.5
0 4.44241 -44.5
2 1.62602 -51.5
2 1.60761 -52.0
0 4.43627 -44.0
1 4.83511 -48.5
3 4.46695 -65.5
0 4.43014 -44.5
3 4.41173 -64.5
1 4.83511 -48.5
2 1.56466 -51.5
0 4.41786 -44.5
1 4.84738 -48.5
3 4.43014 -65.0
2 1.57080 -52.0
0 4.41173 -44.5
2 1.61375 -51.5
1 4.82284 -48.5
3 4.40559 -65.5
0 4.41173 -44.5
2 1.56466 -51.5
1 4.81670 -48.5
3 4.44854 -65.0
2 1.55852 -51.5
0 4.44241 -44.5
1 4.81670 -48.5
3 4.47309 -65.0
0 4.42400 -44.5
2 1.61375 -51.5
1 4.81670 -48.5
3 4.54672 -65.0
0 4.43014 -44.0
1 4.82284 -48.5
3 4.49763 -66.0
2 1.58307 -51.5
0 4.43627 -44.5
1 4.81670 -48.5
2 1.56466 -52.0
1 4.81670 -48.5
0 4.43014 -44.0
2 1.57693 -51.5
3 4.46082 -64.5
0 4.41786 -44.0
2 1.58920 -52.0
1 4.82897 -49.0
3 4.35651 -64.5
0 4.44854 -44.5
3 4.59581 -65.5
2 1.60148 -52.0
1 4.81670 -49.0
0 4.41173 -44.5
2 1.57693 -51.5
1 4.81056 -49.0
3 4.46695 -66.0
0 4.42400 -44.0
2 1.59534 -52.0
1 4.79829 -48.5
3 4.56513 -65.5
0 4.43014 -44.0
3 4.30128 -66.0
0 4.39946 -44.0
3 4.69398 -66.0
1 4.81056 -49.0
2 1.63216 -52.0
0 4.43014 -44.5
1 4.80443 -49.0
2 1.56466 -51.5
3 4.54058 -66.0
2 1.55852 -51.5
0 4.39332 -44.0
1 4.81670 -49.0
3 4.46695 -64.5
0 4.41173 -44.5
1 4.80443 -48.5
2 1.59534 -52.0
3 4.50377 -64.0
0 4.38105 -44.5
2 1.61375 -52.0
1 4.81056 -48.5
3 4.48536 -66.0
0 4.42400 -44.0
2 1.56466 -52.0
1 4.82897 -49.0
3 4.52218 -66.5
0 4.42400 -44.5
3 4.73080 -65.0
2 1.56466 -52.0
1 4.82284 -48.5
0 4.40559 -44.5
1 4.82284 -49.0
2 1.57080 -52.0
3 4.53445 -66.0
2 1.60148 -52.0
0 4.43014 -44.0
1 4.81670 -49.0
3 4.59581 -66.0
0 4.42400 -44.0
2 1.59534 -51.5
1 4.79216 -49.0
3 4.48536 -65.5
0 4.41173 -44.5
1 4.83511 -48.5
2 1.59534 -52.0
3 4.40559 -65.5
2 1.56466 -51.5
1 4.81056 -48.5
0 4.41786 -44.5
3 4.23379 -65.0
1 4.83511 -48.5
2 1.58307 -52.0
0 4.41173 -44.5
3 4.41173 -65.5
3 4.57740 -65.0
0 4.41173 -44.0
1 4.83511 -49.0
2 1.59534 -52.0
0 4.42400 -44.5
1 4.80443 -49.0
2 1.60148 -52.0
3 4.54058 -66.0
2 1.58920 -51.5
0 4.41786 -44.0
1 4.83511 -49.0
3 4.55899 -65.5
0 4.41786 -44.0
1 4.81056 -49.0
2 1.57693 -51.5
3 4.46082 -65.0
2 1.58920 -52.0
1 4.81056 -48.5
0 4.41786 -44.5
3 4.49763 -64.5
2 1.58920 -52.0
1 4.85965 -49.0
0 4.39946 -44.5
3 4.41173 -64.5
0 4.38719 -44.5
3 4.45468 -65.5
1 4.82897 -49.0
2 1.60148 -52.0
2 1.54625 -51.5
0 4.42400 -44.0
1 4.81670 -49.0
3 4.60808 -64.5
0 4.41173 -44.0
2 1.62602 -52.0
1 4.83511 -48.5
3 4.39332 -65.0
1 4.86579 -48.5
0 4.39332 -44.0
2 1.57693 -52.0
3 4.54672 -65.0
1 4.81670 -49.0
0 4.41173 -44.0
2 1.63829 -52.0
3 4.39332 -65.0
0 4.42400 -44.0
3 4.61421 -65.5
2 1.55852 -51.5
1 4.83511 -49.0
3 4.53445 -66.0
0 4.42400 -44.0
1 4.82897 -49.0
2 1.64443 -52.0
3 4.58353 -67.0
0 4.41786 -44.5
2 1.58307 -51.5
1 4.81056 -49.0
0 4.41173 -44.5
1 4.81670 -48.5
2 1.56466 -52.0
3 4.66330 -65.0
2 1.60148 -51.5
0 4.42400 -44.5
1 4.83511 -48.5
3 4.56513 -66.0
2 1.59534 -51.5
1 4.82897 -49.0
0 4.41173 -44.0
3 4.70012 -65.0
0 4.43627 -44.0
3 4.58967 -65.0
1 4.81670 -49.0
2 1.59534 -51.5
0 4.42400 -44.5
1 4.79829 -49.0
2 1.55852 -52.0
3 4.44241 -65.0
0 4.42400 -44.0
1 4.80443 -48.5
2 1.58920 -52.0
3 4.47922 -65.5
2 1.59534 -52.0
1 4.80443 -49.0
0 4.41786 -44.5
3 4.51604 -65.0
0 4.43014 -44.5
1 4.81670 -49.0
2 1.57080 -51.5
3 4.55285 -66.0
3 4.52831 -65.0
2 1.58307 -52.0
1 4.82897 -49.0
0 4.38719 -44.5
3 4.46082 -65.0
2 1.55852 -51.5
0 4.41173 -44.5
1 4.82897 -48.5
2 1.59534 -52.0
0 4.38719 -44.5
1 4.80443 -49.0
3 4.54672 -65.5
0 4.43014 -44.5
2 1.58307 -51.5
1 4.81670 -48.5
3 4.43627 -64.0
3 4.63876 -65.5
2 1.60148 -52.0
0 4.43014 -44.5
1 4.82284 -48.5
3 4.43014 -65.5
2 1.61988 -52.0
1 4.81670 -48.5
0 4.39946 -44.5
