2 1.57080 -52.0
0 4.44241 -44.5
1 4.84738 -48.5
3 4.50990 -65.5
0 4.44241 -45.0
2 1.59534 -52.5
3 4.60808 -65.5
1 4.83511 -49.0
0 4.46082 -44.5
1 4.84124 -49.0
2 1.56466 -52.0
3 4.73693 -65.0
0 4.47309 -44.5
3 4.68171 -66.0
1 4.84124 -49.0
2 1.55239 -52.0
2 1.57693 -52.0
0 4.45468 -44.5
1 4.83511 -49.0
3 4.60194 -66.0
2 1.58920 -52.0
0 4.44241 -45.0
1 4.82897 -49.0
3 4.65717 -65.0
2 1.54625 -52.5
1 4.82897 -49.0
0 4.46082 -44.5
3 4.45468 -66.0
2 1.57080 -52.0
1 4.82897 -49.0
0 4.46695 -44.5
3 4.64489 -65.5
0 4.46082 -44.5
3 4.55899 -64.5
2 1.58307 -52.0
1 4.85965 -49.0
1 4.84124 -49.0
3 4.50377 -63.5
0 4.44854 -45.0
2 1.62602 -52.0
2 1.59534 -52.0
0 4.45468 -45.0
3 4.55899 -65.5
1 4.84738 -49.0
0 4.46082 -44.5
2 1.60148 -52.0
1 4.81056 -49.0
3 4.61421 -64.5
2 1.61375 -52.0
0 4.45468 -45.0
1 4.82897 -49.0
3 4.48536 -65.0
0 4.44241 -44.5
2 1.60761 -52.0
1 4.89647 -49.0
3 4.47922 -65.5
1 4.82284 -48.5
0 4.46082 -45.0
2 1.62602 -52.0
3 4.69398 -66.0
3 4.54672 -66.0
0 4.47309 -44.5
2 1.63216 -52.0
1 4.81670 -49.0
0 4.45468 -44.5
1 4.83511 -49.0
2 1.57693 -52.0
3 4.66330 -64.5
2 1.57693 -52.0
1 4.84738 -49.0
0 4.44854 -45.0
3 4.50990 -65.5
2 1.63829 -52.0
0 4.46082 -45.0
3 4.51604 -64.0
1 4.85965 -49.0
3 4.65717 -64.5
0 4.46082 -44.5
2 1.60148 -52.0
1 4.82897 -49.0
0 4.44854 -44.5
2 1.58307 -52.0
1 4.82897 -49.0
3 4.73080 -65.5
3 4.58967 -65.5
0 4.47309 -45.0
2 1.62602 -52.0
1 4.85352 -49.0
2 1.64443 -52.0
1 4.82284 -49.0
0 4.47922 -45.0
3 4.54058 -65.0
1 4.84738 -49.0
0 4.46082 -45.0
2 1.61988 -52.0
3 4.58967 -64.0
0 4.46082 -45.0
2 1.61375 -52.0
1 4.82897 -49.0
3 4.52218 -64.0
0 4.44241 -45.0
2 1.60761 -52.0
1 4.84124 -49.0
3 4.47309 -64.0
0 4.47309 -44.5
1 4.82284 -49.0
2 1.57080 -52.0
3 4.54058 -65.5
3 4.66330 -64.5
0 4.44854 -45.0
2 1.60761 -52.0
1 4.86579 -49.0
0 4.47309 -44.5
2 1.59534 -52.0
1 4.83511 -49.0
3 4.62649 -64.5
0 4.46082 -44.5
2 1.61375 -52.0
1 4.84738 -49.0
3 4.55285 -64.0
2 1.58920 -52.0
3 4.63876 -65.0
0 4.44241 -44.5
1 4.82284 -49.0
3 4.63876 -65.0
0 4.45468 -45.0
1 4.82284 -49.0
2 1.58920 -52.5
3 4.59581 -64.5
0 4.44854 -44.5
2 1.56466 -52.0
1 4.84124 -49.0
1 4.82897 -49.0
0 4.46695 -45.0
2 1.60148 -52.0
3 4.59581 -65.5
3 4.49150 -65.0
0 4.48536 -45.0
1 4.84738 -48.5
2 1.63216 -52.0
0 4.50377 -44.5
1 4.82284 -49.0
2 1.55852 -52.0
3 4.47309 -65.5
1 4.85965 -49.0
0 4.44854 -45.0
2 1.59534 -52.0
3 4.59581 -65.5
0 4.44854 -45.0
2 1.63216 -52.0
1 4.85965 -49.0
3 4.70012 -65.5
0 4.45468 -44.5
1 4.82897 -49.0
2 1.57080 -52.0
3 4.67557 -66.0
2 1.57080 -52.0
0 4.46695 -45.0
1 4.85352 -49.0
3 4.58353 -64.0
0 4.47922 -44.5
1 4.82284 -49.0
2 1.65056 -52.0
3 4.45468 -65.5
0 4.44854 -45.0
1 4.83511 -49.0
2 1.61375 -52.0
3 4.66944 -65.0
1 4.87806 -49.0
0 4.47922 -44.5
2 1.58307 -52.0
3 4.58967 -65.5
0 4.46082 -44.5
1 4.85352 -49.0
2 1.59534 -52.0
3 4.52831 -65.0
0 4.47309 -44.5
3 4.73080 -65.0
1 4.85352 -49.0
2 1.57080 -52.0
2 1.61375 -52.0
3 4.49150 -64.5
0 4.46695 -45.0
1 4.82897 -49.0
1 4.82897 -49.0
0 4.46695 -44.5
2 1.60148 -52.0
3 4.50377 -65.5
2 1.56466 -52.0
1 4.83511 -49.0
0 4.47922 -45.0
3 4.44241 -65.0
0 4.47309 -44.5
2 1.60148 -52.0
1 4.85352 -49.0
3 4.65103 -65.0
0 4.48536 -44.5
1 4.82897 -49.0
2 1.62602 -52.0
3 4.58353 -64.0
0 4.46695 -45.0
2 1.65670 -52.0
1 4.82897 -49.0
3 4.77375 -64.0
2 1.65670 -52.0
3 4.57126 -65.0
0 4.46695 -45.0
1 4.85352 -49.0
2 1.60148 -52.0
0 4.45468 -44.5
1 4.81670 -49.0
3 4.60194 -65.5
2 1.58920 -52.0
0 4.47922 -45.0
1 4.83511 -49.0
3 4.73080 -66.0
1 4.81670 -49.0
3 4.52831 -64.5
0 4.47922 -45.0
2 1.60761 -52.0
2 1.60761 -52.0
3 4.55285 -64.5
0 4.47309 -45.0
1 4.85965 -49.0
3 4.52218 -65.5
0 4.47309 -45.0
1 4.82897 -48.5
2 1.61988 -52.0
1 4.83511 -49.0
0 4.45468 -44.5
2 1.56466 -52.0
3 4.74307 -66.5
1 4.84124 -49.0
2 1.58920 -52.0
0 4.47922 -45.0
3 4.62035 -65.5
2 1.61988 -52.0
0 4.46695 -44.5
1 4.83511 -49.0
3 4.25219 -66.0
0 4.45468 -45.0
1 4.85352 -49.0
3 4.66330 -65.5
2 1.61988 -52.0
0 4.43627 -45.0
1 4.84738 -49.0
2 1.60148 -52.0
3 4.61421 -64.0
2 1.61988 -52.0
1 4.82897 -49.0
0 4.49763 -44.5
3 4.79829 -65.0
2 1.63216 -52.0
1 4.82284 -49.0
0 4.48536 -45.0
3 4.59581 -64.0
2 1.57080 -52.0
1 4.81056 -49.0
3 4.58353 -65.5
0 4.46082 -45.0
1 4.84124 -49.0
0 4.46695 -44.5
2 1.60148 -52.0
3 4.78602 -64.5
0 4.46695 -44.5
1 4.82897 -49.0
2 1.57693 -52.0
3 4.56513 -65.0
0 4.47922 -45.0
1 4.82284 -49.0
3 4.71239 -64.5
2 1.59534 -52.0
0 4.48536 -44.5
3 4.65717 -65.5
2 1.61375 -52.0
1 4.83511 -49.0
0 4.46695 -44.5
1 4.85352 -49.0
2 1.61988 -52.0
3 4.54058 -65.0
0 4.46695 -45.0
1 4.87806 -49.0
2 1.60761 -52.0
3 4.46695 -65.0
2 1.57080 -52.0
3 4.65717 -65.0
0 4.47309 -45.0
1 4.81670 -49.0
0 4.48536 -44.5
3 4.51604 -65.5
2 1.65056 -52.0
1 4.83511 -49.0
2 1.62602 -52.0
1 4.85352 -48.5
0 4.44854 -44.5
3 4.52831 -64.5
3 4.63262 -65.5
2 1.61988 -52.0
0 4.48536 -45.0
1 4.84124 -49.0
0 4.46082 -44.5
3 4.57126 -64.5
1 4.85352 -49.0
2 1.68124 -52.0
3 4.59581 -66.5
0 4.43014 -45.0
1 4.82897 -49.0
2 1.58920 -52.0
1 4.82897 -49.0
0 4.46082 -45.0
2 1.60148 -52.0
3 4.60808 -66.0
0 4.43014 -44.5
1 4.83511 -49.0
2 1.61375 -52.0
3 4.55285 -65.0
0 4.43627 -44.5
1 4.82284 -49.0
2 1.58307 -52.0
3 4.60808 -65.5
0 4.43627 -44.5
2 1.59534 -52.0
1 4.81670 -49.0
3 4.71239 -66.0
1 4.82284 -49.0
3 4.52218 -66.0
0 4.43014 -45.0
2 1.58307 -52.5
3 4.53445 -65.5
0 4.45468 -44.5
1 4.82897 -49.0
2 1.57693 -52.0
0 4.43014 -44.5
3 4.54058 -64.5
1 4.82284 -49.0
2 1.57080 -51.5
1 4.85965 -49.0
2 1.60148 -52.0
0 4.42400 -45.0
3 4.84124 -66.0
0 4.44854 -45.0
1 4.82284 -49.0
2 1.56466 -52.5
3 4.61421 -65.0
0 4.44854 -44.5
1 4.81670 -49.0
2 1.60148 -52.0
3 4.63876 -65.0
1 4.84124 -49.0
0 4.44854 -44.5
2 1.60761 -52.0
3 4.43627 -65.5
1 4.79829 -49.0
0 4.43627 -45.0
2 1.59534 -52.0
3 4.68171 -65.0
2 1.57080 -52.0
0 4.44241 -45.0
1 4.83511 -49.0
3 4.48536 -64.5
2 1.57693 -52.0
3 4.50377 -65.5
0 4.43014 -45.0
1 4.81670 -49.0
0 4.45468 -45.0
2 1.58920 -52.0
1 4.81670 -49.0
3 4.63262 -65.5
0 4.45468 -44.5
3 4.73693 -66.0
2 1.60761 -51.5
1 4.82284 -49.0
0 4.44241 -45.0
1 4.82897 -49.0
2 1.60761 -52.0
3 4.58967 -64.5
2 1.57693 -52.0
0 4.46695 -44.5
1 4.86579 -49.0
3 4.57740 -64.0
0 4.46695 -44.5
1 4.82284 -49.0
2 1.65056 -52.0
3 4.55899 -64.5
3 4.55899 -64.5
0 4.43627 -44.5
2 1.61988 -52.0
1 4.83511 -49.0
0 4.43627 -44.5
3 4.62035 -65.0
1 4.82284 -49.0
2 1.60761 -52.0
0 4.46695 -44.5
2 1.57693 -52.0
1 4.79829 -49.0
3 4.43014 -65.5
0 4.44854 -44.5
3 4.63262 -65.0
2 1.57080 -52.0
1 4.85965 -49.0
0 4.44241 -44.5
3 4.49763 -65.0
1 4.84738 -49.0
2 1.54625 -52.0
0 4.46082 -44.5
3 4.49763 -66.0
1 4.82284 -49.0
2 1.64443 -52.0
1 4.84738 -49.0
0 4.45468 -44.5
2 1.60761 -52.0
3 4.82897 -67.0
1 4.83511 -49.0
0 4.43014 -45.0
2 1.61988 -52.0
3 4.57740 -65.5
1 4.79829 -49.0
0 4.43627 -45.0
2 1.58920 -52.0
3 4.50377 -65.5
1 4.80443 -49.0
0 4.45468 -45.0
2 1.57693 -52.0
3 4.50990 -65.0
0 4.44241 -45.0
2 1.56466 -51.5
3 4.47922 -66.0
1 4.83511 -49.0
0 4.46082 -44.5
2 1.60761 -52.0
1 4.81670 -49.0
3 4.37491 -65.5
0 4.41173 -44.5
1 4.84738 -49.0
2 1.59534 -52.5
3 4.47309 -65.5
1 4.82897 -49.0
0 4.44241 -44.5
2 1.57693 -52.0
3 4.36264 -66.5
2 1.61988 -52.0
1 4.81670 -49.0
0 4.43627 -45.0
3 4.54058 -65.0
2 1.57693 -52.0
3 4.62649 -64.5
1 4.81056 -49.0
0 4.44241 -44.5
2 1.60148 -52.0
0 4.44241 -44.5
1 4.82284 -49.0
3 4.59581 -66.0
2 1.58307 -52.0
0 4.45468 -45.0
1 4.81056 -49.0
3 4.55899 -65.0
0 4.43627 -44.5
2 1.57080 -52.0
1 4.81670 -49.0
3 4.46082 -65.5
0 4.44854 -45.0
2 1.61988 -52.0
1 4.82284 -49.0
3 4.49763 -65.5
0 4.43627 -45.0
3 4.65717 -65.5
1 4.79829 -49.0
2 1.62602 -52.0
0 4.43627 -44.5
3 4.55899 -66.0
1 4.80443 -49.0
