3 5.63278 -70.0
0 4.77375 -45.0
1 5.04373 -50.0
2 1.82851 -54.0
2 1.84078 -54.0
0 4.73693 -45.5
1 5.04373 -49.5
3 5.54687 -69.5
2 1.83464 -54.0
3 5.53460 -70.5
0 4.75534 -45.0
1 5.04373 -49.5
0 4.76761 -45.0
3 5.58983 -69.5
2 1.88986 -54.0
1 5.01919 -50.0
0 4.76761 -45.0
1 5.03759 -49.5
2 1.85918 -54.0
3 5.77390 -70.5
2 1.85305 -54.0
0 4.76761 -45.0
1 5.02532 -50.0
3 5.73095 -70.5
3 5.83526 -70.0
0 4.76148 -45.0
2 1.84691 -53.5
1 5.04373 -50.0
0 4.76148 -45.0
2 1.84078 -54.5
1 5.08054 -49.5
3 5.45484 -71.0
3 5.60210 -70.0
0 4.76761 -45.0
1 5.01919 -49.5
2 1.84691 -54.0
2 1.85305 -54.0
3 5.66346 -70.5
0 4.77988 -45.0
1 5.02532 -50.0
1 5.06214 -50.0
0 4.77375 -45.5
2 1.84078 -54.0
3 5.66346 -69.5
0 4.76148 -45.0
3 5.74936 -71.0
1 5.01305 -49.5
2 1.82851 -54.0
1 5.01919 -49.5
0 4.74307 -45.0
2 1.84078 -54.0
3 5.57142 -70.0
0 4.77988 -45.5
1 5.04373 -50.0
2 1.86532 -54.0
3 5.55915 -69.5
1 5.04986 -50.0
0 4.74920 -45.0
2 1.85918 -54.0
3 5.86594 -70.5
0 4.76761 -45.0
1 5.03146 -50.0
2 1.83464 -54.0
3 5.66346 -71.0
1 5.04986 -50.0
0 4.75534 -45.0
2 1.85305 -54.0
3 5.66346 -69.0
0 4.74920 -45.0
1 5.03759 -50.0
2 1.87146 -54.0
3 5.71868 -69.5
0 4.76761 -45.0
1 5.03146 -50.0
2 1.85305 -54.0
3 5.70641 -70.5
0 4.77375 -45.0
3 5.64505 -70.5
1 5.05600 -50.0
2 1.85305 -54.0
0 4.75534 -45.0
1 5.04373 -50.0
2 1.85918 -54.0
3 5.62051 -70.0
1 5.05600 -50.0
0 4.76761 -45.0
2 1.84078 -54.0
3 5.58369 -70.5
2 1.87146 -54.0
1 5.03759 -50.0
0 4.76148 -45.5
3 5.63891 -70.5
1 5.02532 -50.0
0 4.76148 -45.0
2 1.85918 -54.0
3 5.85367 -70.5
3 5.63278 -70.0
0 4.77375 -45.0
2 1.90827 -54.0
1 5.06214 -49.5
2 1.81623 -54.0
0 4.76148 -45.0
1 5.04373 -50.0
3 5.57142 -71.0
1 5.03146 -49.5
0 4.75534 -45.0
2 1.87146 -54.0
3 5.62664 -70.0
3 5.66346 -70.0
2 1.85918 -54.0
0 4.78602 -45.0
1 5.04986 -50.0
3 5.81686 -69.5
0 4.75534 -45.0
1 5.01919 -50.0
2 1.88373 -54.0
0 4.76148 -45.0
1 5.03759 -50.0
2 1.84691 -54.0
3 5.56528 -70.0
2 1.85305 -54.0
3 5.57755 -70.0
1 5.03759 -50.0
0 4.75534 -45.0
0 4.77375 -45.0
2 1.89600 -54.0
3 5.59596 -71.0
1 5.05600 -50.0
0 4.76761 -45.5
1 5.04986 -50.0
2 1.84078 -54.0
3 5.72482 -70.5
0 4.77375 -45.5
2 1.85918 -54.0
1 5.05600 -49.5
3 5.55915 -70.5
1 5.03759 -50.0
0 4.76761 -45.0
2 1.87759 -54.0
3 5.98866 -69.5
0 4.76148 -45.0
2 1.84078 -54.0
1 5.03759 -50.0
3 5.84140 -71.0
0 4.76761 -45.0
3 5.59596 -69.5
2 1.85918 -54.0
1 5.03146 -50.0
0 4.77375 -45.0
3 5.81686 -70.0
1 5.03146 -50.0
2 1.88373 -54.0
1 5.02532 -50.0
0 4.75534 -45.0
2 1.88986 -54.0
3 5.55915 -70.5
0 4.76761 -45.0
1 5.04986 -50.0
2 1.85918 -54.0
3 5.52847 -70.5
2 1.87759 -54.0
0 4.76148 -45.0
1 5.01919 -50.0
3 5.51006 -70.0
0 4.79216 -45.0
3 5.62051 -69.5
1 5.04373 -50.0
2 1.86532 -54.0
0 4.77988 -45.0
1 5.05600 -50.0
2 1.84691 -54.0
3 5.76163 -70.0
0 4.76761 -45.0
1 5.03146 -50.0
2 1.89600 -54.0
3 5.66346 -70.0
0 4.76148 -45.0
1 5.03759 -50.0
2 1.87759 -54.0
3 5.74322 -71.0
2 1.87759 -54.0
0 4.76761 -45.0
1 5.02532 -49.5
3 5.60210 -70.5
2 1.88373 -54.0
1 5.04986 -50.0
0 4.76148 -45.0
3 5.58369 -70.5
1 5.04373 -50.0
0 4.77988 -45.5
2 1.90214 -54.5
3 5.54074 -69.5
0 4.77988 -45.0
1 5.06827 -50.0
2 1.87146 -54.5
3 5.60210 -70.0
0 4.79829 -45.5
1 5.06214 -50.0
2 1.87146 -54.0
3 5.61437 -70.0
0 4.76761 -45.0
3 5.43643 -70.0
2 1.87146 -54.0
1 5.08668 -50.0
3 5.57142 -70.5
2 1.88373 -54.0
1 5.04373 -50.0
0 4.78602 -45.0
0 4.76761 -45.0
1 5.06214 -50.0
2 1.86532 -54.0
3 5.66346 -70.0
3 5.39348 -70.0
2 1.86532 -54.0
0 4.79829 -45.0
1 5.03146 -50.0
2 1.81010 -54.0
3 5.78004 -70.0
0 4.76761 -45.5
1 5.03146 -50.0
0 4.76148 -45.5
3 5.73709 -70.5
1 5.02532 -49.5
2 1.86532 -54.5
0 4.77375 -45.0
2 1.87146 -54.0
1 5.04986 -50.0
3 5.46097 -70.0
1 5.06214 -50.0
0 4.79216 -45.0
2 1.88373 -54.5
3 5.57755 -70.0
1 5.03146 -49.5
0 4.76148 -45.0
2 1.87146 -54.5
3 5.64505 -71.5
2 1.84691 -54.0
0 4.76148 -45.0
1 5.04986 -50.0
3 5.67573 -69.0
2 1.87146 -54.0
0 4.76761 -45.0
1 5.02532 -50.0
3 5.62051 -70.0
3 5.45484 -70.0
2 1.86532 -54.5
0 4.75534 -45.0
1 5.02532 -50.0
2 1.82237 -54.0
0 4.76761 -45.0
1 5.01305 -50.0
3 5.85981 -69.0
2 1.85918 -54.0
0 4.76761 -45.0
1 5.05600 -50.0
3 5.74322 -70.0
0 4.76761 -45.5
1 5.03759 -50.0
2 1.85918 -54.0
3 5.74936 -70.5
0 4.76148 -45.5
1 5.03146 -50.0
2 1.92054 -54.0
3 5.46711 -69.5
1 5.06214 -50.0
0 4.76148 -45.0
2 1.86532 -54.0
3 5.63278 -70.0
2 1.87759 -54.0
3 5.68186 -70.0
0 4.77375 -45.5
1 5.06214 -50.0
1 5.03759 -50.0
0 4.76148 -45.0
2 1.87146 -54.0
3 5.62664 -70.5
0 4.76148 -45.0
1 5.04373 -49.5
2 1.84691 -54.0
3 5.64505 -70.0
0 4.76148 -45.0
2 1.88373 -54.5
1 5.03146 -50.0
3 5.71254 -69.5
3 5.60823 -69.5
0 4.77375 -45.0
1 5.04986 -50.0
2 1.84691 -54.0
0 4.79216 -45.0
1 5.02532 -50.0
2 1.84078 -54.0
3 5.70027 -70.5
0 4.78602 -45.0
1 5.03146 -50.0
2 1.85918 -54.0
3 5.71254 -70.0
0 4.78602 -45.0
1 5.02532 -50.0
2 1.87146 -54.0
3 5.85367 -70.0
0 4.76761 -45.0
2 1.84078 -54.0
1 5.08054 -50.0
3 5.85367 -69.5
1 5.03759 -50.0
0 4.78602 -45.0
2 1.85918 -54.0
3 5.58983 -69.5
0 4.75534 -45.0
1 5.01919 -50.0
2 1.89600 -54.5
0 4.75534 -45.0
2 1.84078 -54.0
1 5.04986 -50.0
3 5.66959 -69.5
0 4.76148 -45.5
1 5.06214 -50.0
2 1.83464 -54.0
3 5.71868 -70.0
0 4.74920 -45.5
1 5.03146 -50.0
2 1.87146 -54.0
3 5.68800 -70.5
1 5.04986 -50.0
0 4.73693 -45.5
2 1.87759 -54.0
3 5.59596 -69.0
0 4.75534 -45.0
1 5.04373 -50.0
2 1.85918 -54.0
3 5.74322 -70.5
2 1.86532 -54.0
3 5.87821 -70.0
0 4.77375 -45.5
1 5.09282 -50.0
0 4.74920 -45.0
1 5.03759 -50.0
2 1.84078 -54.0
3 5.73095 -71.0
3 5.65732 -69.5
0 4.74920 -45.5
2 1.82851 -54.0
1 5.01919 -49.5
0 4.76148 -45.0
3 5.63278 -70.0
2 1.87759 -54.0
1 5.04986 -50.0
2 1.84691 -54.0
0 4.75534 -45.5
1 5.04986 -50.0
3 5.70641 -71.0
0 4.74920 -45.0
2 1.85918 -54.5
1 5.02532 -50.0
3 5.92117 -69.5
2 1.85918 -54.0
1 5.06214 -49.5
0 4.75534 -45.5
3 5.65732 -70.5
1 5.03146 -50.0
0 4.75534 -45.5
2 1.85918 -54.0
3 5.83526 -70.0
2 1.85305 -54.0
0 4.76761 -45.0
1 5.03146 -50.0
3 5.44870 -70.5
0 4.77375 -45.0
2 1.85918 -54.0
1 5.05600 -50.0
3 5.51006 -70.5
0 4.74307 -45.0
2 1.85918 -54.0
1 5.06214 -50.0
3 5.70641 -71.0
0 4.73693 -45.5
3 5.62664 -71.5
1 5.08668 -50.0
2 1.84691 -54.5
1 5.03146 -50.0
0 4.74307 -45.5
2 1.87146 -54.5
3 5.35666 -70.0
3 5.82299 -70.0
1 5.01305 -50.0
0 4.74920 -45.0
2 1.85918 -54.0
0 4.76148 -45.5
1 5.04373 -50.0
2 1.87146 -54.5
3 5.66346 -69.5
2 1.85918 -54.5
0 4.76761 -45.5
1 5.06214 -50.0
3 5.90889 -70.5
1 5.04986 -50.0
0 4.73693 -45.5
2 1.88986 -54.5
3 5.57755 -70.0
0 4.76148 -45.5
1 5.05600 -50.0
2 1.86532 -54.5
3 5.74936 -69.0
0 4.74307 -45.5
1 5.05600 -50.0
2 1.87146 -54.5
3 6.01320 -70.5
0 4.74920 -45.0
2 1.86532 -54.0
1 5.04373 -49.5
3 5.63891 -70.0
0 4.74307 -45.5
2 1.91441 -54.5
1 5.06214 -50.0
3 5.70641 -71.0
0 4.74920 -45.5
3 5.76163 -69.5
1 5.04373 -50.0
2 1.87759 -54.5
0 4.74307 -45.5
3 5.89049 -71.0
1 5.03759 -50.0
2 1.84078 -54.0
0 4.75534 -45.5
2 1.87146 -54.0
1 5.07441 -50.0
3 5.52233 -71.0
1 5.04986 -50.0
0 4.73693 -45.5
2 1.88986 -54.0
3 5.65119 -69.5
0 4.75534 -45.5
2 1.91441 -54.5
1 5.06827 -49.5
3 5.75550 -70.0
0 4.75534 -45.0
1 5.04373 -50.0
2 1.88986 -54.0
3 5.45484 -69.0
0 4.73693 -45.0
3 5.62051 -70.5
1 5.03759 -50.0
2 1.87759 -54.0
0 4.76761 -45.0
1 5.04986 -50.0
2 1.85305 -54.0
3 5.58369 -70.0
0 4.74307 -45.0
3 5.79845 -70.0
1 5.03759 -50.0
2 1.87759 -54.5
2 1.88373 -54.5
3 5.95185 -70.5
1 5.03759 -50.0
0 4.74307 -45.5
1 5.04373 -50.0
0 4.73693 -45.0
2 1.87759 -54.0
3 5.73095 -69.5
0 4.73693 -45.0
3 5.83526 -69.5
1 5.04373 -50.0
2 1.92054 -54.0
0 4.74307 -45.5
2 1.88373 -54.0
1 5.03146 -49.5
3 6.04388 -69.5
3 5.68800 -70.0
0 4.75534 -45.0
1 5.06214 -50.0
2 1.87146 -54.0
2 1.88373 -54.0
1 5.06214 -50.0
3 5.83526 -69.5
0 4.74307 -45.5
0 4.73693 -45.0
3 6.05616 -69.5
