2 1.93895 -56.0
0 4.89647 -46.0
1 5.07441 -51.5
0 4.87806 -45.5
1 5.08668 -51.5
2 1.92668 -56.0
0 4.89033 -45.5
1 5.06827 -51.5
2 1.96963 -56.5
0 4.87806 -45.5
1 5.09895 -51.5
2 1.94509 -56.5
0 4.89647 -45.5
1 5.08668 -51.5
2 1.87146 -56.0
0 4.89647 -46.0
2 1.95736 -56.0
1 5.08054 -51.5
0 4.90874 -46.0
2 1.96350 -56.0
1 5.12350 -51.5
0 4.88419 -46.0
2 1.93895 -56.0
1 5.07441 -51.5
0 4.89033 -46.0
1 5.05600 -51.5
2 1.96963 -56.0
2 1.92054 -56.0
0 4.89033 -45.5
1 5.09895 -51.5
0 4.90260 -46.0
1 5.09282 -51.5
2 1.98190 -56.5
0 4.89033 -46.0
1 5.07441 -51.5
2 1.96350 -56.0
2 1.95736 -56.0
0 4.88419 -45.5
1 5.08668 -51.5
2 1.90827 -56.0
0 4.89033 -45.5
1 5.07441 -51.5
0 4.89033 -46.0
2 1.93895 -56.5
1 5.07441 -51.5
0 4.89033 -45.5
1 5.09895 -51.5
2 1.93895 -56.5
0 4.88419 -46.0
1 5.06827 -51.5
2 1.92054 -56.0
0 4.90260 -46.0
1 5.07441 -51.5
2 1.95122 -56.5
0 4.90260 -45.5
2 1.98190 -56.5
1 5.04986 -51.5
2 1.95122 -56.5
1 5.10509 -51.5
0 4.89647 -46.0
1 5.06214 -51.5
0 4.90260 -46.0
2 2.00031 -56.0
0 4.88419 -45.5
1 5.07441 -51.5
2 1.90827 -56.5
2 1.94509 -56.5
0 4.90260 -46.0
1 5.07441 -51.5
2 1.93282 -56.5
0 4.89647 -45.5
1 5.10509 -51.5
0 4.89033 -45.5
1 5.06214 -51.5
2 1.95736 -56.0
2 1.95122 -56.0
0 4.89647 -46.0
1 5.09895 -51.5
0 4.89647 -46.0
2 1.95736 -56.5
1 5.08054 -51.5
0 4.89033 -45.5
1 5.08054 -51.5
2 1.93282 -56.0
2 1.94509 -56.5
0 4.89033 -46.0
1 5.07441 -51.5
0 4.90874 -46.0
1 5.08668 -51.5
2 1.95736 -56.0
0 4.91487 -46.0
2 1.96350 -56.0
1 5.08668 -51.5
0 4.90260 -46.0
2 1.92668 -56.0
1 5.08668 -51.5
0 4.92715 -46.0
2 1.94509 -56.0
1 5.09895 -51.5
0 4.89647 -46.0
1 5.10509 -51.5
2 1.96963 -56.5
0 4.89033 -46.0
1 5.05600 -51.5
2 1.90827 -56.5
0 4.90260 -46.0
1 5.06214 -51.5
2 1.94509 -56.5
0 4.89033 -45.5
2 1.93895 -56.0
1 5.07441 -51.5
1 5.06827 -51.5
0 4.89647 -46.0
2 1.96350 -56.0
1 5.09282 -51.5
0 4.89647 -45.5
2 1.92054 -56.0
0 4.89647 -46.0
2 1.94509 -56.5
1 5.04986 -51.5
1 5.09282 -51.5
0 4.90260 -45.5
2 1.95736 -56.5
0 4.87192 -45.5
1 5.08668 -51.5
2 1.95736 -56.0
2 1.95122 -56.0
0 4.89647 -46.0
1 5.06827 -51.5
0 4.89647 -45.5
1 5.06827 -51.5
2 1.95122 -56.0
0 4.90260 -46.0
1 5.08054 -51.5
2 1.98804 -56.0
1 5.07441 -51.5
0 4.89647 -45.5
2 1.94509 -56.0
1 5.09895 -51.5
0 4.90260 -45.5
2 1.99418 -56.5
0 4.89647 -45.5
1 5.08054 -51.5
2 1.96963 -56.0
1 5.06827 -51.5
0 4.89647 -45.5
2 1.95122 -56.0
0 4.89647 -46.0
1 5.05600 -51.5
2 1.89600 -56.0
0 4.90874 -46.0
2 1.96963 -56.0
1 5.05600 -51.5
0 4.87806 -45.5
1 5.06214 -51.5
2 1.92054 -56.0
0 4.89033 -45.5
1 5.06214 -51.5
2 1.93895 -56.0
0 4.88419 -45.5
2 1.95736 -56.5
1 5.08054 -51.5
2 2.00031 -56.0
0 4.89033 -46.0
1 5.08668 -51.5
1 5.08054 -51.5
0 4.90260 -45.5
2 1.93282 -56.0
2 1.96963 -56.0
0 4.91487 -46.0
1 5.09282 -51.5
0 4.89647 -45.5
1 5.08054 -51.5
2 1.92054 -56.0
0 4.89647 -45.5
1 5.05600 -51.5
2 1.96963 -56.5
0 4.90874 -45.5
1 5.09282 -51.5
2 1.97577 -56.0
0 4.88419 -46.0
1 5.06827 -51.5
2 1.96350 -56.0
2 1.95736 -56.5
0 4.89033 -46.0
1 5.09282 -51.5
0 4.89033 -46.0
2 1.92668 -56.5
1 5.04986 -51.5
1 5.08054 -51.5
0 4.88419 -45.5
2 1.92054 -56.0
0 4.90874 -46.0
2 1.96350 -56.5
1 5.08054 -51.5
0 4.90874 -45.5
1 5.04373 -51.5
2 1.95736 -56.0
2 1.95122 -56.0
0 4.89647 -46.0
1 5.05600 -51.5
2 1.98804 -56.0
0 4.90260 -46.0
1 5.08054 -51.5
0 4.89033 -45.5
2 1.95736 -56.5
1 5.07441 -51.5
0 4.90874 -46.0
1 5.08054 -51.5
2 1.98804 -56.0
2 1.98804 -56.5
0 4.89033 -46.0
1 5.04373 -51.5
2 1.95122 -56.5
0 4.90260 -45.5
1 5.06827 -51.5
0 4.90260 -46.0
2 1.99418 -56.5
1 5.05600 -51.5
0 4.90260 -45.5
2 1.92668 -56.0
1 5.09282 -51.5
1 5.11122 -51.5
0 4.88419 -45.5
2 1.93282 -56.0
1 5.06214 -51.5
0 4.89647 -46.0
2 1.98190 -56.0
1 5.06214 -51.5
0 4.89033 -46.0
2 1.98190 -56.0
0 4.89033 -46.0
1 5.08054 -51.5
2 1.95122 -56.0
0 4.89033 -46.0
1 5.04373 -51.5
2 1.95736 -56.0
0 4.89647 -45.5
1 5.07441 -51.5
2 2.00031 -56.5
1 5.06827 -51.5
0 4.88419 -45.5
2 1.95736 -56.0
2 1.93895 -56.0
0 4.91487 -46.0
1 5.11122 -51.5
0 4.90260 -46.0
1 5.09282 -52.0
2 1.93895 -56.5
1 5.07441 -51.5
0 4.90260 -45.5
2 1.94509 -56.0
1 5.09895 -51.5
0 4.89647 -46.0
2 1.97577 -56.0
0 4.90260 -46.0
1 5.06214 -51.5
2 1.94509 -56.5
0 4.89647 -46.0
1 5.08668 -51.5
2 1.93282 -56.0
2 1.96963 -56.5
0 4.90874 -45.5
1 5.08054 -51.5
2 1.93895 -56.0
0 4.90260 -46.0
1 5.06214 -51.5
0 4.89647 -45.5
1 5.09895 -51.5
2 1.94509 -56.5
2 1.89600 -56.5
0 4.89033 -45.5
1 5.07441 -51.5
1 5.11736 -51.5
0 4.90260 -45.5
2 1.96350 -56.5
0 4.88419 -45.5
1 5.11736 -51.5
2 1.95122 -56.0
1 5.09895 -51.5
0 4.91487 -46.0
2 1.98190 -56.5
1 5.08054 -51.5
0 4.88419 -46.0
2 1.93895 -56.5
0 4.87806 -46.0
1 5.08668 -51.5
2 1.98190 -56.0
0 4.87192 -45.5
1 5.04373 -51.5
2 1.93895 -56.0
2 1.90214 -56.0
0 4.87806 -45.5
1 5.07441 -51.5
0 4.87806 -46.0
2 1.98190 -56.5
1 5.07441 -51.5
1 5.08054 -51.5
0 4.87192 -45.5
2 2.00645 -56.5
0 4.89647 -45.5
2 1.97577 -56.0
1 5.06214 -51.5
0 4.89647 -45.5
1 5.08668 -51.5
2 1.91441 -56.0
0 4.86579 -45.5
1 5.04373 -51.5
2 1.93895 -56.0
1 5.08054 -51.5
0 4.87192 -46.0
2 1.97577 -56.0
0 4.87806 -45.5
1 5.07441 -51.5
2 1.94509 -56.0
0 4.85965 -45.5
2 1.97577 -56.0
1 5.07441 -51.5
2 1.96350 -56.0
1 5.05600 -51.5
0 4.89033 -46.0
0 4.88419 -46.0
1 5.12350 -51.5
2 1.91441 -56.5
1 5.09282 -51.5
0 4.90260 -46.0
2 1.95122 -56.5
1 5.05600 -51.5
0 4.88419 -45.5
2 1.95122 -56.0
0 4.87806 -45.5
1 5.08668 -51.5
2 1.91441 -56.5
0 4.86579 -46.0
1 5.08668 -51.5
2 1.92668 -56.5
1 5.08668 -51.5
0 4.87192 -46.0
2 1.93282 -56.0
0 4.86579 -46.0
1 5.08668 -51.5
2 1.90214 -56.5
2 1.98190 -56.0
0 4.87192 -45.5
1 5.08668 -51.5
0 4.87806 -45.5
1 5.06827 -51.5
2 1.99418 -56.0
1 5.06214 -51.5
0 4.85965 -46.0
2 2.00031 -56.0
2 2.00031 -56.0
0 4.87192 -46.0
1 5.06214 -51.5
0 4.88419 -46.0
1 5.07441 -51.5
2 1.93282 -56.0
0 4.89647 -46.0
1 5.08054 -51.5
2 1.95736 -56.0
1 5.06214 -51.5
0 4.88419 -45.5
2 1.98190 -56.0
0 4.87192 -46.0
2 1.94509 -56.0
1 5.07441 -51.5
0 4.86579 -45.5
2 1.97577 -56.5
1 5.08668 -51.5
0 4.88419 -45.5
1 5.08054 -51.5
2 2.00645 -56.5
0 4.87806 -46.0
2 1.94509 -56.0
1 5.09282 -51.5
0 4.87806 -45.5
1 5.11122 -51.5
2 1.97577 -56.5
0 4.88419 -45.5
1 5.07441 -51.5
2 1.93895 -56.5
0 4.87806 -46.0
1 5.05600 -51.5
2 1.97577 -56.0
0 4.89647 -46.0
2 1.93895 -56.5
1 5.08668 -51.5
1 5.07441 -51.5
2 1.95736 -56.0
0 4.87806 -45.5
0 4.87806 -45.5
1 5.06214 -51.5
2 1.99418 -56.5
0 4.88419 -46.0
1 5.10509 -51.5
2 1.96350 -56.0
0 4.87192 -45.5
1 5.04373 -52.0
2 2.04940 -56.0
2 2.03099 -56.0
0 4.88419 -46.0
1 5.06214 -51.5
0 4.88419 -46.0
1 5.08668 -51.5
2 1.98190 -56.0
0 4.86579 -46.0
1 5.08054 -51.5
2 1.93282 -56.5
0 4.87192 -46.0
1 5.08668 -51.5
2 1.94509 -56.0
1 5.08054 -51.5
0 4.87806 -46.0
2 1.96350 -56.0
0 4.87806 -46.0
2 1.93895 -56.0
1 5.08054 -51.5
1 5.02532 -51.5
0 4.89647 -45.5
2 1.93282 -56.5
2 1.96963 -56.5
0 4.89647 -46.0
1 5.04986 -51.5
0 4.87806 -45.5
1 5.06214 -51.5
2 1.97577 -56.0
0 4.85965 -45.5
1 5.07441 -51.5
2 1.94509 -56.0
1 5.10509 -51.5
0 4.86579 -46.0
2 1.96350 -56.0
0 4.86579 -46.0
1 5.05600 -52.0
2 1.98190 -56.0
0 4.89033 -45.5
