2 2.17212 -59.5
0 5.03146 -47.0
1 5.19099 -54.5
0 5.04373 -47.0
2 2.19052 -59.5
1 5.17872 -54.5
1 5.18486 -54.5
0 5.03146 -47.0
2 2.28870 -59.5
0 5.02532 -47.0
1 5.19713 -54.5
2 2.29484 -60.0
0 5.02532 -47.0
1 5.13577 -54.5
2 2.22120 -59.5
0 5.03146 -47.0
1 5.19099 -54.5
2 2.25802 -59.5
0 5.03759 -47.0
1 5.12963 -54.5
2 2.22120 -59.5
0 5.04986 -47.0
1 5.16645 -54.5
2 2.23348 -60.0
0 5.02532 -47.0
1 5.18486 -54.5
2 2.22120 -59.5
0 5.02532 -47.0
1 5.17872 -54.5
2 2.17825 -59.5
1 5.21553 -54.5
0 5.03759 -47.0
2 2.25188 -59.5
0 5.02532 -47.0
1 5.20940 -54.5
2 2.23348 -59.5
0 5.03759 -47.0
1 5.15418 -54.5
2 2.26416 -59.5
0 5.03146 -47.0
1 5.16645 -54.5
2 2.23348 -60.0
0 5.03759 -47.0
1 5.16645 -54.5
2 2.21507 -59.5
0 5.03759 -47.0
1 5.18486 -54.5
2 2.22734 -59.5
0 5.05600 -47.0
1 5.21553 -54.5
2 2.20280 -60.0
2 2.19052 -59.5
0 5.04986 -47.0
1 5.20326 -54.5
0 5.04986 -47.0
1 5.14804 -55.0
2 2.19052 -60.0
1 5.20326 -54.5
0 5.03759 -47.0
2 2.24575 -60.0
2 2.27029 -59.5
0 5.03759 -47.0
1 5.18486 -54.5
2 2.20893 -60.0
0 5.02532 -47.0
1 5.21553 -54.5
0 5.03146 -47.0
1 5.22167 -54.5
2 2.18439 -59.5
0 5.05600 -47.0
2 2.19666 -59.5
1 5.12963 -54.5
0 5.02532 -47.0
2 2.20280 -59.5
1 5.20326 -54.5
0 5.03146 -47.0
1 5.16031 -54.5
2 2.26416 -59.5
0 5.03146 -47.0
1 5.19099 -54.5
2 2.17212 -60.0
0 5.04986 -47.0
1 5.17872 -54.5
2 2.22734 -60.0
1 5.19713 -54.5
0 5.04373 -47.0
2 2.22120 -59.5
1 5.16031 -55.0
0 5.03759 -47.0
2 2.22734 -59.5
1 5.14804 -54.5
0 5.03759 -47.0
2 2.44823 -60.0
0 5.04986 -47.0
1 5.19713 -54.5
2 2.22734 -60.0
0 5.03146 -47.0
2 2.17212 -59.5
1 5.22167 -54.5
1 5.20940 -54.5
0 5.03759 -47.0
2 2.24575 -59.5
0 5.04986 -47.5
2 2.19666 -59.5
1 5.18486 -54.5
2 2.17212 -59.5
0 5.02532 -47.0
1 5.22781 -54.5
1 5.19713 -54.5
0 5.05600 -47.5
2 2.18439 -59.5
2 2.19666 -59.5
0 5.06827 -47.0
1 5.15418 -54.5
2 2.26416 -59.5
0 5.02532 -47.0
1 5.19099 -54.5
2 2.19666 -59.5
0 5.04373 -47.0
1 5.12963 -54.5
0 5.04373 -47.0
1 5.16645 -54.5
2 2.19052 -59.5
2 2.26416 -60.0
0 5.04373 -47.0
1 5.15418 -54.5
0 5.04373 -47.0
1 5.17872 -54.5
2 2.24575 -60.0
0 5.05600 -47.0
1 5.16645 -54.5
2 2.22120 -60.0
0 5.03759 -46.5
1 5.16645 -54.5
2 2.27029 -59.5
2 2.20893 -59.5
0 5.03146 -47.0
1 5.19713 -54.5
0 5.04373 -47.0
1 5.19713 -54.5
2 2.25188 -59.5
0 5.03146 -47.0
1 5.19099 -54.5
2 2.28256 -59.5
0 5.03146 -47.0
1 5.16645 -54.5
2 2.22734 -60.0
0 5.03146 -47.0
1 5.17872 -54.5
2 2.28870 -60.0
0 5.03759 -47.0
1 5.17872 -54.5
2 2.13530 -60.0
0 5.04373 -47.0
1 5.17258 -54.5
2 2.23961 -59.5
0 5.05600 -47.0
1 5.19099 -54.5
2 2.22120 -60.0
0 5.03759 -47.0
1 5.19713 -54.5
2 2.25188 -59.0
1 5.16031 -54.5
0 5.03759 -47.0
2 2.24575 -60.5
0 5.04373 -47.0
1 5.15418 -54.5
2 2.26416 -60.0
1 5.17258 -54.5
0 5.03759 -47.0
2 2.25188 -60.0
2 2.22120 -59.5
0 5.04986 -47.0
1 5.19713 -54.5
0 5.04373 -47.0
1 5.14190 -54.5
2 2.44210 -59.5
0 5.03759 -47.0
1 5.16645 -54.5
2 2.26416 -59.5
0 5.04986 -47.0
1 5.20940 -54.5
2 2.30097 -59.5
2 2.24575 -60.0
0 5.04986 -47.0
1 5.18486 -54.5
2 2.24575 -60.0
0 5.04986 -46.5
1 5.17258 -54.5
2 2.23961 -59.5
0 5.04373 -47.0
1 5.22781 -54.5
0 5.03759 -47.0
2 2.23348 -60.0
1 5.16031 -54.5
0 5.04986 -47.0
1 5.19099 -54.5
2 2.27029 -59.5
0 5.05600 -47.0
1 5.14190 -54.5
2 2.15371 -59.5
2 2.18439 -60.0
0 5.04373 -47.0
1 5.15418 -54.5
2 2.20893 -59.5
0 5.03759 -47.0
1 5.14190 -54.5
0 5.02532 -47.0
1 5.17258 -54.5
2 2.28256 -60.0
0 5.04986 -47.0
1 5.16645 -54.5
2 2.19666 -60.0
1 5.19099 -54.5
0 5.03146 -47.0
2 2.31938 -59.5
0 5.04986 -47.0
1 5.17258 -54.5
2 2.22120 -59.0
0 5.05600 -47.0
1 5.15418 -54.5
2 2.19666 -60.0
0 5.04373 -47.0
1 5.16031 -54.5
2 2.21507 -59.5
0 5.04986 -47.0
1 5.17258 -54.5
2 2.27029 -60.0
0 5.05600 -47.0
1 5.22167 -54.5
2 2.29484 -60.0
0 5.03759 -47.0
1 5.17258 -54.5
2 2.21507 -59.5
0 5.02532 -47.0
1 5.18486 -54.5
2 2.27643 -60.0
1 5.19713 -54.5
0 5.03146 -47.0
2 2.24575 -59.5
1 5.16645 -54.5
0 5.05600 -47.0
2 2.31938 -59.5
0 5.04373 -47.0
1 5.20940 -54.5
2 2.21507 -59.5
0 5.03146 -47.0
1 5.19099 -55.0
2 2.24575 -59.5
0 5.04986 -47.0
1 5.17872 -54.5
2 2.30097 -59.5
0 5.03759 -47.0
1 5.22167 -54.5
2 2.24575 -59.5
0 5.06827 -47.0
1 5.19713 -54.5
2 2.20280 -60.0
0 5.03146 -47.0
2 2.34392 -59.5
1 5.17258 -54.5
0 5.02532 -47.0
1 5.19713 -54.5
2 2.20280 -60.0
0 5.05600 -47.0
1 5.21553 -54.5
2 2.24575 -59.5
2 2.45437 -59.5
0 5.06214 -47.0
1 5.20326 -54.5
0 5.02532 -47.0
1 5.21553 -54.5
2 2.20280 -60.0
0 5.03759 -47.0
1 5.14190 -54.5
2 2.21507 -59.5
0 5.04986 -47.0
1 5.17258 -54.5
2 2.13530 -59.5
0 5.04373 -47.0
1 5.17872 -54.5
2 2.26416 -60.0
2 2.18439 -60.0
0 5.03146 -47.0
1 5.16645 -54.5
1 5.17258 -54.5
0 5.04373 -47.0
2 2.17212 -59.5
1 5.17872 -54.5
0 5.01305 -47.0
2 2.28870 -59.5
1 5.18486 -55.0
0 5.04373 -46.5
2 2.23348 -60.0
2 2.22734 -60.0
0 5.01919 -47.0
1 5.16031 -54.5
0 5.04373 -47.0
1 5.17872 -54.5
2 2.17212 -59.5
2 2.28870 -60.0
0 5.01919 -47.0
1 5.14190 -54.5
1 5.20940 -54.5
0 5.03146 -47.0
2 2.28870 -59.5
1 5.19099 -54.5
0 5.06214 -47.0
2 2.27029 -59.5
2 2.24575 -60.0
0 5.03759 -47.0
1 5.14804 -54.5
0 5.03759 -47.0
1 5.16645 -54.5
2 2.23348 -59.5
0 5.02532 -47.0
1 5.16645 -54.5
2 2.28870 -59.5
0 5.04373 -47.0
1 5.13577 -54.5
2 2.22734 -59.5
2 2.31324 -59.5
0 5.03759 -47.0
1 5.21553 -54.5
1 5.16645 -54.5
0 5.03759 -47.0
2 2.20280 -59.5
1 5.15418 -54.5
0 5.03759 -46.5
2 2.20893 -59.5
0 5.02532 -47.5
1 5.19713 -54.5
2 2.25188 -59.5
1 5.20326 -54.5
0 5.04986 -47.0
2 2.28870 -59.5
1 5.19099 -54.5
0 5.02532 -47.0
2 2.21507 -59.5
1 5.16645 -54.5
0 5.02532 -47.0
2 2.26416 -59.5
1 5.16645 -54.5
0 5.03759 -47.0
2 2.27643 -59.5
2 2.28256 -60.0
0 5.04373 -47.0
1 5.15418 -54.5
2 2.25802 -59.5
0 5.04986 -47.0
1 5.16645 -55.0
0 5.04373 -47.0
1 5.16645 -54.5
2 2.23961 -59.5
0 5.03146 -47.0
1 5.17258 -54.5
2 2.25802 -59.5
1 5.15418 -54.5
0 5.03146 -47.0
2 2.23348 -60.0
1 5.14804 -54.5
0 5.04373 -47.0
2 2.19666 -59.5
0 5.05600 -47.0
1 5.19099 -54.5
2 2.19052 -59.5
0 5.04986 -47.0
1 5.17258 -54.5
2 2.17212 -60.0
0 5.03146 -47.5
1 5.17872 -54.5
2 2.27643 -59.5
1 5.16031 -54.5
0 5.03759 -47.0
2 2.21507 -60.0
0 5.03759 -47.0
1 5.17872 -54.5
2 2.23961 -59.5
1 5.14804 -54.5
0 5.01919 -47.0
2 2.17212 -59.5
0 5.03146 -47.0
1 5.18486 -54.5
2 2.25188 -60.0
2 2.23348 -60.0
0 5.03759 -47.0
1 5.14190 -54.5
0 5.03759 -47.0
1 5.19099 -54.5
2 2.22120 -60.0
0 5.03759 -47.0
1 5.12350 -54.5
2 2.15371 -59.5
2 2.18439 -60.0
0 5.05600 -47.0
1 5.14190 -54.5
0 5.01919 -47.0
2 2.22734 -59.5
1 5.20940 -54.5
0 5.02532 -47.0
1 5.17872 -54.5
2 2.22120 -59.5
0 5.05600 -47.0
1 5.13577 -54.5
2 2.20280 -59.5
1 5.19713 -54.5
0 5.02532 -47.0
2 2.19666 -59.5
0 5.03759 -47.0
1 5.18486 -54.5
2 2.26416 -59.5
2 2.26416 -59.0
0 5.04373 -47.0
1 5.19099 -54.5
0 5.03759 -47.0
1 5.21553 -54.5
2 2.31938 -59.5
2 2.23961 -59.5
0 5.01919 -47.0
1 5.16031 -54.5
0 5.03759 -47.0
1 5.16031 -54.5
2 2.25802 -60.0
0 5.04986 -47.0
1 5.16645 -55.0
2 2.20893 -59.5
0 5.04373 -47.0
1 5.17258 -54.5
2 2.20280 -59.5
0 5.03759 -47.0
1 5.20940 -54.5
2 2.28256 -60.0
0 5.04986 -47.5
2 2.20280 -59.5
1 5.16031 -54.5
0 5.01919 -47.0
1 5.18486 -54.5
2 2.25188 -59.5
1 5.16645 -54.5
0 5.04986 -47.0
2 2.23961 -59.5
0 5.03146 -47.5
1 5.20940 -54.5
2 2.20893 -60.0
0 5.01919 -47.0
1 5.12350 -54.5
2 2.33165 -60.0
0 5.04373 -47.0
1 5.16031 -54.5
2 2.25188 -59.5
0 5.06214 -47.0
1 5.20326 -54.5
2 2.25802 -60.0
0 5.08054 -47.0
1 5.17872 -54.5
2 2.24575 -60.0
0 5.04986 -47.0
