2 2.77344 -66.5
0 4.46082 -53.0
1 4.71239 -61.0
1 4.71239 -61.0
0 4.50377 -53.0
2 2.47891 -68.0
0 4.43627 -53.0
1 4.69398 -60.5
2 2.65685 -67.5
0 4.41786 -52.5
1 4.73693 -60.5
2 2.69367 -67.5
0 4.43014 -52.5
1 4.70012 -60.5
2 2.51573 -68.0
0 4.44854 -52.5
1 4.69398 -60.5
2 2.72435 -67.5
0 4.44241 -53.0
1 4.75534 -60.0
2 2.80412 -67.0
0 4.46695 -52.5
1 4.70625 -61.0
2 2.63845 -67.0
1 4.72466 -61.0
0 4.46082 -53.0
2 2.99433 -67.5
1 4.70012 -60.5
0 4.44854 -53.0
2 2.71208 -67.0
0 4.45468 -53.0
1 4.71239 -61.0
2 2.65685 -67.5
0 4.44854 -53.0
1 4.63262 -60.5
2 2.76117 -67.5
0 4.48536 -53.0
1 4.70625 -60.5
2 2.71821 -67.5
1 4.71239 -60.5
0 4.46082 -53.0
2 2.89616 -67.0
1 4.63876 -60.5
0 4.46082 -53.0
2 2.71208 -67.5
0 4.43627 -53.5
1 4.77375 -60.5
2 2.76117 -67.5
1 4.68171 -60.5
0 4.44241 -53.0
2 2.68140 -67.5
0 4.43627 -53.5
1 4.67557 -60.5
2 2.79798 -68.0
0 4.47309 -53.0
1 4.68171 -60.5
2 2.73662 -67.5
0 4.43014 -52.5
1 4.68171 -60.5
2 2.49732 -67.5
0 4.44241 -53.0
1 4.71852 -61.0
2 2.64458 -67.0
0 4.52218 -53.0
1 4.66330 -60.5
2 2.84093 -68.0
1 4.70625 -60.5
0 4.49763 -53.0
2 2.71821 -67.5
2 2.69367 -68.0
0 4.49150 -53.0
1 4.64489 -61.0
1 4.70625 -61.0
0 4.47922 -53.0
2 2.98206 -68.0
1 4.69398 -61.0
0 4.41786 -53.0
2 2.75503 -67.5
0 4.44854 -53.0
1 4.70012 -60.5
2 2.56482 -68.0
0 4.43627 -53.0
1 4.66944 -61.0
2 2.72435 -67.5
0 4.46082 -52.5
1 4.68171 -61.0
2 2.90843 -68.0
1 4.79216 -60.5
0 4.45468 -52.5
2 2.95138 -68.0
1 4.62649 -61.0
0 4.47309 -53.0
2 2.54027 -67.0
1 4.70012 -60.5
0 4.46695 -53.0
2 2.76117 -68.5
0 4.43627 -53.5
1 4.67557 -60.5
2 2.89616 -67.5
0 4.43627 -53.0
1 4.68171 -61.0
2 2.55868 -67.5
0 4.46082 -53.0
1 4.65717 -61.0
2 2.79798 -68.0
0 4.44241 -53.0
1 4.71239 -60.5
2 2.75503 -67.0
2 2.71208 -67.0
0 4.46695 -53.0
1 4.68171 -60.5
0 4.46695 -53.0
1 4.62035 -61.0
2 2.82866 -67.5
0 4.45468 -52.5
1 4.60808 -61.0
2 2.66299 -67.5
0 4.46695 -53.0
1 4.73693 -61.0
2 2.74276 -67.0
1 4.66944 -61.0
0 4.46695 -53.0
2 2.85320 -67.5
0 4.44241 -52.5
1 4.67557 -61.0
2 3.08023 -67.5
0 4.44854 -53.0
1 4.73080 -60.5
2 2.80412 -67.5
2 2.68753 -67.0
0 4.46082 -53.0
1 4.69398 -60.5
0 4.45468 -53.0
1 4.65103 -61.0
2 2.82252 -66.5
0 4.45468 -53.0
1 4.67557 -60.5
2 3.09251 -68.0
0 4.46082 -53.0
1 4.66330 -61.0
2 2.74276 -67.5
1 4.70012 -61.0
0 4.45468 -53.5
2 2.84707 -67.5
0 4.43014 -53.0
1 4.71239 -61.0
2 2.59550 -67.5
1 4.69398 -60.5
0 4.44854 -53.0
2 2.72435 -68.0
0 4.45468 -52.5
1 4.65717 -61.0
2 2.49118 -67.5
1 4.71852 -61.0
0 4.46695 -53.0
2 2.89002 -67.0
1 4.69398 -60.5
0 4.46695 -53.0
2 2.76730 -67.5
0 4.46082 -53.0
1 4.69398 -61.0
2 2.84707 -67.0
2 2.74889 -67.5
0 4.47309 -53.0
1 4.70625 -61.0
1 4.63876 -60.5
0 4.44854 -53.5
2 3.00047 -67.5
1 4.68785 -60.5
0 4.43014 -52.5
2 2.85934 -67.5
0 4.41173 -53.0
1 4.71239 -61.0
2 2.76117 -67.5
0 4.43627 -53.0
1 4.81056 -60.5
2 2.77344 -67.5
1 4.62649 -60.5
0 4.43627 -53.0
2 3.00660 -67.5
1 4.66330 -60.5
0 4.48536 -53.0
2 2.90843 -67.5
0 4.45468 -53.0
1 4.62649 -60.5
2 2.84093 -67.5
0 4.49763 -53.0
1 4.69398 -61.0
2 2.85934 -67.5
0 4.43627 -53.0
1 4.73693 -60.5
2 2.79185 -67.5
2 2.77957 -67.0
0 4.43627 -53.0
1 4.70625 -61.0
0 4.42400 -53.0
1 4.67557 -61.0
2 2.66913 -68.0
1 4.71239 -60.5
0 4.47922 -53.0
2 2.99433 -66.5
0 4.46695 -53.0
1 4.68785 -60.5
2 2.98206 -66.5
0 4.44854 -53.0
1 4.63262 -61.0
2 2.73662 -67.5
0 4.47309 -53.0
1 4.70012 -60.5
2 2.79185 -66.5
0 4.47309 -53.0
1 4.76148 -61.0
2 2.81639 -67.0
0 4.44854 -53.5
1 4.69398 -61.0
2 2.85934 -68.0
0 4.44241 -53.0
1 4.63876 -61.0
2 2.70594 -68.0
1 4.68785 -60.5
0 4.43627 -53.0
2 2.67526 -66.5
0 4.48536 -53.0
1 4.65103 -60.5
2 2.93911 -69.0
2 2.63231 -68.5
0 4.43014 -52.5
1 4.70625 -60.5
0 4.45468 -53.0
1 4.68785 -60.5
2 2.85320 -68.5
0 4.46082 -53.0
1 4.66330 -60.5
2 2.81639 -67.0
0 4.44854 -53.0
1 4.68171 -61.0
2 2.80412 -67.0
0 4.45468 -53.0
1 4.64489 -61.0
2 2.75503 -67.5
1 4.63876 -61.0
0 4.44241 -53.0
2 2.96365 -67.0
0 4.43627 -52.5
1 4.71852 -61.0
2 2.92070 -68.0
2 2.76730 -67.5
0 4.43627 -53.5
1 4.67557 -60.5
1 4.70625 -61.0
0 4.45468 -53.0
2 2.74276 -67.5
0 4.47309 -53.0
1 4.66330 -61.0
2 2.66299 -67.5
1 4.71239 -60.5
0 4.47309 -53.0
2 2.80412 -67.5
0 4.46695 -53.0
1 4.66330 -61.0
2 2.79798 -67.5
1 4.67557 -61.0
0 4.45468 -53.0
2 2.67526 -67.0
0 4.40559 -53.0
1 4.71239 -60.5
2 3.02501 -67.5
2 2.64458 -67.0
0 4.43014 -52.5
1 4.63262 -61.0
0 4.46695 -53.0
1 4.66944 -61.0
2 2.81025 -68.0
0 4.43627 -52.5
1 4.70625 -60.5
2 2.71208 -67.5
0 4.46695 -53.0
1 4.66944 -61.0
2 2.66913 -68.0
2 2.78571 -67.0
0 4.46695 -53.0
1 4.70012 -60.5
0 4.42400 -53.0
1 4.65717 -61.0
2 2.77344 -68.0
0 4.46082 -52.5
1 4.70625 -61.0
2 2.77957 -67.5
0 4.42400 -53.0
1 4.66944 -61.0
2 2.81639 -68.0
0 4.48536 -53.5
1 4.62035 -61.0
2 2.83480 -67.0
1 4.75534 -60.5
0 4.42400 -53.0
2 2.78571 -67.5
0 4.38719 -53.5
1 4.71239 -60.5
0 4.47922 -53.0
1 4.62035 -60.5
2 2.63231 -68.0
0 4.43627 -52.5
1 4.69398 -60.5
2 3.00047 -68.0
1 4.67557 -60.5
0 4.41786 -53.0
2 2.87775 -68.0
1 4.70012 -61.0
0 4.46082 -53.0
2 2.76117 -67.0
2 2.93297 -67.5
1 4.68785 -60.5
0 4.43627 -53.0
1 4.65103 -60.5
0 4.44241 -53.0
2 2.66913 -67.5
0 4.46082 -52.5
1 4.66330 -60.5
2 2.74889 -66.5
0 4.44854 -53.0
1 4.73080 -60.5
2 2.93297 -67.5
0 4.46082 -53.0
1 4.71852 -60.5
2 2.87775 -67.5
0 4.43627 -52.5
1 4.65717 -61.0
2 2.74276 -67.0
0 4.43627 -53.0
1 4.62649 -60.5
2 2.65072 -67.5
0 4.46082 -53.0
1 4.70625 -60.5
2 2.66913 -67.0
0 4.46695 -53.0
1 4.68785 -61.0
2 2.90843 -67.5
2 2.82866 -67.5
0 4.42400 -53.0
1 4.57740 -61.0
0 4.46082 -53.0
1 4.63262 -61.0
2 2.76117 -68.0
0 4.46082 -53.0
1 4.66944 -60.5
2 2.63845 -67.0
0 4.42400 -53.0
1 4.71239 -60.5
2 2.76730 -67.0
1 4.68171 -61.0
0 4.46695 -52.5
2 2.80412 -67.5
0 4.41173 -53.0
1 4.70012 -61.0
2 3.03115 -67.5
1 4.66330 -60.5
0 4.43627 -53.0
2 2.54641 -68.0
0 4.44854 -53.0
1 4.66944 -61.0
2 2.92684 -67.0
1 4.61421 -60.5
0 4.41786 -53.0
2 2.87775 -66.5
0 4.46695 -53.5
1 4.68785 -61.0
2 2.73049 -67.5
0 4.44241 -52.5
1 4.65103 -60.5
2 2.78571 -67.0
1 4.67557 -61.0
0 4.46082 -53.0
2 2.97592 -67.0
0 4.47309 -52.5
1 4.70625 -60.5
2 2.74889 -67.5
0 4.40559 -53.5
1 4.66330 -61.0
2 2.61390 -67.5
0 4.44854 -52.5
1 4.71239 -61.0
2 2.83480 -67.5
0 4.43627 -53.0
1 4.71852 -61.0
2 2.77344 -66.5
0 4.43627 -52.5
1 4.66944 -61.0
2 2.94524 -67.5
0 4.41786 -53.0
1 4.69398 -60.5
2 2.60163 -67.0
2 2.66299 -68.0
0 4.47922 -53.0
1 4.66944 -61.0
0 4.46082 -52.5
1 4.72466 -61.0
2 2.66913 -67.5
0 4.43014 -53.0
1 4.66330 -61.0
2 2.87775 -68.0
0 4.44241 -53.0
1 4.70625 -60.5
2 2.98819 -68.0
0 4.46082 -53.0
1 4.65717 -61.0
2 2.74889 -66.5
1 4.68171 -60.5
0 4.44854 -53.0
2 2.87161 -66.5
1 4.57126 -61.0
0 4.47309 -53.0
2 2.76730 -67.0
2 2.90843 -67.5
1 4.71239 -60.5
0 4.43627 -53.0
1 4.73080 -60.5
0 4.45468 -53.0
2 2.87161 -67.5
0 4.46695 -53.0
1 4.63876 -61.0
2 2.92070 -66.5
1 4.68785 -60.5
0 4.46082 -53.0
2 3.03115 -67.0
1 4.74920 -60.5
0 4.50990 -53.0
2 2.93911 -67.0
0 4.42400 -53.0
1 4.71239 -61.0
2 2.92684 -67.5
1 4.64489 -60.5
0 4.43627 -53.0
2 2.75503 -67.5
0 4.43627 -53.0
1 4.70012 -60.5
2 2.62004 -67.5
1 4.69398 -61.0
0 4.45468 -53.0
2 2.84093 -67.5
0 4.42400 -53.0
1 4.66944 -60.5
2 2.68753 -67.0
2 2.69367 -68.0
0 4.41786 -53.0
1 4.68171 -61.0
0 4.43014 -53.0
1 4.64489 -61.0
2 2.98206 -67.5
0 4.44241 -52.5
1 4.66330 -61.0
2 2.98206 -67.0
0 4.43627 -53.0
1 4.70625 -60.5
2 2.81639 -68.0
1 4.68785 -60.5
0 4.41786 -53.0
2 2.85934 -67.5
0 4.41786 -53.0
