1 5.07441 -47.5
1 5.05600 -47.5
1 5.04986 -47.5
1 5.04986 -47.5
1 5.02532 -47.5
1 5.05600 -47.5
1 5.10509 -47.5
1 5.07441 -47.5
1 5.03146 -47.5
1 5.04986 -47.5
1 5.03759 -47.5
1 5.06214 -47.5
1 5.04986 -47.5
1 5.05600 -47.5
1 5.04373 -47.5
1 5.07441 -47.5
1 5.04986 -47.5
1 5.04373 -47.5
1 5.06214 -47.5
1 5.09282 -47.5
1 5.07441 -47.5
1 5.04986 -47.5
1 5.03759 -47.5
1 5.04986 -47.5
1 5.04986 -47.5
1 5.06214 -47.5
1 5.08054 -47.5
1 5.06214 -47.5
1 5.07441 -47.5
1 5.04373 -47.5
1 5.06214 -47.5
1 5.04986 -47.5
1 5.06827 -47.5
1 5.04373 -47.5
1 5.06214 -47.5
1 5.07441 -47.5
1 5.08054 -47.5
1 5.08668 -47.5
1 5.06214 -47.5
1 5.06214 -47.5
1 5.06214 -47.5
1 5.04373 -47.5
1 5.06214 -47.5
1 5.02532 -47.5
1 5.04986 -47.5
1 5.05600 -47.5
1 5.05600 -47.5
1 5.05600 -47.5
1 5.05600 -47.5
1 5.05600 -47.5
1 5.05600 -47.5
1 5.06827 -47.5
1 5.03146 -47.5
1 5.08668 -47.5
1 5.03759 -47.5
1 5.03759 -47.5
1 5.03759 -47.5
1 5.07441 -47.5
1 5.05600 -47.5
1 5.08668 -47.5
1 5.05600 -47.5
1 5.06827 -47.5
1 5.03759 -47.5
1 5.06827 -47.5
1 5.06214 -47.5
1 5.08054 -47.5
1 5.05600 -47.5
1 5.06827 -47.5
1 5.06214 -47.5
1 5.08054 -47.5
1 5.06214 -47.5
1 5.06827 -47.5
1 5.06214 -47.5
1 5.06827 -47.5
1 5.06827 -47.5
1 5.04373 -47.5
1 5.04986 -47.5
1 5.08668 -47.5
1 5.06214 -47.5
1 5.05600 -47.5
1 5.05600 -47.5
1 5.06827 -47.5
1 5.06827 -47.5
1 5.06214 -47.5
1 5.05600 -47.5
1 5.07441 -47.5
1 5.07441 -47.5
1 5.05600 -47.5
1 5.06827 -47.5
1 5.06214 -47.5
1 5.06214 -47.5
1 5.04986 -47.5
1 5.06827 -47.5
1 5.06214 -47.5
1 5.06214 -47.0
1 5.07441 -47.5
1 5.08668 -47.5
1 5.05600 -47.5
1 5.04986 -47.5
1 5.08054 -47.5
1 5.06214 -47.5
1 5.05600 -47.5
1 5.04986 -47.5
1 5.07441 -47.5
1 5.04986 -47.5
1 5.03759 -47.5
1 5.06214 -47.5
1 5.06214 -47.5
1 5.08054 -47.5
1 5.08054 -47.5
1 5.06827 -47.5
1 5.05600 -47.5
1 5.06214 -47.5
1 5.06827 -47.5
1 5.04373 -47.5
1 5.05600 -47.5
1 5.04986 -47.5
1 5.04373 -47.5
1 5.06214 -47.5
1 5.07441 -47.5
1 5.08668 -47.5
1 5.06827 -47.5
1 5.07441 -47.5
1 5.05600 -47.5
1 5.04986 -47.5
1 5.06214 -47.5
1 5.05600 -47.5
1 5.06214 -47.5
1 5.07441 -47.5
1 5.06214 -47.5
1 5.05600 -47.5
1 5.04986 -47.5
1 5.06214 -47.5
1 5.06827 -47.5
1 5.06214 -47.5
1 5.06214 -47.5
1 5.05600 -47.5
1 5.04373 -47.5
1 5.05600 -47.5
1 5.06827 -47.5
1 5.04986 -47.5
1 5.06214 -47.5
1 5.05600 -47.5
1 5.06214 -47.5
1 5.05600 -47.5
1 5.06214 -47.5
1 5.06214 -47.5
1 5.05600 -47.5
1 5.04373 -47.5
1 5.05600 -47.5
1 5.07441 -47.5
1 5.06827 -47.5
1 5.03759 -47.5
1 5.05600 -47.5
1 5.05600 -47.5
1 5.04373 -47.5
1 5.04986 -47.5
1 5.04986 -47.5
1 5.06214 -47.5
1 5.05600 -47.5
1 5.06214 -47.5
1 5.04373 -47.5
1 5.05600 -47.5
1 5.06214 -47.5
1 5.04373 -47.5
1 5.05600 -47.5
1 5.04986 -47.5
1 5.06214 -47.5
1 5.04986 -47.5
1 5.03146 -47.5
1 5.06214 -47.5
1 5.07441 -47.5
1 5.06827 -47.5
1 5.04373 -47.5
1 5.06827 -47.5
1 5.07441 -47.5
1 5.05600 -47.5
1 5.04373 -47.5
1 5.04373 -47.5
1 5.06214 -47.5
1 5.05600 -47.5
1 5.05600 -47.5
1 5.04986 -47.5
1 5.05600 -47.0
1 5.06827 -47.5
1 5.05600 -47.5
1 5.04986 -47.5
1 5.06827 -47.5
1 5.08054 -47.5
1 5.06214 -47.5
1 5.06827 -47.5
1 5.06827 -47.5
1 5.06827 -47.5
1 5.04373 -47.5
1 5.07441 -47.5
1 5.06827 -47.5
1 5.06214 -47.5
1 5.06214 -47.0
1 5.08054 -47.5
1 5.05600 -47.5
1 5.04986 -47.5
1 5.06214 -47.5
1 5.06827 -47.5
1 5.03146 -47.5
1 5.05600 -47.5
1 5.06214 -47.5
1 5.06214 -47.5
1 5.06214 -47.5
1 5.06214 -47.5
1 5.05600 -47.5
1 5.05600 -47.5
1 5.04986 -47.5
1 5.05600 -47.5
1 5.04986 -47.5
1 5.02532 -47.5
1 5.03146 -47.5
1 5.03146 -47.5
1 5.03759 -47.5
1 5.03759 -47.5
1 5.04373 -47.5
1 5.04373 -47.5
1 5.06827 -47.5
1 5.03759 -47.5
1 5.03146 -47.5
1 5.04373 -47.5
1 5.03759 -47.5
1 5.04373 -47.5
1 5.04373 -47.5
1 5.03759 -47.5
1 5.03759 -47.5
1 5.04373 -47.5
1 5.03146 -47.5
1 5.04986 -47.5
1 5.04986 -47.5
1 5.04373 -47.5
1 5.04986 -47.5
1 5.03146 -47.5
1 5.03146 -47.5
1 5.03759 -47.5
1 5.03759 -47.5
1 5.03146 -47.5
1 5.04373 -47.5
1 5.05600 -47.5
1 5.05600 -47.5
1 5.04986 -47.5
1 5.04373 -47.5
1 5.04986 -47.5
1 5.05600 -47.5
1 5.06214 -47.5
1 5.00691 -47.5
1 5.03146 -47.5
1 5.06214 -47.5
1 5.04373 -47.5
1 5.05600 -47.5
1 5.04986 -47.5
1 5.05600 -47.5
1 5.03759 -47.5
1 5.04986 -47.5
1 5.03759 -47.5
1 5.06214 -47.5
1 5.02532 -47.5
1 5.04986 -47.5
1 5.04373 -47.5
1 5.04373 -47.5
1 5.04986 -47.5
1 5.03146 -47.5
1 5.04373 -47.5
1 5.03759 -47.5
1 5.03146 -47.5
1 5.04373 -47.5
1 5.04373 -47.5
1 5.03759 -47.5
1 5.03759 -47.5
1 5.06214 -47.5
1 5.04373 -47.5
1 5.03146 -47.5
1 5.06827 -47.5
1 5.03759 -47.5
1 5.02532 -47.5
1 5.03146 -47.5
1 5.03759 -47.5
1 5.04986 -47.5
1 5.03759 -47.5
1 5.03146 -47.5
1 5.03759 -47.5
1 5.04373 -47.5
1 5.03146 -47.5
1 5.04986 -47.5
1 5.04373 -47.5
1 5.02532 -47.5
1 5.03759 -47.5
1 5.03146 -47.5
1 5.03146 -47.5
1 5.05600 -47.5
1 5.05600 -47.5
1 5.01919 -47.5
1 5.03759 -47.5
1 5.03146 -47.5
1 5.06214 -47.5
1 5.04373 -47.5
1 5.04373 -47.5
1 5.03146 -47.5
1 5.03759 -47.5
1 5.04373 -47.5
1 5.04986 -47.5
1 5.04986 -47.5
1 5.05600 -47.5
1 5.03759 -47.5
1 5.04373 -47.5
1 5.04373 -47.5
1 5.03146 -47.5
1 5.03146 -47.5
1 5.06214 -47.5
1 5.03759 -47.5
1 5.03759 -47.5
1 5.03146 -47.5
1 5.05600 -47.5
1 5.04986 -47.5
1 5.06214 -47.5
1 5.02532 -47.5
1 5.04373 -47.5
1 5.04986 -47.5
1 5.04373 -47.5
1 5.05600 -47.5
1 5.02532 -47.5
1 5.04986 -47.5
1 5.04373 -47.5
1 5.03759 -47.5
1 5.03759 -47.5
1 5.03146 -47.5
1 5.03759 -47.5
1 5.02532 -47.5
1 5.04373 -47.5
1 5.02532 -47.5
1 5.04986 -47.5
1 5.03759 -47.5
1 5.06214 -47.5
1 5.04373 -47.5
1 5.02532 -47.5
1 5.03759 -47.5
1 5.03146 -47.5
1 5.04373 -47.5
1 5.04373 -47.5
1 5.04986 -47.5
1 5.03759 -47.5
1 5.04986 -47.5
1 5.04373 -47.5
1 5.06214 -47.5
1 5.01305 -47.5
1 5.01919 -47.5
1 5.04373 -47.5
1 5.05600 -47.5
1 5.04373 -47.5
1 5.04986 -47.5
1 5.04373 -47.5
1 5.04373 -47.5
1 5.04373 -47.5
1 5.04373 -47.5
1 5.03146 -47.5
1 5.04373 -47.5
1 5.04373 -47.5
1 5.03759 -47.5
1 5.05600 -47.5
1 5.02532 -47.5
1 5.04373 -47.5
1 5.03759 -47.5
1 5.04373 -47.5
1 5.03759 -47.5
1 5.04986 -47.5
1 5.04373 -47.5
1 5.04986 -47.5
1 5.03146 -47.5
1 5.03146 -47.5
1 5.03759 -47.5
1 5.02532 -47.5
1 5.04986 -47.5
1 5.04986 -47.5
1 5.03146 -47.5
1 5.04986 -47.5
1 5.03146 -47.5
1 5.03146 -47.5
1 5.04373 -47.5
1 5.02532 -47.5
1 5.03759 -47.5
1 5.04373 -47.5
1 5.05600 -47.5
1 5.03759 -47.5
1 5.04373 -47.5
1 5.03759 -47.5
1 5.04373 -47.5
1 5.03759 -47.5
1 5.05600 -47.5
1 5.03759 -47.5
1 5.05600 -47.5
1 5.01919 -47.5
1 5.03759 -47.5
1 5.04986 -47.5
1 5.03146 -47.5
1 5.03759 -47.5
1 5.04986 -47.5
1 5.03759 -47.5
1 5.03759 -47.5
1 5.03146 -47.5
1 5.04986 -47.5
1 5.03146 -47.5
1 5.02532 -47.5
1 5.06214 -47.5
1 5.04986 -47.5
1 5.06827 -47.5
1 5.03759 -47.5
1 5.04373 -47.5
1 5.06827 -47.5
1 5.06214 -47.5
1 5.08668 -47.5
1 5.06827 -47.5
1 5.08054 -47.5
1 5.06827 -47.5
1 5.06214 -47.5
1 5.06214 -47.5
1 5.05600 -47.5
1 5.07441 -47.5
1 5.05600 -47.5
1 5.06214 -47.5
1 5.06827 -47.5
1 5.06214 -47.5
1 5.08054 -47.5
1 5.05600 -47.5
1 5.02532 -47.5
1 5.03146 -47.5
1 5.06214 -47.5
1 5.06827 -47.5
1 5.05600 -47.5
1 5.03146 -47.5
1 5.08668 -47.5
1 5.06214 -47.5
1 5.08054 -47.5
1 5.06214 -47.5
1 5.08668 -47.5
1 5.05600 -47.5
1 5.07441 -47.5
1 5.06214 -47.5
1 5.04373 -47.5
1 5.06214 -47.5
1 5.06214 -47.5
1 5.04373 -47.5
1 5.05600 -47.5
1 5.05600 -47.5
1 5.06827 -47.5
1 5.04986 -47.5
1 5.04986 -47.5
1 5.03759 -47.5
1 5.07441 -47.5
1 5.06827 -47.5
1 5.07441 -47.5
1 5.06214 -47.5
1 5.06827 -47.5
1 5.05600 -47.5
1 5.05600 -47.5
1 5.08054 -47.5
1 5.06214 -47.5
1 5.06827 -47.5
1 5.07441 -47.5
1 5.06827 -47.5
1 5.06214 -47.5
1 5.06214 -47.5
1 5.05600 -47.5
1 5.06214 -47.5
1 5.06214 -47.5
1 5.06827 -47.5
1 5.06214 -47.5
1 5.06214 -47.5
1 5.06214 -47.5
1 5.06214 -47.5
1 5.06214 -47.5
1 5.05600 -47.5
1 5.10509 -47.5
1 5.07441 -47.5
1 5.04373 -47.5
1 5.03146 -47.5
1 5.05600 -47.5
1 5.06827 -47.5
1 5.04373 -47.5
1 5.04373 -47.5
1 5.06827 -47.5
1 5.08054 -47.5
1 5.04986 -47.5
1 5.04373 -47.5
1 5.06214 -47.5
1 5.07441 -47.5
1 5.05600 -47.5
1 5.06827 -47.5
1 5.06827 -47.5
1 5.04986 -47.5
1 5.06214 -47.5
1 5.08054 -47.5
1 5.05600 -47.5
1 5.04373 -47.5
1 5.06214 -47.5
1 5.06214 -47.5
1 5.09282 -47.5
1 5.06827 -47.5
1 5.04986 -47.5
1 5.06214 -47.5
1 5.06827 -47.5
1 5.07441 -47.5
1 5.06827 -47.5
1 5.05600 -47.5
1 5.05600 -47.5
1 5.05600 -47.5
1 5.08668 -47.5
1 5.06214 -47.5
1 5.06827 -47.5
1 5.06214 -47.5
1 5.06214 -47.5
1 5.06214 -47.5
1 5.06827 -47.5
1 5.09282 -47.5
1 5.06827 -47.5
1 5.06214 -47.5
1 5.08054 -47.5
1 5.01919 -47.5
1 5.06214 -47.5
1 5.03759 -47.5
1 5.06827 -47.5
1 5.04373 -47.5
1 5.06214 -47.5
1 5.09282 -47.5
1 5.06827 -47.5
1 5.06827 -47.5
1 5.06214 -47.5
