1 5.45484 -47.5
1 5.42416 -48.0
1 5.41802 -48.0
1 5.46097 -48.0
1 5.45484 -47.5
1 5.46097 -47.5
1 5.46711 -48.0
1 5.45484 -47.5
1 5.43643 -47.5
1 5.47324 -47.5
1 5.45484 -48.0
1 5.45484 -48.0
1 5.43643 -48.0
1 5.46097 -47.5
1 5.44256 -48.0
1 5.44870 -48.0
1 5.44256 -47.5
1 5.43029 -47.5
1 5.46711 -48.0
1 5.46097 -47.5
1 5.44870 -48.0
1 5.44870 -47.5
1 5.44870 -47.5
1 5.45484 -48.0
1 5.43643 -48.0
1 5.43029 -47.5
1 5.45484 -48.0
1 5.46711 -47.5
1 5.45484 -48.0
1 5.47324 -48.0
1 5.43643 -48.0
1 5.47324 -48.0
1 5.44870 -48.0
1 5.51006 -48.0
1 5.47324 -48.0
1 5.43029 -47.5
1 5.47938 -48.0
1 5.44256 -47.5
1 5.48552 -48.0
1 5.45484 -48.0
1 5.44870 -48.0
1 5.44256 -48.0
1 5.41802 -47.5
1 5.45484 -48.0
1 5.44870 -48.0
1 5.44870 -47.5
1 5.46711 -48.0
1 5.44870 -48.0
1 5.47324 -47.5
1 5.44256 -48.0
1 5.44870 -47.5
1 5.45484 -48.0
1 5.44256 -48.0
1 5.47324 -47.5
1 5.44870 -48.0
1 5.49779 -48.0
1 5.45484 -48.0
1 5.46711 -47.5
1 5.46711 -48.0
1 5.46711 -48.0
1 5.46097 -47.5
1 5.44870 -48.0
1 5.46097 -48.0
1 5.44870 -48.0
1 5.45484 -48.0
1 5.45484 -48.0
1 5.44256 -48.0
1 5.45484 -48.0
1 5.43643 -48.0
1 5.44870 -48.0
1 5.46097 -48.0
1 5.46711 -48.0
1 5.46097 -47.5
1 5.46711 -48.0
1 5.47324 -47.5
1 5.45484 -47.5
1 5.46711 -48.0
1 5.45484 -47.5
1 5.44256 -48.0
1 5.46097 -48.0
1 5.45484 -48.0
1 5.44870 -47.5
1 5.46097 -48.0
1 5.46711 -47.5
1 5.44256 -48.0
1 5.44870 -48.0
1 5.46097 -48.0
1 5.46097 -48.0
1 5.46097 -48.0
1 5.46711 -48.0
1 5.45484 -47.5
1 5.47324 -47.5
1 5.44870 -48.0
1 5.46711 -48.0
1 5.42416 -48.0
1 5.46097 -48.0
1 5.45484 -48.0
1 5.46097 -48.0
1 5.46711 -47.5
1 5.44870 -48.0
1 5.46097 -47.5
1 5.45484 -47.5
1 5.47938 -48.0
1 5.47324 -48.0
1 5.47938 -48.0
1 5.46097 -48.0
1 5.44870 -48.0
1 5.46097 -48.0
1 5.47324 -48.0
1 5.45484 -48.0
1 5.44256 -48.0
1 5.43643 -48.0
1 5.46711 -48.0
1 5.46097 -48.0
1 5.47324 -48.0
1 5.48552 -48.0
1 5.49779 -48.0
1 5.44256 -47.5
1 5.46711 -48.0
1 5.47938 -48.0
1 5.46097 -48.0
1 5.46711 -48.0
1 5.47938 -47.5
1 5.45484 -48.0
1 5.46097 -48.0
1 5.46097 -48.0
1 5.44870 -48.0
1 5.45484 -48.0
1 5.48552 -47.5
1 5.45484 -48.0
1 5.46097 -48.0
1 5.47324 -48.0
1 5.47324 -48.0
1 5.45484 -48.0
1 5.44256 -48.0
1 5.45484 -48.0
1 5.46097 -48.0
1 5.43643 -48.0
1 5.47324 -48.0
1 5.47324 -48.0
1 5.46711 -48.0
1 5.46711 -48.0
1 5.47938 -48.0
1 5.46711 -48.0
1 5.45484 -48.0
1 5.46711 -48.0
1 5.44870 -48.0
1 5.49165 -47.5
1 5.48552 -48.0
1 5.47324 -47.5
1 5.46711 -48.0
1 5.45484 -48.0
1 5.46097 -48.0
1 5.46711 -48.0
1 5.45484 -48.0
1 5.44870 -48.0
1 5.46097 -47.5
1 5.46097 -47.5
1 5.46711 -48.0
1 5.44256 -47.5
1 5.48552 -48.0
1 5.48552 -48.0
1 5.47938 -48.0
1 5.45484 -48.0
1 5.47938 -48.0
1 5.44870 -47.5
1 5.45484 -48.0
1 5.45484 -48.0
1 5.46711 -48.0
1 5.47938 -48.0
1 5.43029 -48.0
1 5.45484 -48.0
1 5.44256 -48.0
1 5.46711 -48.0
1 5.48552 -48.0
1 5.45484 -48.0
1 5.47324 -48.0
1 5.47938 -48.0
1 5.45484 -48.0
1 5.43643 -48.0
1 5.45484 -48.0
1 5.46711 -48.0
1 5.44870 -48.0
1 5.47324 -48.0
1 5.46097 -48.0
1 5.47324 -48.0
1 5.47324 -48.0
1 5.44256 -48.0
1 5.46097 -48.0
1 5.47938 -47.5
1 5.46097 -48.0
1 5.49779 -48.0
1 5.46711 -48.0
1 5.46097 -48.0
1 5.46711 -48.0
1 5.43643 -47.5
1 5.44256 -48.0
1 5.44256 -47.5
1 5.45484 -48.0
1 5.46097 -48.0
1 5.45484 -48.0
1 5.47324 -48.0
1 5.45484 -48.0
1 5.46097 -48.0
1 5.49165 -48.0
1 5.48552 -48.0
1 5.47324 -48.0
1 5.44256 -48.0
1 5.46711 -48.0
1 5.47938 -48.0
1 5.49165 -48.0
1 5.47938 -48.0
1 5.49779 -48.0
1 5.48552 -48.0
1 5.48552 -48.0
1 5.46097 -48.0
1 5.46097 -48.0
1 5.47938 -48.0
1 5.45484 -48.0
1 5.45484 -48.0
1 5.46097 -48.0
1 5.46097 -48.0
1 5.49779 -48.0
1 5.46711 -48.0
1 5.47324 -48.0
1 5.47324 -48.0
1 5.47938 -48.0
1 5.47324 -48.0
1 5.47324 -48.0
1 5.45484 -48.0
1 5.45484 -48.0
1 5.49779 -48.0
1 5.46097 -48.0
1 5.44870 -48.0
1 5.48552 -48.0
1 5.47324 -48.0
1 5.44870 -48.0
1 5.49165 -48.0
1 5.50392 -48.0
1 5.49779 -48.0
1 5.47324 -48.0
1 5.47324 -48.0
1 5.44256 -48.0
1 5.46097 -48.0
1 5.47324 -48.0
1 5.46711 -48.0
1 5.48552 -48.0
1 5.45484 -48.0
1 5.46711 -48.0
1 5.46097 -48.0
1 5.48552 -48.0
1 5.49779 -48.0
1 5.44870 -48.0
1 5.47324 -48.0
1 5.45484 -48.0
1 5.46711 -48.0
1 5.46097 -48.0
1 5.47324 -48.0
1 5.46097 -48.0
1 5.45484 -48.0
1 5.47324 -48.0
1 5.46711 -48.0
1 5.44256 -48.0
1 5.44870 -48.0
1 5.46097 -48.0
1 5.48552 -48.0
1 5.44256 -48.0
1 5.46097 -48.0
1 5.44870 -48.0
1 5.43029 -48.0
1 5.46711 -48.0
1 5.46097 -48.0
1 5.44256 -48.0
1 5.48552 -48.0
1 5.48552 -48.0
1 5.47324 -48.0
1 5.47324 -48.0
1 5.44870 -48.0
1 5.46097 -48.0
1 5.47324 -48.0
1 5.46097 -48.0
1 5.47938 -48.0
1 5.46711 -48.0
1 5.49779 -48.0
1 5.47938 -48.0
1 5.50392 -48.0
1 5.46097 -48.0
1 5.46711 -48.0
1 5.49165 -48.0
1 5.47938 -48.0
1 5.49165 -48.0
1 5.47324 -48.0
1 5.48552 -48.0
1 5.47938 -48.0
1 5.45484 -48.0
1 5.44870 -48.0
1 5.47938 -48.0
1 5.47938 -48.0
1 5.46711 -48.0
1 5.49779 -48.0
1 5.45484 -48.0
1 5.48552 -48.0
1 5.46097 -48.0
1 5.50392 -48.0
1 5.44870 -48.0
1 5.49779 -48.0
1 5.43029 -48.0
1 5.47938 -48.0
1 5.47938 -48.0
1 5.43643 -48.0
1 5.44870 -48.0
1 5.44870 -48.0
1 5.46711 -48.0
1 5.44870 -48.0
1 5.47938 -48.0
1 5.49165 -48.0
1 5.46711 -48.0
1 5.45484 -48.0
1 5.50392 -48.0
1 5.46097 -48.0
1 5.46711 -48.0
1 5.47324 -48.0
1 5.46711 -48.0
1 5.46711 -48.0
1 5.45484 -48.0
1 5.44256 -48.0
1 5.47324 -48.0
1 5.47324 -48.0
1 5.45484 -48.0
1 5.46711 -48.0
1 5.48552 -48.0
1 5.46711 -48.0
1 5.47324 -48.0
1 5.48552 -48.0
1 5.44870 -48.0
1 5.49779 -48.0
1 5.46097 -48.0
1 5.47324 -48.0
1 5.46711 -48.0
1 5.49165 -48.0
1 5.45484 -48.0
1 5.48552 -48.0
1 5.47324 -48.0
1 5.47324 -48.0
1 5.47938 -48.0
1 5.46097 -48.0
1 5.47938 -48.0
1 5.47324 -48.0
1 5.48552 -48.0
1 5.46711 -48.0
1 5.48552 -48.0
1 5.50392 -48.0
1 5.47938 -48.0
1 5.44256 -48.0
1 5.49165 -48.0
1 5.45484 -48.0
1 5.47324 -48.0
1 5.49165 -48.0
1 5.47324 -48.0
1 5.48552 -48.0
1 5.47938 -48.0
1 5.44870 -48.0
1 5.45484 -48.0
1 5.47938 -48.0
1 5.46097 -48.0
1 5.51006 -48.0
1 5.45484 -48.0
1 5.47938 -48.0
1 5.47324 -48.0
1 5.48552 -48.0
1 5.45484 -48.0
1 5.48552 -48.0
1 5.47938 -48.0
1 5.49165 -48.0
1 5.49165 -48.0
1 5.47324 -48.0
1 5.46711 -48.0
1 5.46711 -48.0
1 5.49165 -48.0
1 5.49779 -48.0
1 5.48552 -48.0
1 5.44256 -48.0
1 5.47938 -48.0
1 5.49779 -48.0
1 5.47938 -48.0
1 5.48552 -48.0
1 5.47938 -48.0
1 5.46711 -48.0
1 5.44870 -48.0
1 5.48552 -48.0
1 5.49165 -48.0
1 5.46711 -48.0
1 5.46711 -48.0
1 5.49165 -48.0
1 5.49165 -48.0
1 5.48552 -48.0
1 5.47324 -48.0
1 5.47324 -48.0
1 5.45484 -48.0
1 5.46097 -48.0
1 5.45484 -48.0
1 5.49779 -48.0
1 5.47324 -48.0
1 5.46711 -48.0
1 5.47938 -48.0
1 5.46711 -48.0
1 5.45484 -48.0
1 5.46711 -48.0
1 5.47938 -48.0
1 5.49779 -48.0
1 5.47324 -48.0
1 5.47938 -48.0
1 5.50392 -48.0
1 5.48552 -48.0
1 5.47324 -48.0
1 5.46097 -48.0
1 5.46711 -48.0
1 5.46711 -48.0
1 5.46711 -48.0
1 5.47938 -48.0
1 5.44870 -48.0
1 5.45484 -48.0
1 5.43643 -48.0
1 5.47324 -48.0
1 5.49779 -48.0
1 5.44256 -48.0
1 5.46097 -48.0
1 5.49165 -48.0
1 5.45484 -48.0
1 5.44870 -48.0
1 5.47938 -48.0
1 5.44256 -48.0
1 5.46711 -48.0
1 5.49165 -48.0
1 5.46711 -48.0
1 5.46711 -48.0
1 5.46097 -48.0
1 5.46097 -48.0
1 5.44256 -48.0
1 5.45484 -48.0
1 5.46711 -48.0
1 5.46711 -48.0
1 5.46097 -48.0
1 5.45484 -48.0
1 5.49779 -48.0
1 5.47938 -48.0
1 5.46097 -48.0
1 5.44870 -48.0
1 5.46097 -48.0
1 5.47324 -48.0
1 5.46097 -48.0
1 5.46097 -48.0
1 5.48552 -48.0
1 5.46097 -48.0
1 5.46097 -48.0
1 5.47938 -48.0
1 5.47324 -48.0
1 5.46097 -48.0
1 5.46097 -48.0
1 5.44256 -48.0
1 5.46097 -48.0
1 5.47324 -48.0
1 5.47324 -48.0
1 5.47324 -48.0
1 5.48552 -48.0
1 5.46097 -48.0
1 5.46097 -48.0
1 5.47938 -48.0
1 5.51006 -48.0
1 5.44870 -48.0
1 5.45484 -48.0
1 5.43643 -48.0
1 5.44870 -48.0
1 5.44256 -48.0
1 5.46097 -48.0
1 5.47938 -48.0
1 5.47938 -48.0
1 5.44256 -48.0
1 5.47324 -48.0
1 5.47938 -48.0
1 5.46097 -48.0
1 5.45484 -48.0
1 5.47938 -48.0
1 5.44870 -48.0
1 5.44870 -48.0
1 5.46711 -48.0
1 5.48552 -48.0
1 5.48552 -48.0
1 5.49165 -48.0
1 5.46097 -48.0
1 5.46097 -47.5
1 5.46711 -48.0
1 5.44256 -48.0
1 5.48552 -48.0
1 5.46097 -48.0
1 5.44256 -48.0
1 5.48552 -48.0
1 5.46711 -48.0
1 5.44870 -48.0
1 5.46097 -48.0
1 5.44256 -48.0
1 5.44256 -48.0
1 5.48552 -48.0
1 5.45484 -48.0
1 5.45484 -48.0
1 5.46711 -48.0
1 5.44256 -48.0
1 5.47324 -48.0
1 5.46097 -48.0
1 5.51006 -48.0
1 5.47324 -48.0
1 5.47324 -48.0
1 5.47324 -48.0
1 5.47938 -48.0
1 5.47324 -48.0
1 5.47938 -48.0
1 5.47324 -48.0
1 5.45484 -47.5
1 5.46097 -48.0
1 5.46097 -48.0
1 5.45484 -48.0
1 5.47324 -48.0
1 5.47938 -48.0
1 5.46097 -48.0
1 5.47324 -48.0
1 5.45484 -48.0
