1 5.52847 -47.5
1 5.54074 -47.5
1 5.56528 -47.5
1 5.55915 -47.5
1 5.51006 -47.5
1 5.54687 -47.5
1 5.54074 -47.5
1 5.54074 -47.5
1 5.51619 -47.5
1 5.51619 -47.5
1 5.51619 -47.5
1 5.55301 -47.5
1 5.55915 -47.5
1 5.52847 -47.5
1 5.53460 -47.5
1 5.53460 -47.5
1 5.54074 -47.5
1 5.53460 -47.5
1 5.52233 -47.5
1 5.51619 -47.5
1 5.56528 -47.5
1 5.52233 -47.5
1 5.52233 -47.5
1 5.53460 -47.5
1 5.53460 -47.5
1 5.54074 -47.5
1 5.54687 -47.5
1 5.54687 -47.5
1 5.54074 -47.5
1 5.51619 -47.5
1 5.54074 -47.5
1 5.52847 -47.5
1 5.55301 -47.5
1 5.54074 -47.5
1 5.55301 -47.5
1 5.54687 -47.5
1 5.54074 -47.5
1 5.54687 -47.5
1 5.55301 -47.5
1 5.52847 -47.5
1 5.55915 -47.5
1 5.56528 -47.5
1 5.54074 -47.5
1 5.54074 -47.5
1 5.56528 -47.5
1 5.55915 -47.5
1 5.53460 -47.0
1 5.54074 -47.5
1 5.56528 -47.5
1 5.53460 -47.5
1 5.55915 -47.5
1 5.55301 -47.5
1 5.53460 -47.5
1 5.56528 -47.5
1 5.55301 -47.5
1 5.55301 -47.5
1 5.55915 -47.5
1 5.54687 -47.5
1 5.54074 -47.5
1 5.54687 -47.5
1 5.57142 -47.5
1 5.53460 -47.5
1 5.54687 -47.5
1 5.55301 -47.5
1 5.53460 -47.5
1 5.54687 -47.5
1 5.53460 -47.5
1 5.55301 -47.5
1 5.55915 -47.5
1 5.55301 -47.5
1 5.53460 -47.5
1 5.55301 -47.5
1 5.54687 -47.5
1 5.52847 -47.5
1 5.53460 -47.5
1 5.55301 -47.5
1 5.57142 -47.5
1 5.55301 -47.5
1 5.54074 -47.5
1 5.51619 -47.5
1 5.51619 -47.0
1 5.53460 -47.5
1 5.54687 -47.5
1 5.52233 -47.5
1 5.57142 -47.5
1 5.52847 -47.5
1 5.56528 -47.5
1 5.54074 -47.0
1 5.55301 -47.5
1 5.54074 -47.5
1 5.54074 -47.5
1 5.52847 -47.5
1 5.56528 -47.5
1 5.53460 -47.5
1 5.54074 -47.5
1 5.54074 -47.0
1 5.51619 -47.5
1 5.54687 -47.5
1 5.53460 -47.5
1 5.49779 -47.5
1 5.57142 -47.5
1 5.54074 -47.5
1 5.56528 -47.5
1 5.55301 -47.5
1 5.55301 -47.5
1 5.50392 -47.5
1 5.53460 -47.5
1 5.54687 -47.5
1 5.54687 -47.5
1 5.55915 -47.5
1 5.53460 -47.5
1 5.55301 -47.5
1 5.55915 -47.5
1 5.55915 -47.5
1 5.56528 -47.5
1 5.53460 -47.5
1 5.52847 -47.5
1 5.52847 -47.5
1 5.54687 -47.5
1 5.53460 -47.5
1 5.56528 -47.5
1 5.54074 -47.5
1 5.54687 -47.5
1 5.54074 -47.5
1 5.52847 -47.5
1 5.54687 -47.0
1 5.54687 -47.5
1 5.55301 -47.5
1 5.54687 -47.5
1 5.53460 -47.5
1 5.55915 -47.5
1 5.57142 -47.0
1 5.57755 -47.5
1 5.53460 -47.0
1 5.54687 -47.5
1 5.54687 -47.5
1 5.55301 -47.5
1 5.55915 -47.0
1 5.57142 -47.0
1 5.55915 -47.5
1 5.52233 -47.5
1 5.56528 -47.5
1 5.54074 -47.0
1 5.56528 -47.0
1 5.54074 -47.5
1 5.58369 -47.0
1 5.56528 -47.0
1 5.56528 -47.5
1 5.57755 -47.0
1 5.55915 -47.0
1 5.57142 -47.0
1 5.55915 -47.5
1 5.55915 -47.5
1 5.57755 -47.0
1 5.57142 -47.0
1 5.56528 -47.5
1 5.57142 -47.0
1 5.58983 -47.5
1 5.57142 -47.5
1 5.57142 -47.5
1 5.60210 -47.0
1 5.55301 -47.0
1 5.57142 -47.5
1 5.57755 -47.5
1 5.54687 -47.5
1 5.58369 -47.5
1 5.58369 -47.5
1 5.58369 -47.0
1 5.55915 -47.0
1 5.57142 -47.0
1 5.57142 -47.0
1 5.52847 -47.0
1 5.57142 -47.5
1 5.55915 -47.0
1 5.53460 -47.5
1 5.54074 -47.5
1 5.54074 -47.5
1 5.57142 -47.5
1 5.53460 -47.5
1 5.56528 -47.0
1 5.57142 -47.5
1 5.52847 -47.0
1 5.52847 -47.5
1 5.52233 -47.5
1 5.53460 -47.5
1 5.52847 -47.5
1 5.53460 -47.5
1 5.52847 -47.5
1 5.56528 -47.5
1 5.55915 -47.5
1 5.54074 -47.5
1 5.54074 -47.5
1 5.54074 -47.5
1 5.54687 -47.5
1 5.52847 -47.5
1 5.55301 -47.5
1 5.55915 -47.5
1 5.53460 -47.5
1 5.54687 -47.5
1 5.55301 -47.0
1 5.55301 -47.5
1 5.55915 -47.5
1 5.53460 -47.5
1 5.54074 -47.5
1 5.51619 -47.5
1 5.52847 -47.5
1 5.52847 -47.5
1 5.52847 -47.5
1 5.52847 -47.5
1 5.52847 -47.5
1 5.54687 -47.5
1 5.52847 -47.5
1 5.52847 -47.5
1 5.54074 -47.5
1 5.51619 -47.5
1 5.52233 -47.5
1 5.54074 -47.5
1 5.56528 -47.5
1 5.52233 -47.5
1 5.52847 -47.5
1 5.53460 -47.5
1 5.55301 -47.5
1 5.56528 -47.5
1 5.55301 -47.5
1 5.54687 -47.5
1 5.54687 -47.5
1 5.54074 -47.5
1 5.56528 -47.5
1 5.55301 -47.5
1 5.51619 -47.5
1 5.55301 -47.5
1 5.53460 -47.5
1 5.54687 -47.5
1 5.53460 -47.5
1 5.53460 -47.5
1 5.54074 -47.5
1 5.55301 -47.5
1 5.54687 -47.5
1 5.54074 -47.5
1 5.52233 -47.5
1 5.54074 -47.5
1 5.54687 -47.5
1 5.52847 -47.5
1 5.52847 -47.5
1 5.54074 -47.5
1 5.55301 -47.5
1 5.55915 -47.5
1 5.53460 -47.5
1 5.53460 -47.5
1 5.54687 -47.5
1 5.54074 -47.5
1 5.52233 -47.5
1 5.55301 -47.5
1 5.55915 -47.5
1 5.52233 -47.5
1 5.55915 -47.5
1 5.54687 -47.5
1 5.54074 -47.5
1 5.53460 -47.5
1 5.54687 -47.5
1 5.52847 -47.5
1 5.54687 -47.5
1 5.52847 -47.5
1 5.53460 -47.5
1 5.53460 -47.5
1 5.53460 -47.5
1 5.55915 -47.5
1 5.53460 -47.5
1 5.54074 -47.5
1 5.56528 -47.5
1 5.53460 -47.5
1 5.55301 -47.5
1 5.52233 -47.5
1 5.55301 -47.5
1 5.53460 -47.5
1 5.52233 -47.5
1 5.53460 -47.5
1 5.55301 -47.5
1 5.55301 -47.5
1 5.51006 -47.5
1 5.52847 -47.5
1 5.51619 -47.5
1 5.54074 -47.5
1 5.55301 -47.5
1 5.55915 -47.5
1 5.55301 -47.5
1 5.53460 -47.5
1 5.54687 -47.5
1 5.51006 -47.5
1 5.52847 -47.5
1 5.51619 -47.5
1 5.54074 -47.5
1 5.52847 -47.5
1 5.55301 -47.5
1 5.53460 -47.5
1 5.57755 -47.5
1 5.52847 -47.5
1 5.51619 -47.5
1 5.52233 -47.5
1 5.55301 -47.5
1 5.52847 -47.5
1 5.55301 -47.5
1 5.54074 -47.5
1 5.54074 -47.5
1 5.54687 -47.5
1 5.53460 -47.5
1 5.56528 -47.5
1 5.54074 -47.5
1 5.55301 -47.5
1 5.50392 -47.5
1 5.51619 -47.5
1 5.54074 -47.5
1 5.51006 -47.5
1 5.54074 -47.5
1 5.54687 -47.5
1 5.54687 -47.5
1 5.56528 -47.5
1 5.53460 -47.5
1 5.56528 -47.5
1 5.54687 -47.5
1 5.54074 -47.5
1 5.52847 -47.5
1 5.53460 -47.5
1 5.55301 -47.5
1 5.54074 -47.5
1 5.55915 -47.5
1 5.55915 -47.5
1 5.51006 -47.5
1 5.53460 -47.5
1 5.53460 -47.5
1 5.54687 -47.5
1 5.53460 -47.5
1 5.53460 -47.5
1 5.54074 -47.5
1 5.54687 -47.5
1 5.54074 -47.5
1 5.54687 -47.5
1 5.52233 -47.5
1 5.54687 -47.5
1 5.53460 -47.5
1 5.54074 -47.5
1 5.51006 -47.5
1 5.51619 -47.5
1 5.53460 -47.5
1 5.53460 -47.5
1 5.54687 -47.5
1 5.52233 -47.5
1 5.51619 -47.5
1 5.51006 -47.5
1 5.53460 -47.5
1 5.54687 -47.5
1 5.52233 -47.5
1 5.52847 -47.5
1 5.52847 -47.5
1 5.52233 -47.5
1 5.52847 -47.5
1 5.52847 -47.5
1 5.52847 -47.5
1 5.50392 -47.5
1 5.52233 -47.5
1 5.53460 -47.5
1 5.49779 -47.5
1 5.51006 -47.5
1 5.50392 -47.5
1 5.52233 -47.5
1 5.52847 -47.5
1 5.52233 -47.5
1 5.53460 -47.5
1 5.51619 -47.5
1 5.54074 -47.5
1 5.53460 -47.5
1 5.51619 -47.5
1 5.52233 -47.5
1 5.51006 -47.5
1 5.51619 -47.5
1 5.56528 -47.5
1 5.55915 -47.5
1 5.53460 -47.5
1 5.53460 -47.5
1 5.52847 -47.5
1 5.51619 -47.5
1 5.52233 -47.5
1 5.52847 -47.5
1 5.53460 -47.5
1 5.51006 -47.5
1 5.52847 -47.5
1 5.52847 -47.5
1 5.51006 -47.5
1 5.52847 -47.5
1 5.54687 -47.5
1 5.51619 -47.5
1 5.54687 -47.5
1 5.51006 -47.5
1 5.54687 -47.5
1 5.55301 -47.5
1 5.54687 -47.5
1 5.52847 -47.5
1 5.54074 -47.5
1 5.54687 -47.5
1 5.52847 -47.5
1 5.52847 -47.5
1 5.54074 -47.5
1 5.52847 -47.5
1 5.54687 -47.5
1 5.55915 -47.5
1 5.54074 -47.5
1 5.55915 -47.5
1 5.51619 -47.5
1 5.54687 -47.5
1 5.54074 -47.5
1 5.52847 -47.5
1 5.55301 -47.5
1 5.55915 -47.5
1 5.53460 -47.5
1 5.56528 -47.5
1 5.56528 -47.5
1 5.53460 -47.5
1 5.55301 -47.5
1 5.54687 -47.5
1 5.54074 -47.5
1 5.55301 -47.5
1 5.57142 -47.5
1 5.54687 -47.5
1 5.54687 -47.5
1 5.54687 -47.5
1 5.54074 -47.5
1 5.56528 -47.5
1 5.57755 -47.5
1 5.51619 -47.5
1 5.55301 -47.5
1 5.54074 -47.5
1 5.55915 -47.5
1 5.55915 -47.5
1 5.53460 -47.5
1 5.52847 -47.5
1 5.55915 -47.5
1 5.54687 -47.5
1 5.53460 -47.5
1 5.54687 -47.5
1 5.51006 -47.5
1 5.52233 -47.5
1 5.52847 -47.5
1 5.53460 -47.5
1 5.54074 -47.5
1 5.53460 -47.5
1 5.52233 -47.5
1 5.52847 -47.5
1 5.55915 -47.5
1 5.55301 -47.5
1 5.53460 -47.5
1 5.53460 -47.5
1 5.54074 -47.5
1 5.54687 -47.5
1 5.55301 -47.5
1 5.52847 -47.5
1 5.52847 -47.5
1 5.51619 -47.5
1 5.55301 -47.5
1 5.54074 -47.5
1 5.50392 -47.5
1 5.54687 -47.5
1 5.52847 -47.5
1 5.55915 -47.5
1 5.53460 -47.5
1 5.50392 -47.5
1 5.53460 -47.5
1 5.52847 -47.5
1 5.52233 -47.5
1 5.51619 -47.5
1 5.52847 -47.5
1 5.51619 -47.5
1 5.55301 -47.5
1 5.51619 -47.5
1 5.54687 -47.5
1 5.53460 -47.5
1 5.52847 -47.5
1 5.51006 -47.5
1 5.52847 -47.5
1 5.53460 -47.5
1 5.55301 -47.5
1 5.55301 -47.5
1 5.52847 -47.5
1 5.51006 -47.5
1 5.49779 -47.5
1 5.55301 -47.5
1 5.55915 -47.5
1 5.53460 -47.5
1 5.53460 -47.5
1 5.51006 -47.5
1 5.51006 -47.5
1 5.53460 -47.5
1 5.53460 -47.5
1 5.53460 -47.5
1 5.51619 -47.5
1 5.52847 -47.5
1 5.52233 -47.5
1 5.52233 -47.5
1 5.51006 -47.5
1 5.52233 -47.5
1 5.52233 -47.5
1 5.54687 -47.5
1 5.54687 -47.5
1 5.52847 -47.5
1 5.52233 -47.5
1 5.54074 -47.5
1 5.53460 -47.5
1 5.54687 -47.5
1 5.50392 -47.5
1 5.54074 -47.5
1 5.54687 -47.5
1 5.52847 -47.5
1 5.52233 -47.5
1 5.54687 -47.5
1 5.55915 -47.5
1 5.54074 -47.5
1 5.55915 -47.5
1 5.54687 -47.5
1 5.54687 -47.5
1 5.55301 -47.5
1 5.52233 -47.5
1 5.49779 -47.5
1 5.58369 -47.5
1 5.54074 -47.5
1 5.51619 -47.5
1 5.55915 -47.5
1 5.53460 -47.5
1 5.54687 -47.5
1 5.52233 -47.5
1 5.53460 -47.5
1 5.52847 -47.5
1 5.52847 -47.5
