1 5.68186 -46.5
1 5.67573 -46.5
1 5.68186 -46.5
1 5.68186 -46.5
1 5.66346 -46.5
1 5.68186 -46.5
1 5.67573 -46.5
1 5.66346 -46.5
1 5.65732 -46.5
1 5.68800 -46.5
1 5.68186 -46.5
1 5.70027 -46.5
1 5.66959 -46.5
1 5.69414 -46.5
1 5.66346 -46.5
1 5.69414 -46.5
1 5.67573 -46.5
1 5.68186 -46.5
1 5.67573 -46.5
1 5.65732 -46.5
1 5.66959 -46.5
1 5.67573 -46.5
1 5.66959 -46.5
1 5.64505 -46.5
1 5.68186 -46.5
1 5.66959 -46.5
1 5.70027 -46.5
1 5.68186 -46.5
1 5.70027 -46.5
1 5.66346 -46.5
1 5.68800 -46.5
1 5.69414 -46.5
1 5.68186 -46.5
1 5.68800 -46.5
1 5.69414 -46.5
1 5.68800 -46.5
1 5.69414 -46.5
1 5.69414 -46.5
1 5.68800 -46.5
1 5.73709 -46.5
1 5.66346 -46.5
1 5.68186 -46.5
1 5.68186 -46.5
1 5.68800 -46.5
1 5.67573 -46.5
1 5.67573 -46.5
1 5.68800 -46.5
1 5.68186 -46.5
1 5.67573 -46.5
1 5.70027 -46.5
1 5.66959 -46.5
1 5.66959 -46.5
1 5.68186 -46.5
1 5.66959 -46.5
1 5.66959 -46.5
1 5.66346 -46.5
1 5.67573 -46.5
1 5.68186 -46.5
1 5.68800 -46.5
1 5.63891 -46.5
1 5.70027 -46.5
1 5.69414 -46.5
1 5.66959 -46.5
1 5.67573 -46.5
1 5.68800 -46.5
1 5.71868 -46.5
1 5.68800 -46.5
1 5.68800 -46.5
1 5.68800 -46.5
1 5.68800 -46.5
1 5.70641 -46.5
1 5.71254 -46.5
1 5.67573 -46.5
1 5.68800 -46.5
1 5.68186 -46.5
1 5.68186 -46.5
1 5.70027 -46.5
1 5.69414 -46.5
1 5.67573 -46.5
1 5.67573 -46.5
1 5.67573 -46.5
1 5.68186 -46.5
1 5.69414 -46.5
1 5.68800 -46.5
1 5.68186 -46.5
1 5.70027 -46.5
1 5.68800 -46.5
1 5.67573 -46.5
1 5.68800 -46.5
1 5.67573 -46.5
1 5.66346 -46.5
1 5.68186 -46.5
1 5.68800 -46.5
1 5.66346 -46.5
1 5.70027 -46.5
1 5.68800 -46.5
1 5.68800 -46.5
1 5.70641 -46.5
1 5.66346 -46.5
1 5.68186 -46.5
1 5.68800 -46.5
1 5.68186 -46.5
1 5.65732 -46.5
1 5.69414 -46.5
1 5.68800 -46.5
1 5.68800 -46.5
1 5.68800 -46.5
1 5.68800 -46.5
1 5.69414 -46.5
1 5.70641 -46.5
1 5.68800 -46.5
1 5.69414 -46.5
1 5.68800 -46.5
1 5.71254 -46.5
1 5.68800 -46.5
1 5.67573 -46.5
1 5.69414 -46.5
1 5.70027 -46.5
1 5.69414 -46.5
1 5.68800 -46.5
1 5.66959 -46.5
1 5.70027 -46.5
1 5.69414 -46.5
1 5.70027 -46.5
1 5.68800 -46.5
1 5.66959 -46.5
1 5.68800 -46.5
1 5.65732 -46.5
1 5.66959 -46.5
1 5.68800 -46.5
1 5.68800 -46.5
1 5.71868 -46.5
1 5.70027 -46.5
1 5.66346 -46.5
1 5.70027 -46.5
1 5.69414 -46.5
1 5.68186 -46.5
1 5.68186 -46.5
1 5.70641 -46.5
1 5.68186 -46.5
1 5.71868 -46.5
1 5.68800 -46.5
1 5.71868 -46.5
1 5.66959 -46.5
1 5.70027 -46.5
1 5.70641 -46.5
1 5.70027 -46.5
1 5.67573 -46.5
1 5.68800 -46.5
1 5.66346 -46.5
1 5.70027 -46.5
1 5.69414 -46.5
1 5.67573 -46.5
1 5.71254 -46.5
1 5.71254 -46.5
1 5.69414 -46.5
1 5.69414 -46.5
1 5.67573 -46.5
1 5.70027 -46.5
1 5.65732 -46.5
1 5.66346 -46.5
1 5.68186 -46.5
1 5.66959 -46.5
1 5.69414 -46.5
1 5.67573 -46.5
1 5.70641 -46.5
1 5.66346 -46.5
1 5.68186 -46.5
1 5.67573 -46.5
1 5.69414 -46.5
1 5.71868 -46.5
1 5.67573 -46.5
1 5.66959 -46.5
1 5.69414 -46.5
1 5.70027 -46.5
1 5.66959 -46.5
1 5.70027 -46.5
1 5.68186 -46.5
1 5.68186 -46.5
1 5.68800 -46.5
1 5.69414 -46.5
1 5.68800 -46.5
1 5.70641 -46.5
1 5.71254 -46.5
1 5.70641 -46.5
1 5.73095 -46.5
1 5.69414 -46.5
1 5.70641 -46.5
1 5.69414 -46.5
1 5.68186 -46.5
1 5.70027 -46.5
1 5.67573 -46.5
1 5.66959 -46.5
1 5.68186 -46.5
1 5.68186 -46.5
1 5.68800 -46.5
1 5.71254 -46.5
1 5.69414 -46.5
1 5.70641 -46.5
1 5.69414 -46.5
1 5.70027 -46.5
1 5.69414 -46.5
1 5.68800 -46.5
1 5.70027 -46.5
1 5.66346 -46.5
1 5.68800 -46.5
1 5.67573 -46.5
1 5.66346 -46.5
1 5.65732 -46.5
1 5.69414 -46.5
1 5.68186 -46.5
1 5.66346 -46.5
1 5.68186 -46.5
1 5.70027 -46.5
1 5.65732 -46.5
1 5.68800 -46.5
1 5.68186 -46.5
1 5.69414 -46.5
1 5.66346 -46.5
1 5.66959 -46.5
1 5.67573 -46.5
1 5.65119 -46.5
1 5.65732 -46.5
1 5.67573 -46.5
1 5.68186 -46.5
1 5.72482 -46.5
1 5.68800 -46.5
1 5.65732 -46.5
1 5.66346 -46.5
1 5.67573 -46.5
1 5.65119 -46.5
1 5.65119 -46.5
1 5.70027 -46.5
1 5.67573 -46.5
1 5.68800 -46.5
1 5.68186 -46.5
1 5.66959 -46.5
1 5.69414 -46.5
1 5.67573 -46.5
1 5.66959 -46.5
1 5.68800 -46.5
1 5.70641 -46.5
1 5.66959 -46.5
1 5.67573 -46.5
1 5.67573 -46.5
1 5.67573 -46.5
1 5.69414 -46.5
1 5.68186 -46.5
1 5.67573 -46.5
1 5.66959 -46.5
1 5.68186 -46.5
1 5.65732 -46.5
1 5.68186 -46.5
1 5.67573 -46.5
1 5.65732 -46.5
1 5.65119 -46.5
1 5.68186 -46.5
1 5.66959 -46.5
1 5.66346 -46.5
1 5.68800 -46.5
1 5.68800 -46.5
1 5.68186 -46.5
1 5.67573 -46.5
1 5.65732 -46.5
1 5.68800 -46.5
1 5.65732 -46.5
1 5.68186 -46.5
1 5.68186 -46.5
1 5.69414 -46.5
1 5.66959 -46.5
1 5.67573 -46.5
1 5.69414 -46.5
1 5.68186 -46.5
1 5.69414 -46.5
1 5.66346 -46.5
1 5.67573 -46.5
1 5.70027 -46.5
1 5.68186 -46.5
1 5.68186 -46.5
1 5.68800 -46.5
1 5.69414 -46.5
1 5.66346 -46.5
1 5.72482 -46.5
1 5.68800 -46.5
1 5.67573 -46.5
1 5.68800 -46.5
1 5.68800 -46.5
1 5.67573 -46.5
1 5.67573 -46.5
1 5.67573 -46.5
1 5.69414 -46.5
1 5.66959 -46.5
1 5.69414 -46.5
1 5.63891 -46.5
1 5.66959 -46.5
1 5.67573 -46.5
1 5.68800 -46.5
1 5.68186 -46.5
1 5.65732 -46.5
1 5.67573 -46.5
1 5.66346 -46.5
1 5.66959 -46.5
1 5.66346 -46.5
1 5.66959 -46.5
1 5.67573 -46.5
1 5.69414 -46.5
1 5.65732 -46.5
1 5.67573 -46.5
1 5.66346 -46.5
1 5.70027 -46.5
1 5.66959 -46.5
1 5.68800 -46.5
1 5.67573 -46.5
1 5.68186 -46.5
1 5.67573 -46.5
1 5.68186 -46.5
1 5.67573 -46.5
1 5.67573 -46.5
1 5.66346 -46.5
1 5.69414 -46.5
1 5.68186 -46.5
1 5.65732 -46.5
1 5.65732 -46.5
1 5.69414 -46.5
1 5.70027 -46.5
1 5.69414 -46.5
1 5.65732 -46.5
1 5.66346 -46.5
1 5.66346 -46.5
1 5.70027 -46.5
1 5.68186 -46.5
1 5.67573 -46.5
1 5.70027 -46.5
1 5.68186 -46.5
1 5.68186 -46.5
1 5.66959 -46.5
1 5.66346 -46.5
1 5.68800 -46.5
1 5.68186 -46.5
1 5.70641 -46.5
1 5.67573 -46.5
1 5.67573 -46.5
1 5.68186 -46.5
1 5.66346 -46.5
1 5.67573 -46.5
1 5.68800 -46.5
1 5.66959 -46.5
1 5.68186 -46.5
1 5.68800 -46.5
1 5.68186 -46.5
1 5.71868 -46.5
1 5.66959 -46.5
1 5.66959 -46.5
1 5.66959 -46.5
1 5.66959 -46.5
1 5.66959 -46.5
1 5.67573 -46.5
1 5.65119 -46.5
1 5.67573 -46.5
1 5.68186 -46.5
1 5.68186 -46.5
1 5.70027 -46.5
1 5.68800 -46.5
1 5.68800 -46.5
1 5.68800 -46.5
1 5.68800 -46.5
1 5.66959 -46.5
1 5.66959 -46.5
1 5.68186 -46.5
1 5.65119 -46.5
1 5.68800 -46.5
1 5.69414 -46.5
1 5.67573 -46.5
1 5.67573 -46.5
1 5.68186 -46.5
1 5.69414 -46.5
1 5.67573 -46.5
1 5.65732 -46.5
1 5.68186 -46.5
1 5.70641 -46.5
1 5.68186 -46.5
1 5.69414 -46.5
1 5.68186 -46.5
1 5.68186 -46.5
1 5.66346 -46.5
1 5.66959 -46.5
1 5.68800 -46.5
1 5.68186 -46.5
1 5.66959 -46.5
1 5.67573 -46.5
1 5.68186 -46.5
1 5.68186 -46.5
1 5.64505 -46.5
1 5.69414 -46.5
1 5.69414 -46.5
1 5.67573 -46.5
1 5.69414 -46.5
1 5.68800 -46.5
1 5.68800 -46.5
1 5.65732 -46.5
1 5.68800 -46.5
1 5.67573 -46.5
1 5.66346 -46.5
1 5.66346 -46.5
1 5.68800 -46.5
1 5.68800 -46.5
1 5.66959 -46.5
1 5.68800 -46.5
1 5.70027 -46.5
1 5.67573 -46.5
1 5.70027 -46.5
1 5.65119 -46.5
1 5.66346 -46.5
1 5.67573 -46.5
1 5.67573 -46.5
1 5.69414 -46.5
1 5.66346 -46.5
1 5.68186 -46.5
1 5.66959 -46.5
1 5.68800 -46.5
1 5.66346 -46.5
1 5.68186 -46.5
1 5.70027 -46.5
1 5.66959 -46.5
1 5.67573 -46.5
1 5.68186 -46.5
1 5.70641 -46.5
1 5.65119 -46.5
1 5.69414 -46.5
1 5.66346 -46.5
1 5.68186 -46.5
1 5.65119 -46.5
1 5.69414 -46.5
1 5.66346 -46.5
1 5.65119 -46.5
1 5.69414 -46.5
1 5.68800 -46.5
1 5.64505 -46.5
1 5.67573 -46.5
1 5.68186 -46.5
1 5.69414 -46.5
1 5.70027 -46.5
1 5.67573 -46.5
1 5.68186 -46.5
1 5.66346 -46.5
1 5.66959 -46.5
1 5.68800 -46.5
1 5.66959 -46.5
1 5.67573 -46.5
1 5.69414 -46.5
1 5.68186 -46.5
1 5.69414 -46.5
1 5.68800 -46.5
1 5.65119 -46.5
1 5.68800 -46.5
1 5.70027 -46.5
1 5.69414 -46.5
1 5.68800 -46.5
1 5.68800 -46.5
1 5.68800 -46.5
1 5.71254 -46.5
1 5.67573 -46.5
1 5.69414 -46.5
1 5.68800 -46.5
1 5.71254 -46.5
1 5.68800 -46.5
1 5.66959 -46.5
1 5.64505 -46.5
1 5.67573 -46.5
1 5.68186 -46.5
1 5.65732 -46.5
1 5.66346 -46.5
1 5.70027 -46.5
1 5.64505 -46.5
1 5.66346 -46.5
1 5.70027 -46.5
1 5.68186 -46.5
1 5.70027 -46.5
1 5.66959 -46.5
1 5.68800 -46.5
1 5.68800 -46.5
1 5.67573 -46.5
1 5.69414 -46.5
1 5.70027 -46.5
1 5.68800 -46.5
1 5.65732 -46.5
1 5.68186 -46.5
1 5.70641 -46.5
1 5.70027 -46.5
1 5.69414 -46.5
1 5.68800 -46.5
1 5.71254 -46.5
1 5.69414 -46.5
1 5.68186 -46.5
1 5.68186 -46.5
1 5.68800 -46.5
1 5.68800 -46.5
1 5.71254 -46.5
1 5.65119 -46.5
1 5.67573 -46.5
1 5.69414 -46.5
1 5.66959 -46.5
1 5.68186 -46.5
1 5.69414 -46.5
1 5.68800 -46.5
1 5.70027 -46.5
1 5.67573 -46.5
1 5.67573 -46.5
1 5.67573 -46.5
1 5.68800 -46.5
1 5.69414 -46.5
1 5.67573 -46.5
1 5.66346 -46.5
1 5.68800 -46.5
1 5.70641 -46.5
1 5.69414 -46.5
1 5.68800 -46.5
1 5.70027 -46.5
1 5.68800 -46.5
1 5.66959 -46.5
1 5.68800 -46.5
1 5.68800 -46.5
1 5.66959 -46.5
1 5.67573 -46.5
1 5.68186 -46.5
1 5.68186 -46.5
1 5.69414 -46.5
