1 5.04373 -47.5
1 5.03146 -47.5
1 5.04373 -47.5
1 5.04373 -47.5
1 5.03759 -47.5
1 5.03146 -47.5
1 5.02532 -47.5
1 5.01919 -47.5
1 5.04373 -47.5
1 5.04986 -47.5
1 5.00078 -47.5
1 5.04986 -47.5
1 5.04986 -47.5
1 5.04373 -47.5
1 5.00691 -47.5
1 5.03146 -47.5
1 5.03146 -47.5
1 5.01305 -47.5
1 5.02532 -47.5
1 5.03146 -47.5
1 5.00691 -47.5
1 5.01919 -47.5
1 5.04986 -47.5
1 5.02532 -47.5
1 5.03146 -47.5
1 5.00691 -47.5
1 5.04373 -47.5
1 5.03146 -47.5
1 5.01919 -47.5
1 5.04373 -47.5
1 5.01305 -47.5
1 5.03146 -47.5
1 5.01305 -47.5
1 5.03146 -47.5
1 5.01305 -47.5
1 5.03146 -47.5
1 5.03146 -47.5
1 5.05600 -47.5
1 5.06827 -47.5
1 5.01919 -47.5
1 5.02532 -47.5
1 5.03759 -47.5
1 5.01305 -47.5
1 5.03759 -47.5
1 5.03146 -47.5
1 5.04373 -47.5
1 5.05600 -47.5
1 5.04373 -47.5
1 5.04986 -47.5
1 5.01305 -47.5
1 5.05600 -47.5
1 5.03759 -47.5
1 5.03146 -47.5
1 5.04986 -47.5
1 5.00691 -47.5
1 5.01305 -47.5
1 4.99464 -47.5
1 5.01305 -47.5
1 5.06214 -47.5
1 5.04986 -47.5
1 5.03146 -47.5
1 5.01305 -47.5
1 5.04986 -47.5
1 5.02532 -47.5
1 5.04373 -47.5
1 5.01919 -47.5
1 5.00691 -47.5
1 5.04986 -47.5
1 5.03759 -47.5
1 5.03146 -47.5
1 5.01919 -47.5
1 5.04986 -47.5
1 5.04986 -47.5
1 5.03759 -47.5
1 5.04373 -47.5
1 5.03146 -47.5
1 5.01919 -47.5
1 5.01305 -47.5
1 5.01305 -47.5
1 5.02532 -47.5
1 5.02532 -47.5
1 5.03759 -47.5
1 5.03146 -47.5
1 5.03759 -47.5
1 5.03146 -47.5
1 5.03759 -47.5
1 5.04986 -47.5
1 5.07441 -47.5
1 5.03146 -47.5
1 5.01919 -47.5
1 5.01305 -47.5
1 5.02532 -47.5
1 5.04986 -47.5
1 5.02532 -47.5
1 5.03759 -47.5
1 5.00691 -47.5
1 5.03759 -47.5
1 5.02532 -47.5
1 5.04986 -47.5
1 5.06214 -47.5
1 5.04373 -47.5
1 5.04373 -47.5
1 5.03146 -47.5
1 5.04986 -47.5
1 5.01305 -47.5
1 5.03146 -47.5
1 5.03146 -47.5
1 5.00691 -47.5
1 5.01305 -47.5
1 5.02532 -47.5
1 5.03146 -47.5
1 5.02532 -47.5
1 5.02532 -47.5
1 5.04986 -47.5
1 5.04986 -47.5
1 5.00691 -47.5
1 5.02532 -47.5
1 5.04373 -47.5
1 5.04373 -47.5
1 5.02532 -47.5
1 5.02532 -47.5
1 5.00078 -47.5
1 5.06214 -47.5
1 5.04373 -47.5
1 5.04373 -47.5
1 5.02532 -47.5
1 5.02532 -47.5
1 5.03146 -47.5
1 5.03759 -47.5
1 5.02532 -47.5
1 5.01305 -47.5
1 5.01305 -47.5
1 5.01919 -47.5
1 5.04986 -47.5
1 5.05600 -47.5
1 5.07441 -47.5
1 5.02532 -47.5
1 5.02532 -47.5
1 5.01919 -47.5
1 5.06214 -47.5
1 5.02532 -47.5
1 5.02532 -47.5
1 5.05600 -47.5
1 5.02532 -47.5
1 5.03146 -47.5
1 5.02532 -47.5
1 5.04986 -47.5
1 5.04373 -47.5
1 5.03146 -47.5
1 5.01305 -47.5
1 5.01919 -47.5
1 5.04986 -47.5
1 5.03759 -47.5
1 5.03146 -47.5
1 5.00691 -47.5
1 5.04373 -47.5
1 5.04986 -47.5
1 5.03759 -47.5
1 5.04986 -47.5
1 5.03759 -47.5
1 5.02532 -47.5
1 5.04986 -47.5
1 5.03146 -47.5
1 5.04373 -47.5
1 5.04373 -47.5
1 5.03146 -47.5
1 5.00078 -47.5
1 5.03759 -47.5
1 5.03146 -47.5
1 4.98237 -47.5
1 5.01305 -47.5
1 5.04373 -47.5
1 5.03759 -47.5
1 5.04373 -47.5
1 5.06214 -47.5
1 5.03759 -47.5
1 5.00078 -47.5
1 5.01919 -47.5
1 5.04373 -47.5
1 5.02532 -47.5
1 5.02532 -47.5
1 5.04373 -47.5
1 5.04986 -47.5
1 5.01919 -47.5
1 5.04986 -47.5
1 5.01305 -47.5
1 5.05600 -47.5
1 5.01305 -47.5
1 5.03759 -47.5
1 5.03759 -47.5
1 5.02532 -47.5
1 5.05600 -47.5
1 5.00691 -47.5
1 5.04986 -47.5
1 5.04986 -47.5
1 5.03146 -47.5
1 5.01919 -47.5
1 5.04373 -47.5
1 5.00078 -47.5
1 5.05600 -47.5
1 5.01305 -47.5
1 5.01305 -47.5
1 5.03146 -47.5
1 5.04986 -47.5
1 5.02532 -47.5
1 5.01305 -47.5
1 5.01305 -47.5
1 5.00691 -47.5
1 5.01305 -47.5
1 5.00691 -47.5
1 5.03146 -47.5
1 5.03146 -47.5
1 5.01919 -47.5
1 5.00691 -47.5
1 5.01305 -47.5
1 5.01305 -47.5
1 4.99464 -47.5
1 5.02532 -47.5
1 5.01919 -47.5
1 5.01305 -47.5
1 5.00691 -47.5
1 5.01305 -47.5
1 5.03146 -47.5
1 5.01919 -47.5
1 5.00691 -47.5
1 5.01305 -47.5
1 5.03146 -47.5
1 5.02532 -47.5
1 5.00078 -47.5
1 5.01305 -47.5
1 5.01919 -47.5
1 5.00078 -47.5
1 5.02532 -47.5
1 5.00691 -47.5
1 5.03146 -47.5
1 5.00078 -47.5
1 5.00078 -47.5
1 5.02532 -47.5
1 5.00078 -47.5
1 5.01305 -47.5
1 5.00078 -47.5
1 5.00078 -47.5
1 5.01305 -47.5
1 5.00078 -47.5
1 5.00691 -47.5
1 4.98851 -47.5
1 5.01305 -47.5
1 5.03146 -47.5
1 5.01305 -47.5
1 5.01305 -47.5
1 5.00691 -47.5
1 5.00691 -47.5
1 4.99464 -47.5
1 5.00691 -47.5
1 5.03146 -47.5
1 5.00691 -47.5
1 5.01919 -47.5
1 5.01919 -47.5
1 5.00078 -47.5
1 4.98851 -47.5
1 5.01919 -47.5
1 5.01305 -47.5
1 5.01919 -47.5
1 5.00691 -47.5
1 4.97623 -47.5
1 5.01919 -47.5
1 5.01919 -47.5
1 4.98851 -47.5
1 5.03759 -47.5
1 4.98237 -47.5
1 5.03146 -47.5
1 4.98851 -47.5
1 5.00078 -47.5
1 5.00691 -47.5
1 5.00078 -47.5
1 4.97010 -47.5
1 5.00078 -47.5
1 5.01305 -47.5
1 5.01305 -47.5
1 5.00691 -47.5
1 5.00078 -47.5
1 4.99464 -47.5
1 4.99464 -47.5
1 5.00691 -47.5
1 5.00691 -47.5
1 5.00691 -47.5
1 5.00078 -47.5
1 5.00078 -47.5
1 5.01305 -47.5
1 5.01305 -47.5
1 5.02532 -47.5
1 4.99464 -47.5
1 5.00078 -47.5
1 5.01305 -47.5
1 5.01305 -47.5
1 4.98851 -47.5
1 5.01305 -47.5
1 5.00691 -47.5
1 5.02532 -47.5
1 5.01305 -47.5
1 5.01919 -47.5
1 5.01919 -47.5
1 5.00078 -47.5
1 5.00078 -47.5
1 5.01305 -47.5
1 5.01919 -47.5
1 5.01919 -47.5
1 4.99464 -47.5
1 5.00078 -47.5
1 5.00078 -47.5
1 5.01919 -47.5
1 5.01305 -47.5
1 5.01305 -47.5
1 4.99464 -47.5
1 5.00691 -47.5
1 5.00078 -47.5
1 5.01305 -47.5
1 5.01919 -47.5
1 4.99464 -47.5
1 4.98851 -47.5
1 5.00078 -47.5
1 5.01305 -47.5
1 4.98851 -47.5
1 5.01305 -47.5
1 5.00078 -47.5
1 5.01305 -47.5
1 5.01305 -47.5
1 5.01919 -47.5
1 5.01919 -47.5
1 5.00691 -47.5
1 5.01305 -47.5
1 5.01305 -47.5
1 5.00691 -47.5
1 5.00691 -47.5
1 5.00691 -47.5
1 5.01305 -47.5
1 5.01305 -47.5
1 4.98851 -47.5
1 5.01305 -47.5
1 4.98237 -47.5
1 5.01919 -47.5
1 5.00691 -47.5
1 5.00691 -47.5
1 4.99464 -47.5
1 5.00691 -47.5
1 5.01919 -47.5
1 4.99464 -47.5
1 5.01305 -47.5
1 5.00078 -47.5
1 5.00691 -47.5
1 4.98237 -47.5
1 5.00691 -47.5
1 5.01919 -47.5
1 5.01305 -47.5
1 5.00691 -47.5
1 4.98237 -47.5
1 4.99464 -47.5
1 5.00691 -47.5
1 5.00078 -47.5
1 5.02532 -47.5
1 5.04373 -47.5
1 5.01305 -47.5
1 4.98851 -47.5
1 4.98237 -47.5
1 5.01305 -47.5
1 5.00078 -47.5
1 5.00691 -47.5
1 5.00691 -47.5
1 5.01919 -47.5
1 5.00078 -47.5
1 4.97623 -47.5
1 5.01305 -47.5
1 4.99464 -47.5
1 5.00078 -47.5
1 5.01919 -47.5
1 5.00691 -47.5
1 5.02532 -47.5
1 4.98851 -47.5
1 5.01305 -47.5
1 5.00691 -47.5
1 4.99464 -47.5
1 5.01305 -47.5
1 5.00691 -47.5
1 4.99464 -47.5
1 5.00691 -47.5
1 5.00691 -47.5
1 5.01305 -47.5
1 4.99464 -47.5
1 5.00691 -47.5
1 5.01305 -47.5
1 5.03146 -47.5
1 5.01305 -47.5
1 5.00078 -47.5
1 4.98237 -47.5
1 5.00078 -47.5
1 5.01305 -47.5
1 5.01919 -47.5
1 5.01919 -47.5
1 5.01305 -47.5
1 5.00691 -47.5
1 5.01919 -47.5
1 5.00691 -47.5
1 5.00078 -47.5
1 5.01305 -47.5
1 5.00691 -47.5
1 5.02532 -47.5
1 5.01305 -47.5
1 5.01305 -47.5
1 4.99464 -47.5
1 5.01305 -47.5
1 5.01305 -47.5
1 5.02532 -47.5
1 5.01305 -47.5
1 5.00691 -47.5
1 5.00691 -47.5
1 5.03146 -47.5
1 5.00078 -47.5
1 5.00078 -47.5
1 5.00078 -47.5
1 5.00691 -47.5
1 5.00691 -47.5
1 5.03146 -47.5
1 5.01305 -47.5
1 5.00078 -47.5
1 5.01919 -47.5
1 5.01305 -47.5
1 5.01305 -47.5
1 4.98851 -47.5
1 5.00691 -47.5
1 5.00691 -47.5
1 5.01919 -47.5
1 4.99464 -47.5
1 5.04373 -47.5
1 5.03146 -47.5
1 5.01305 -47.5
1 4.99464 -47.5
1 5.00691 -47.5
1 5.00691 -47.5
1 5.01305 -47.5
1 5.01919 -47.5
1 5.01305 -47.5
1 4.98237 -47.5
1 5.01305 -47.5
1 5.00078 -47.5
1 5.01919 -47.5
1 5.00691 -47.5
1 5.00078 -47.5
1 5.01919 -47.5
1 4.98851 -47.5
1 5.02532 -47.5
1 5.01919 -47.5
1 5.02532 -47.5
1 5.01305 -47.5
1 5.01305 -47.5
1 5.00691 -47.5
1 5.00691 -47.5
1 5.01305 -47.5
1 5.01919 -47.5
1 5.02532 -47.5
1 5.01919 -47.5
1 5.01919 -47.5
1 5.01919 -47.5
1 4.98237 -47.5
1 5.00691 -47.5
1 5.01919 -47.5
1 5.02532 -47.5
1 5.00078 -47.5
1 5.01919 -47.5
1 5.00691 -47.5
1 5.03146 -47.5
1 5.02532 -47.5
1 4.99464 -47.5
1 5.01305 -47.5
1 5.02532 -47.5
1 5.00691 -47.5
1 5.04373 -47.5
1 5.01305 -47.5
1 5.01305 -47.5
1 5.01919 -47.5
1 5.01305 -47.5
1 5.02532 -47.5
1 5.00691 -47.5
1 5.01919 -47.5
1 5.01305 -47.5
1 5.00078 -47.5
1 4.98237 -47.5
1 5.00691 -47.5
1 5.01919 -47.5
1 5.01305 -47.5
1 5.01919 -47.5
1 5.03759 -47.5
1 5.00691 -47.5
1 5.01305 -47.5
1 5.03146 -47.5
1 5.02532 -47.5
1 4.97623 -47.5
1 5.00078 -47.5
1 4.99464 -47.5
1 4.98237 -47.5
1 5.01919 -47.5
1 5.02532 -47.5
1 5.01305 -47.5
1 5.00078 -47.5
1 5.01919 -47.5
1 5.02532 -47.5
1 5.00691 -47.5
1 5.03146 -47.5
1 5.01305 -47.5
1 5.00691 -47.5
1 5.01919 -47.5
1 5.01305 -47.5
1 5.00691 -47.5
1 5.02532 -47.5
1 5.01919 -47.5
1 5.01919 -47.5
1 5.01305 -47.5
1 5.00078 -47.5
1 4.99464 -47.5
1 5.02532 -47.5
1 5.02532 -47.5
1 5.00078 -47.5
1 4.98851 -47.5
1 5.03759 -47.5
1 5.01919 -47.5
1 5.00078 -47.5
1 5.01305 -47.5
1 5.02532 -47.5
1 5.01305 -47.5
1 5.00078 -47.5
