1 5.79231 -45.5
1 5.79231 -45.5
1 5.80458 -46.0
1 5.78618 -46.0
1 5.79231 -46.0
1 5.79231 -46.0
1 5.79845 -46.0
1 5.78618 -46.0
1 5.81072 -46.0
1 5.79845 -45.5
1 5.79845 -46.0
1 5.78004 -45.5
1 5.75550 -45.5
1 5.77390 -46.0
1 5.78618 -45.5
1 5.78618 -45.5
1 5.79231 -45.5
1 5.77390 -46.0
1 5.81686 -45.5
1 5.79231 -46.0
1 5.78618 -45.5
1 5.79845 -45.5
1 5.79231 -45.5
1 5.79845 -45.5
1 5.77390 -46.0
1 5.81072 -46.0
1 5.76777 -45.5
1 5.78618 -46.0
1 5.79231 -45.5
1 5.79231 -46.0
1 5.78618 -45.5
1 5.77390 -46.0
1 5.79845 -45.5
1 5.79231 -46.0
1 5.81686 -45.5
1 5.78618 -46.0
1 5.79231 -46.0
1 5.81686 -45.5
1 5.79845 -45.5
1 5.79231 -46.0
1 5.78004 -46.0
1 5.76777 -45.5
1 5.79845 -46.0
1 5.80458 -45.5
1 5.78004 -45.5
1 5.75550 -46.0
1 5.79231 -45.5
1 5.78004 -45.5
1 5.80458 -45.5
1 5.80458 -45.5
1 5.79231 -45.5
1 5.77390 -45.5
1 5.79845 -46.0
1 5.81686 -46.0
1 5.78618 -45.5
1 5.79231 -46.0
1 5.79231 -46.0
1 5.79231 -45.5
1 5.78618 -45.5
1 5.79845 -45.5
1 5.79845 -45.5
1 5.79845 -46.0
1 5.79845 -46.0
1 5.79845 -46.0
1 5.77390 -46.0
1 5.78618 -45.5
1 5.81686 -45.5
1 5.80458 -45.5
1 5.80458 -45.5
1 5.81072 -45.5
1 5.77390 -45.5
1 5.80458 -45.5
1 5.81686 -46.0
1 5.79231 -45.5
1 5.78004 -46.0
1 5.79231 -45.5
1 5.78618 -45.5
1 5.79845 -45.5
1 5.79231 -45.5
1 5.76777 -46.0
1 5.77390 -46.0
1 5.78004 -45.5
1 5.78618 -46.0
1 5.79845 -45.5
1 5.82299 -46.0
1 5.78618 -45.5
1 5.80458 -45.5
1 5.78618 -45.5
1 5.79231 -46.0
1 5.78618 -45.5
1 5.78618 -45.5
1 5.78618 -46.0
1 5.79231 -45.5
1 5.81072 -45.5
1 5.77390 -46.0
1 5.78004 -46.0
1 5.81072 -46.0
1 5.81072 -46.0
1 5.79231 -46.0
1 5.79231 -45.5
1 5.80458 -45.5
1 5.79845 -46.0
1 5.79231 -45.5
1 5.81686 -45.5
1 5.79845 -46.0
1 5.79231 -45.5
1 5.78618 -45.5
1 5.80458 -46.0
1 5.79845 -46.0
1 5.79845 -45.5
1 5.80458 -45.5
1 5.78004 -45.5
1 5.79231 -45.5
1 5.79845 -45.5
1 5.79231 -45.5
1 5.78618 -45.5
1 5.81686 -45.5
1 5.80458 -45.5
1 5.79845 -45.5
1 5.76777 -45.5
1 5.79845 -46.0
1 5.80458 -45.5
1 5.78618 -45.5
1 5.82299 -45.5
1 5.80458 -45.5
1 5.81072 -45.5
1 5.81686 -46.0
1 5.79845 -45.5
1 5.81072 -45.5
1 5.79845 -46.0
1 5.81072 -45.5
1 5.79845 -45.5
1 5.79231 -46.0
1 5.80458 -45.5
1 5.81072 -45.5
1 5.79845 -45.5
1 5.78004 -46.0
1 5.84753 -45.5
1 5.79231 -45.5
1 5.80458 -45.5
1 5.82299 -45.5
1 5.78004 -45.5
1 5.79231 -45.5
1 5.81686 -45.5
1 5.80458 -45.5
1 5.80458 -46.0
1 5.80458 -45.5
1 5.80458 -46.0
1 5.78618 -45.5
1 5.79845 -45.5
1 5.77390 -45.5
1 5.80458 -45.5
1 5.81072 -45.5
1 5.79231 -45.5
1 5.81686 -45.5
1 5.80458 -45.5
1 5.79231 -45.5
1 5.81686 -46.0
1 5.80458 -45.5
1 5.79231 -46.0
1 5.81072 -45.5
1 5.79845 -45.5
1 5.80458 -45.5
1 5.80458 -45.5
1 5.83526 -45.5
1 5.81072 -46.0
1 5.79231 -45.5
1 5.82299 -45.5
1 5.80458 -45.5
1 5.80458 -46.0
1 5.79231 -45.5
1 5.80458 -46.0
1 5.81686 -46.0
1 5.77390 -45.5
1 5.77390 -46.0
1 5.80458 -46.0
1 5.84753 -45.5
1 5.80458 -45.5
1 5.79231 -46.0
1 5.79845 -45.5
1 5.78004 -46.0
1 5.81686 -45.5
1 5.78618 -45.5
1 5.81072 -46.0
1 5.80458 -45.5
1 5.81686 -45.5
1 5.81686 -46.0
1 5.81686 -46.0
1 5.78004 -45.5
1 5.79845 -46.0
1 5.80458 -45.5
1 5.79845 -45.5
1 5.79845 -45.5
1 5.79231 -45.5
1 5.81686 -45.5
1 5.79845 -45.5
1 5.79231 -45.5
1 5.80458 -45.5
1 5.77390 -45.5
1 5.81072 -46.0
1 5.77390 -45.5
1 5.79231 -46.0
1 5.79845 -46.0
1 5.82913 -45.5
1 5.79845 -45.5
1 5.80458 -45.5
1 5.78004 -46.0
1 5.78618 -46.0
1 5.79231 -46.0
1 5.78618 -46.0
1 5.79231 -45.5
1 5.77390 -46.0
1 5.78004 -46.0
1 5.80458 -46.0
1 5.78004 -45.5
1 5.78618 -45.5
1 5.79845 -45.5
1 5.78618 -45.5
1 5.76777 -46.0
1 5.82299 -45.5
1 5.81686 -45.5
1 5.78004 -45.5
1 5.81072 -45.5
1 5.79231 -45.5
1 5.78618 -46.0
1 5.78004 -46.0
1 5.80458 -45.5
1 5.81686 -46.0
1 5.78004 -46.0
1 5.79231 -45.5
1 5.78618 -46.0
1 5.79231 -46.0
1 5.81072 -45.5
1 5.78618 -45.5
1 5.79231 -45.5
1 5.78618 -46.0
1 5.79845 -46.0
1 5.79845 -45.5
1 5.79231 -45.5
1 5.79845 -46.0
1 5.80458 -45.5
1 5.79231 -45.5
1 5.78004 -45.5
1 5.76777 -45.5
1 5.80458 -46.0
1 5.78004 -45.5
1 5.79231 -46.0
1 5.79845 -45.5
1 5.79845 -46.0
1 5.81686 -46.0
1 5.81686 -45.5
1 5.80458 -45.5
1 5.78004 -46.0
1 5.77390 -45.5
1 5.76163 -45.5
1 5.78004 -46.0
1 5.79845 -46.0
1 5.77390 -45.5
1 5.79231 -45.5
1 5.79231 -46.0
1 5.78618 -45.5
1 5.81686 -45.5
1 5.79845 -45.5
1 5.79845 -45.5
1 5.76777 -45.5
1 5.79231 -45.5
1 5.79845 -45.5
1 5.76163 -45.5
1 5.79231 -46.0
1 5.79845 -46.0
1 5.79845 -45.5
1 5.80458 -45.5
1 5.79231 -45.5
1 5.75550 -46.0
1 5.79231 -45.5
1 5.79231 -45.5
1 5.80458 -46.0
1 5.80458 -45.5
1 5.80458 -45.5
1 5.78618 -45.5
1 5.84753 -46.0
1 5.81072 -45.5
1 5.76163 -45.5
1 5.80458 -45.5
1 5.77390 -45.5
1 5.78004 -46.0
1 5.81072 -46.0
1 5.79845 -45.5
1 5.80458 -45.5
1 5.78618 -46.0
1 5.79231 -45.5
1 5.79231 -45.5
1 5.76777 -46.0
1 5.79845 -46.0
1 5.81072 -45.5
1 5.79231 -45.5
1 5.79845 -46.0
1 5.81072 -45.5
1 5.79231 -45.5
1 5.78618 -45.5
1 5.78618 -45.5
1 5.79231 -45.5
1 5.79845 -45.5
1 5.79845 -46.0
1 5.81686 -46.0
1 5.78618 -46.0
1 5.78618 -45.5
1 5.79845 -46.0
1 5.80458 -46.0
1 5.79845 -45.5
1 5.78618 -45.5
1 5.79845 -45.5
1 5.78618 -46.0
1 5.78618 -45.5
1 5.81072 -45.5
1 5.79231 -45.5
1 5.80458 -46.0
1 5.79845 -46.0
1 5.79231 -45.5
1 5.79845 -45.5
1 5.80458 -45.5
1 5.79845 -45.5
1 5.81072 -46.0
1 5.80458 -46.0
1 5.82913 -45.5
1 5.79231 -45.5
1 5.80458 -45.5
1 5.81072 -46.0
1 5.78618 -45.5
1 5.82299 -45.5
1 5.76777 -45.5
1 5.79231 -46.0
1 5.80458 -45.5
1 5.80458 -45.5
1 5.79845 -46.0
1 5.78004 -45.5
1 5.79231 -45.5
1 5.81686 -46.0
1 5.79845 -46.0
1 5.79845 -46.0
1 5.78618 -45.5
1 5.79231 -46.0
1 5.79845 -46.0
1 5.79231 -46.0
1 5.79845 -46.0
1 5.81686 -45.5
1 5.79231 -46.0
1 5.78618 -45.5
1 5.79845 -45.5
1 5.79845 -45.5
1 5.79231 -46.0
1 5.81072 -45.5
1 5.78618 -45.5
1 5.82913 -46.0
1 5.79845 -45.5
1 5.79231 -45.5
1 5.78004 -46.0
1 5.79845 -46.0
1 5.76777 -45.5
1 5.81686 -46.0
1 5.80458 -45.5
1 5.77390 -45.5
1 5.80458 -45.5
1 5.79845 -46.0
1 5.80458 -45.5
1 5.79845 -46.0
1 5.80458 -46.0
1 5.79845 -45.5
1 5.78004 -46.0
1 5.80458 -45.5
1 5.79231 -45.5
1 5.79845 -45.5
1 5.80458 -46.0
1 5.79845 -46.0
1 5.78004 -45.5
1 5.79231 -46.0
1 5.82299 -45.5
1 5.80458 -46.0
1 5.81072 -45.5
1 5.80458 -45.5
1 5.77390 -46.0
1 5.79845 -46.0
1 5.76777 -46.0
1 5.76163 -46.0
1 5.79845 -45.5
1 5.78618 -45.5
1 5.79845 -46.0
1 5.79231 -45.5
1 5.78618 -46.0
1 5.79231 -45.5
1 5.77390 -45.5
1 5.79845 -45.5
1 5.81072 -45.5
1 5.78618 -45.5
1 5.78618 -45.5
1 5.78618 -46.0
1 5.78004 -45.5
1 5.76777 -45.5
1 5.78618 -45.5
1 5.79845 -45.5
1 5.77390 -45.5
1 5.79845 -45.5
1 5.77390 -45.5
1 5.80458 -45.5
1 5.81072 -45.5
1 5.81072 -45.5
1 5.80458 -45.5
1 5.78618 -45.5
1 5.79231 -45.5
1 5.79845 -45.5
1 5.79231 -45.5
1 5.81072 -46.0
1 5.81072 -45.5
1 5.78618 -46.0
1 5.79845 -45.5
1 5.76777 -45.5
1 5.78618 -46.0
1 5.81072 -46.0
1 5.78004 -45.5
1 5.79231 -45.5
1 5.78618 -45.5
1 5.76777 -46.0
1 5.82913 -45.5
1 5.80458 -45.5
1 5.79231 -45.5
1 5.78618 -46.0
1 5.78618 -46.0
1 5.77390 -45.5
1 5.77390 -45.5
1 5.78618 -45.5
1 5.79845 -46.0
1 5.79231 -46.0
1 5.79845 -45.5
1 5.79845 -45.5
1 5.78618 -46.0
1 5.75550 -46.0
1 5.76163 -45.5
1 5.78618 -46.0
1 5.79845 -46.0
1 5.79231 -45.5
1 5.79231 -45.5
1 5.78618 -46.0
1 5.79231 -46.0
1 5.77390 -46.0
1 5.77390 -45.5
1 5.77390 -45.5
1 5.81072 -45.5
1 5.79845 -45.5
1 5.80458 -45.5
1 5.79845 -45.5
1 5.77390 -45.5
1 5.78618 -45.5
1 5.76777 -46.0
1 5.79231 -46.0
1 5.79845 -46.0
1 5.79231 -45.5
1 5.82913 -45.5
1 5.78004 -45.5
1 5.80458 -45.5
1 5.83526 -46.0
1 5.79231 -45.5
1 5.81072 -45.5
1 5.81072 -46.0
1 5.79845 -46.0
1 5.81072 -45.5
1 5.82913 -46.0
1 5.77390 -45.5
1 5.79845 -46.0
1 5.79231 -46.0
1 5.79845 -45.5
1 5.79231 -46.0
1 5.79845 -46.0
1 5.80458 -45.5
1 5.78618 -45.5
1 5.81686 -45.5
1 5.81686 -45.5
1 5.80458 -46.0
1 5.78618 -45.5
1 5.76777 -45.5
1 5.82299 -46.0
1 5.82913 -46.0
1 5.79845 -46.0
1 5.79231 -46.0
1 5.79845 -45.5
1 5.79231 -45.5
1 5.78004 -45.5
1 5.81072 -46.0
1 5.79231 -45.5
1 5.81072 -45.5
1 5.82299 -45.5
1 5.80458 -46.0
1 5.81686 -46.0
1 5.78618 -46.0
1 5.78618 -46.0
1 5.78004 -46.0
1 5.81072 -45.5
1 5.79845 -46.0
1 5.78004 -45.5
1 5.79845 -45.5
1 5.79845 -46.0
1 5.79231 -46.0
1 5.78004 -46.0
1 5.79231 -45.5
1 5.79231 -46.0
1 5.78004 -46.0
1 5.79231 -46.0
1 5.79845 -46.0
1 5.79845 -45.5
1 5.80458 -45.5
1 5.82299 -45.5
1 5.80458 -46.0
1 5.79231 -46.0
1 5.81686 -46.0
1 5.79231 -46.0
1 5.79231 -46.0
1 5.80458 -45.5
1 5.78004 -46.0
1 5.79845 -46.0
1 5.78618 -46.0
1 5.81686 -46.0
1 5.79845 -46.0
1 5.80458 -46.0
1 5.80458 -45.5
1 5.79845 -45.5
1 5.79231 -46.0
1 5.79845 -46.0
1 5.79845 -46.0
1 5.79231 -46.0
