1 6.11138 -46.0
1 6.12365 -46.0
1 6.10524 -46.0
1 6.13592 -46.0
1 6.10524 -46.0
1 6.12365 -46.0
1 6.11138 -46.0
1 6.10524 -46.0
1 6.12979 -46.0
1 6.08684 -46.0
1 6.11138 -46.0
1 6.10524 -46.0
1 6.11138 -46.0
1 6.12979 -46.0
1 6.14206 -46.0
1 6.09297 -46.0
1 6.10524 -46.0
1 6.13592 -46.0
1 6.11138 -46.0
1 6.10524 -46.0
1 6.09297 -46.0
1 6.13592 -46.0
1 6.10524 -46.0
1 6.11138 -46.0
1 6.09911 -46.0
1 6.09911 -46.0
1 6.12979 -46.0
1 6.09911 -46.0
1 6.11138 -46.0
1 6.12365 -46.0
1 6.09911 -46.0
1 6.11752 -46.0
1 6.14206 -46.0
1 6.16047 -46.0
1 6.11752 -46.0
1 6.10524 -46.0
1 6.12979 -46.0
1 6.13592 -46.0
1 6.11752 -46.0
1 6.12979 -46.0
1 6.11752 -46.0
1 6.11752 -46.0
1 6.13592 -46.0
1 6.08684 -46.0
1 6.09911 -46.0
1 6.14206 -46.0
1 6.11138 -46.0
1 6.11138 -46.0
1 6.10524 -46.0
1 6.14206 -46.0
1 6.13592 -46.0
1 6.14819 -46.0
1 6.13592 -46.0
1 6.12979 -46.0
1 6.10524 -46.0
1 6.11752 -46.0
1 6.14206 -46.0
1 6.11752 -46.0
1 6.13592 -46.0
1 6.12365 -46.0
1 6.16047 -46.0
1 6.12979 -46.0
1 6.09911 -46.0
1 6.11752 -46.0
1 6.12365 -46.0
1 6.13592 -46.0
1 6.12979 -46.0
1 6.09911 -46.0
1 6.13592 -46.0
1 6.11752 -46.0
1 6.09911 -46.0
1 6.10524 -46.0
1 6.14206 -46.0
1 6.11138 -46.0
1 6.11138 -46.0
1 6.12979 -46.0
1 6.12979 -46.0
1 6.11752 -46.0
1 6.16047 -46.0
1 6.11752 -46.0
1 6.14819 -46.0
1 6.11752 -46.0
1 6.12979 -46.0
1 6.12365 -46.0
1 6.12365 -46.0
1 6.14206 -46.0
1 6.12365 -46.0
1 6.10524 -46.0
1 6.13592 -46.0
1 6.12365 -46.0
1 6.12979 -46.0
1 6.13592 -46.0
1 6.12979 -46.0
1 6.12365 -46.0
1 6.17274 -46.0
1 6.09297 -46.0
1 6.11752 -46.0
1 6.15433 -46.0
1 6.13592 -46.0
1 6.14206 -46.0
1 6.14206 -46.0
1 6.14819 -46.0
1 6.13592 -46.0
1 6.11138 -46.0
1 6.16047 -46.0
1 6.11752 -46.0
1 6.10524 -46.0
1 6.11138 -46.0
1 6.11752 -46.0
1 6.10524 -46.0
1 6.13592 -46.0
1 6.12365 -46.0
1 6.13592 -46.0
1 6.10524 -46.0
1 6.13592 -46.0
1 6.11752 -46.0
1 6.11752 -46.0
1 6.15433 -46.0
1 6.13592 -46.0
1 6.14819 -46.0
1 6.12979 -46.0
1 6.10524 -46.0
1 6.14819 -46.0
1 6.12979 -46.0
1 6.13592 -46.0
1 6.11752 -46.0
1 6.14819 -46.0
1 6.12979 -46.0
1 6.14819 -46.0
1 6.11138 -46.0
1 6.12979 -46.0
1 6.13592 -46.0
1 6.10524 -46.0
1 6.09911 -46.0
1 6.11138 -46.0
1 6.13592 -46.0
1 6.12365 -46.0
1 6.10524 -46.0
1 6.16660 -46.0
1 6.10524 -46.0
1 6.14206 -46.0
1 6.13592 -46.0
1 6.13592 -46.0
1 6.09297 -46.0
1 6.12979 -46.0
1 6.12979 -46.0
1 6.12365 -46.0
1 6.09911 -46.0
1 6.11138 -46.0
1 6.11138 -46.0
1 6.10524 -46.0
1 6.11752 -46.0
1 6.15433 -46.0
1 6.11138 -46.0
1 6.13592 -46.0
1 6.09911 -46.0
1 6.12365 -46.0
1 6.09911 -46.0
1 6.13592 -46.0
1 6.11752 -46.0
1 6.14819 -46.0
1 6.12365 -46.0
1 6.10524 -46.0
1 6.11138 -46.0
1 6.15433 -46.0
1 6.15433 -46.0
1 6.13592 -46.0
1 6.12979 -46.0
1 6.11752 -46.0
1 6.14819 -46.0
1 6.11138 -46.0
1 6.10524 -46.0
1 6.12365 -46.0
1 6.12979 -46.0
1 6.12365 -46.0
1 6.13592 -46.0
1 6.13592 -46.0
1 6.10524 -46.0
1 6.12979 -46.0
1 6.11752 -46.0
1 6.11138 -46.0
1 6.12979 -46.0
1 6.12365 -46.0
1 6.11752 -46.0
1 6.11752 -46.0
1 6.11752 -46.0
1 6.10524 -46.0
1 6.11752 -46.0
1 6.12979 -46.0
1 6.10524 -46.0
1 6.11138 -46.0
1 6.11752 -46.0
1 6.11752 -46.0
1 6.12365 -46.0
1 6.14819 -46.0
1 6.11752 -46.0
1 6.10524 -46.0
1 6.09297 -46.0
1 6.12979 -46.0
1 6.11138 -46.0
1 6.13592 -46.0
1 6.14206 -46.0
1 6.12979 -46.0
1 6.12979 -46.0
1 6.08070 -46.0
1 6.10524 -46.0
1 6.10524 -46.0
1 6.11138 -46.0
1 6.11138 -46.0
1 6.09911 -46.0
1 6.10524 -46.0
1 6.09297 -46.0
1 6.12979 -46.0
1 6.11138 -46.0
1 6.09297 -46.0
1 6.09297 -46.0
1 6.11138 -46.0
1 6.12365 -46.0
1 6.09911 -46.0
1 6.12365 -46.0
1 6.13592 -46.0
1 6.10524 -46.0
1 6.12365 -46.0
1 6.10524 -46.0
1 6.09297 -46.0
1 6.14819 -46.0
1 6.14206 -46.0
1 6.11138 -46.0
1 6.14819 -46.0
1 6.08684 -46.0
1 6.12365 -46.0
1 6.12979 -46.0
1 6.12979 -46.0
1 6.13592 -46.0
1 6.10524 -46.0
1 6.14206 -46.0
1 6.12979 -46.0
1 6.12979 -46.0
1 6.12365 -46.0
1 6.12365 -46.0
1 6.13592 -46.0
1 6.11138 -46.0
1 6.11138 -46.0
1 6.10524 -46.0
1 6.08684 -46.0
1 6.10524 -46.0
1 6.12365 -46.0
1 6.10524 -46.0
1 6.11138 -46.0
1 6.09297 -46.0
1 6.11752 -46.0
1 6.16660 -46.0
1 6.09297 -46.0
1 6.08684 -46.0
1 6.09911 -46.0
1 6.11138 -46.0
1 6.10524 -46.0
1 6.09911 -46.0
1 6.12365 -46.0
1 6.13592 -46.0
1 6.10524 -46.0
1 6.10524 -46.0
1 6.09297 -46.0
1 6.09297 -46.0
1 6.09911 -46.0
1 6.14819 -46.0
1 6.12365 -46.0
1 6.11138 -46.0
1 6.13592 -46.0
1 6.11752 -46.0
1 6.11138 -46.0
1 6.11138 -46.0
1 6.09911 -46.0
1 6.09297 -46.0
1 6.10524 -46.0
1 6.10524 -46.0
1 6.10524 -46.0
1 6.11138 -46.0
1 6.10524 -46.0
1 6.08684 -46.0
1 6.12979 -46.0
1 6.12979 -46.0
1 6.10524 -46.0
1 6.12365 -46.0
1 6.09911 -46.0
1 6.09911 -46.0
1 6.08684 -46.0
1 6.10524 -46.0
1 6.09911 -46.0
1 6.09297 -46.0
1 6.09297 -46.0
1 6.10524 -46.0
1 6.11138 -46.0
1 6.10524 -46.0
1 6.11138 -46.0
1 6.10524 -46.0
1 6.10524 -46.0
1 6.12365 -46.0
1 6.08684 -46.0
1 6.11752 -46.0
1 6.11752 -46.0
1 6.09297 -46.0
1 6.09911 -46.0
1 6.14206 -46.0
1 6.13592 -46.0
1 6.09297 -46.0
1 6.09911 -46.0
1 6.09297 -46.0
1 6.09297 -46.0
1 6.09911 -46.0
1 6.09297 -46.0
1 6.09911 -46.0
1 6.11752 -46.0
1 6.09297 -46.0
1 6.12979 -46.0
1 6.11138 -46.0
1 6.12979 -46.0
1 6.09297 -46.0
1 6.12365 -46.0
1 6.09911 -46.0
1 6.09911 -46.0
1 6.12979 -46.0
1 6.11752 -46.0
1 6.09911 -46.0
1 6.08684 -46.0
1 6.11752 -46.0
1 6.09911 -46.0
1 6.07456 -46.0
1 6.14819 -46.0
1 6.11138 -46.0
1 6.11138 -46.0
1 6.11138 -46.0
1 6.09297 -46.0
1 6.11138 -46.0
1 6.09911 -46.0
1 6.13592 -46.0
1 6.12979 -46.0
1 6.10524 -46.0
1 6.10524 -46.0
1 6.10524 -46.0
1 6.14206 -46.0
1 6.09911 -46.0
1 6.07456 -46.0
1 6.11752 -46.0
1 6.09297 -46.0
1 6.08684 -46.0
1 6.09297 -46.0
1 6.10524 -46.0
1 6.12365 -46.0
1 6.08684 -46.0
1 6.08684 -46.0
1 6.08684 -46.0
1 6.10524 -46.0
1 6.09297 -46.0
1 6.11752 -46.0
1 6.09911 -46.0
1 6.11752 -46.0
1 6.12365 -46.0
1 6.11752 -46.0
1 6.11752 -46.0
1 6.11752 -46.0
1 6.14206 -46.0
1 6.14206 -46.0
1 6.12365 -46.0
1 6.12979 -46.0
1 6.13592 -46.0
1 6.12365 -46.0
1 6.12365 -46.0
1 6.12979 -46.0
1 6.08684 -46.0
1 6.14206 -46.0
1 6.09297 -46.0
1 6.09297 -46.0
1 6.08070 -46.0
1 6.12365 -46.0
1 6.12365 -46.0
1 6.10524 -46.0
1 6.10524 -46.0
1 6.08684 -46.0
1 6.11138 -46.0
1 6.08684 -46.0
1 6.11138 -46.0
1 6.14206 -46.0
1 6.11138 -46.0
1 6.09297 -46.0
1 6.15433 -46.0
1 6.09911 -46.0
1 6.11752 -46.0
1 6.12979 -46.0
1 6.11752 -46.0
1 6.09911 -46.0
1 6.09911 -46.0
1 6.10524 -46.0
1 6.12365 -46.0
1 6.12979 -46.0
1 6.10524 -46.0
1 6.11752 -46.0
1 6.09297 -46.0
1 6.11138 -46.0
1 6.10524 -46.0
1 6.10524 -46.0
1 6.11752 -46.0
1 6.08684 -46.0
1 6.15433 -46.0
1 6.11138 -46.0
1 6.12365 -46.0
1 6.09911 -46.0
1 6.12365 -46.0
1 6.13592 -46.0
1 6.13592 -46.0
1 6.12979 -46.0
1 6.11752 -46.0
1 6.13592 -46.0
1 6.09911 -46.0
1 6.11138 -46.0
1 6.11752 -46.0
1 6.10524 -46.0
1 6.09297 -46.0
1 6.11138 -46.0
1 6.09911 -46.0
1 6.16660 -46.0
1 6.14819 -46.0
1 6.11138 -46.0
1 6.14206 -46.0
1 6.11138 -46.0
1 6.12365 -46.0
1 6.12365 -46.0
1 6.12365 -46.0
1 6.11138 -46.0
1 6.12365 -46.0
1 6.11752 -46.0
1 6.14206 -46.0
1 6.12365 -46.0
1 6.12979 -46.0
1 6.11752 -46.0
1 6.13592 -46.0
1 6.11138 -46.0
1 6.09911 -46.0
1 6.12365 -46.0
1 6.13592 -46.0
1 6.11138 -46.0
1 6.11752 -46.0
1 6.12365 -46.0
1 6.12979 -46.0
1 6.11752 -46.0
1 6.14206 -46.0
1 6.10524 -46.0
1 6.11138 -46.0
1 6.13592 -46.0
1 6.16047 -46.0
1 6.12365 -46.0
1 6.10524 -46.0
1 6.11138 -46.0
1 6.12979 -46.0
1 6.12979 -46.0
1 6.12365 -46.0
1 6.10524 -46.0
1 6.11138 -46.0
1 6.13592 -46.0
1 6.13592 -46.0
1 6.12365 -46.0
1 6.11138 -46.0
1 6.11138 -46.0
1 6.11752 -46.0
1 6.12365 -46.0
1 6.12979 -46.0
1 6.12365 -46.0
1 6.11752 -46.0
1 6.09911 -46.0
1 6.11752 -46.0
1 6.11752 -46.0
1 6.12365 -46.0
1 6.10524 -46.0
1 6.09297 -46.0
1 6.10524 -46.0
1 6.12979 -46.0
1 6.11138 -46.0
1 6.09911 -46.0
1 6.11138 -46.0
1 6.11752 -46.0
1 6.12365 -46.0
1 6.13592 -46.0
1 6.10524 -46.0
1 6.14819 -46.0
1 6.12365 -46.0
1 6.11752 -46.0
1 6.11138 -46.0
1 6.09911 -46.0
1 6.12365 -46.0
1 6.12979 -46.0
1 6.08070 -46.0
1 6.12365 -46.0
1 6.11138 -46.0
1 6.11752 -46.0
1 6.08684 -46.0
1 6.11138 -46.0
1 6.11138 -46.0
1 6.12979 -46.0
1 6.11752 -46.0
1 6.14819 -46.0
1 6.12365 -46.0
1 6.11752 -46.0
1 6.11138 -46.0
1 6.08684 -46.0
1 6.11138 -46.0
1 6.12979 -46.0
1 6.09911 -46.0
1 6.11138 -46.0
1 6.11752 -46.0
1 6.10524 -46.0
1 6.10524 -46.0
1 6.11138 -46.0
1 6.12979 -46.0
1 6.11138 -46.0
1 6.12365 -46.0
1 6.09911 -46.0
1 6.11752 -46.0
1 6.12365 -46.0
1 6.12365 -46.0
1 6.11138 -46.0
1 6.12979 -46.0
1 6.10524 -46.0
1 6.11138 -46.0
1 6.09911 -46.0
1 6.12365 -46.0
1 6.09911 -46.0
1 6.11138 -46.0
