1 5.19099 -47.5
1 5.17872 -47.5
1 5.15418 -47.5
1 5.16645 -47.5
1 5.17872 -47.5
1 5.16645 -47.5
1 5.18486 -47.5
1 5.17872 -47.5
1 5.16645 -47.5
1 5.19099 -47.5
1 5.16645 -47.5
1 5.20326 -47.5
1 5.19713 -47.5
1 5.16645 -47.5
1 5.16645 -47.0
1 5.16645 -47.5
1 5.16645 -47.5
1 5.19713 -47.5
1 5.16645 -47.5
1 5.15418 -47.5
1 5.17872 -47.5
1 5.17258 -47.5
1 5.19713 -47.5
1 5.17258 -47.5
1 5.16645 -47.5
1 5.19713 -47.5
1 5.16645 -47.0
1 5.17258 -47.5
1 5.18486 -47.5
1 5.18486 -47.5
1 5.16031 -47.5
1 5.19099 -47.5
1 5.18486 -47.5
1 5.16031 -47.5
1 5.16645 -47.5
1 5.17258 -47.5
1 5.17258 -47.5
1 5.17258 -47.5
1 5.16645 -47.5
1 5.17258 -47.5
1 5.19099 -47.5
1 5.18486 -47.5
1 5.14804 -47.5
1 5.20326 -47.5
1 5.14190 -47.5
1 5.17258 -47.5
1 5.18486 -47.5
1 5.18486 -47.5
1 5.17258 -47.5
1 5.17872 -47.5
1 5.19099 -47.5
1 5.17872 -47.5
1 5.17872 -47.5
1 5.16645 -47.5
1 5.18486 -47.5
1 5.17258 -47.5
1 5.19099 -47.5
1 5.18486 -47.5
1 5.17258 -47.5
1 5.16645 -47.5
1 5.17872 -47.5
1 5.17872 -47.5
1 5.15418 -47.5
1 5.17872 -47.5
1 5.17872 -47.5
1 5.16645 -47.5
1 5.19099 -47.5
1 5.17872 -47.5
1 5.19099 -47.5
1 5.19099 -47.5
1 5.17258 -47.5
1 5.18486 -47.5
1 5.17258 -47.5
1 5.19099 -47.5
1 5.16645 -47.5
1 5.17258 -47.5
1 5.19099 -47.5
1 5.16031 -47.5
1 5.20940 -47.5
1 5.16031 -47.5
1 5.18486 -47.5
1 5.18486 -47.5
1 5.19099 -47.5
1 5.19099 -47.5
1 5.18486 -47.5
1 5.18486 -47.5
1 5.19099 -47.5
1 5.16645 -47.5
1 5.17872 -47.5
1 5.19713 -47.5
1 5.19099 -47.5
1 5.16645 -47.5
1 5.16645 -47.5
1 5.17258 -47.0
1 5.19713 -47.5
1 5.19713 -47.5
1 5.17872 -47.5
1 5.19099 -47.5
1 5.19099 -47.5
1 5.19099 -47.5
1 5.17258 -47.5
1 5.18486 -47.5
1 5.16645 -47.5
1 5.19099 -47.5
1 5.17258 -47.5
1 5.17872 -47.5
1 5.18486 -47.5
1 5.18486 -47.5
1 5.20326 -47.5
1 5.16645 -47.5
1 5.17872 -47.5
1 5.19099 -47.5
1 5.17872 -47.5
1 5.19713 -47.5
1 5.17258 -47.5
1 5.20326 -47.5
1 5.19713 -47.5
1 5.19713 -47.5
1 5.19713 -47.5
1 5.19713 -47.5
1 5.19099 -47.5
1 5.19099 -47.5
1 5.19713 -47.5
1 5.16645 -47.5
1 5.19099 -47.5
1 5.17258 -47.5
1 5.17872 -47.5
1 5.20326 -47.5
1 5.18486 -47.5
1 5.16031 -47.5
1 5.19713 -47.5
1 5.22167 -47.5
1 5.18486 -47.5
1 5.17258 -47.5
1 5.19713 -47.5
1 5.19099 -47.5
1 5.17872 -47.5
1 5.19713 -47.5
1 5.16031 -47.5
1 5.16645 -47.5
1 5.19099 -47.5
1 5.17258 -47.5
1 5.20326 -47.5
1 5.19713 -47.5
1 5.20326 -47.5
1 5.17872 -47.5
1 5.18486 -47.5
1 5.17258 -47.5
1 5.16645 -47.5
1 5.17258 -47.5
1 5.23394 -47.5
1 5.18486 -47.5
1 5.19099 -47.5
1 5.16645 -47.5
1 5.17258 -47.5
1 5.19099 -47.5
1 5.18486 -47.5
1 5.16645 -47.5
1 5.17872 -47.5
1 5.16031 -47.5
1 5.16645 -47.5
1 5.20326 -47.5
1 5.14804 -47.5
1 5.17872 -47.5
1 5.16031 -47.5
1 5.16645 -47.5
1 5.16031 -47.5
1 5.14804 -47.5
1 5.16645 -47.5
1 5.19099 -47.5
1 5.18486 -47.5
1 5.19099 -47.5
1 5.17872 -47.5
1 5.17258 -47.5
1 5.17258 -47.5
1 5.20940 -47.5
1 5.19713 -47.5
1 5.15418 -47.5
1 5.16031 -47.5
1 5.18486 -47.5
1 5.18486 -47.5
1 5.16031 -47.5
1 5.19099 -47.5
1 5.19099 -47.5
1 5.18486 -47.5
1 5.17258 -47.5
1 5.19713 -47.5
1 5.17258 -47.5
1 5.15418 -47.5
1 5.16645 -47.5
1 5.15418 -47.5
1 5.17258 -47.5
1 5.17872 -47.5
1 5.14804 -47.5
1 5.18486 -47.5
1 5.19713 -47.5
1 5.17258 -47.5
1 5.19099 -47.5
1 5.17872 -47.5
1 5.17258 -47.5
1 5.17258 -47.5
1 5.17258 -47.5
1 5.17872 -47.5
1 5.15418 -47.5
1 5.16031 -47.5
1 5.16645 -47.5
1 5.16031 -47.5
1 5.18486 -47.5
1 5.16645 -47.5
1 5.16031 -47.5
1 5.18486 -47.5
1 5.19713 -47.5
1 5.18486 -47.5
1 5.16645 -47.5
1 5.17258 -47.5
1 5.16645 -47.5
1 5.17872 -47.5
1 5.16645 -47.5
1 5.17258 -47.5
1 5.16645 -47.5
1 5.16031 -47.5
1 5.18486 -47.5
1 5.17872 -47.5
1 5.17258 -47.5
1 5.15418 -47.5
1 5.17872 -47.5
1 5.17258 -47.5
1 5.14190 -47.5
1 5.17872 -47.5
1 5.14804 -47.5
1 5.16031 -47.5
1 5.18486 -47.5
1 5.16031 -47.5
1 5.16031 -47.5
1 5.18486 -47.5
1 5.16645 -47.5
1 5.17872 -47.5
1 5.15418 -47.5
1 5.17258 -47.5
1 5.14190 -47.5
1 5.16031 -47.5
1 5.16645 -47.5
1 5.18486 -47.5
1 5.17258 -47.5
1 5.17258 -47.5
1 5.16031 -47.5
1 5.17258 -47.5
1 5.16031 -47.5
1 5.16645 -47.5
1 5.17872 -47.5
1 5.16645 -47.5
1 5.17872 -47.5
1 5.18486 -47.5
1 5.17258 -47.5
1 5.17258 -47.5
1 5.17872 -47.5
1 5.16645 -47.5
1 5.17872 -47.5
1 5.17258 -47.5
1 5.14190 -47.5
1 5.17872 -47.5
1 5.17258 -47.5
1 5.15418 -47.5
1 5.16031 -47.5
1 5.16645 -47.5
1 5.18486 -47.5
1 5.17872 -47.5
1 5.16031 -47.5
1 5.17258 -47.5
1 5.15418 -47.5
1 5.17872 -47.5
1 5.17258 -47.5
1 5.19099 -47.5
1 5.19099 -47.5
1 5.16031 -47.5
1 5.17258 -47.5
1 5.17258 -47.5
1 5.16645 -47.5
1 5.17258 -47.5
1 5.16645 -47.5
1 5.15418 -47.5
1 5.20326 -47.5
1 5.17872 -47.5
1 5.15418 -47.5
1 5.17258 -47.5
1 5.17872 -47.5
1 5.17258 -47.5
1 5.19713 -47.5
1 5.17872 -47.5
1 5.16645 -47.5
1 5.18486 -47.5
1 5.18486 -47.5
1 5.19099 -47.5
1 5.17258 -47.5
1 5.19099 -47.5
1 5.16645 -47.5
1 5.18486 -47.5
1 5.19713 -47.5
1 5.18486 -47.5
1 5.18486 -47.5
1 5.14804 -47.5
1 5.18486 -47.5
1 5.16645 -47.5
1 5.17872 -47.5
1 5.18486 -47.5
1 5.16031 -47.5
1 5.19099 -47.5
1 5.19099 -47.5
1 5.14804 -47.5
1 5.15418 -47.5
1 5.16645 -47.5
1 5.21553 -47.5
1 5.17872 -47.5
1 5.16645 -47.5
1 5.14190 -47.5
1 5.18486 -47.5
1 5.20326 -47.5
1 5.16645 -47.5
1 5.18486 -47.5
1 5.19099 -47.5
1 5.16645 -47.5
1 5.17258 -47.5
1 5.17872 -47.5
1 5.17872 -47.5
1 5.15418 -47.5
1 5.17258 -47.5
1 5.17258 -47.5
1 5.16031 -47.5
1 5.19099 -47.5
1 5.17872 -47.5
1 5.17872 -47.5
1 5.17258 -47.5
1 5.19099 -47.5
1 5.17258 -47.5
1 5.14804 -47.5
1 5.17258 -47.5
1 5.17872 -47.5
1 5.15418 -47.5
1 5.16031 -47.5
1 5.17872 -47.5
1 5.18486 -47.5
1 5.19713 -47.5
1 5.17872 -47.5
1 5.16645 -47.5
1 5.17872 -47.5
1 5.15418 -47.5
1 5.17258 -47.5
1 5.17872 -47.5
1 5.20326 -47.5
1 5.18486 -47.5
1 5.19099 -47.5
1 5.17872 -47.5
1 5.16645 -47.5
1 5.17258 -47.5
1 5.17872 -47.5
1 5.17872 -47.5
1 5.19099 -47.5
1 5.17258 -47.5
1 5.15418 -47.5
1 5.18486 -47.5
1 5.17258 -47.5
1 5.20326 -47.5
1 5.14804 -47.5
1 5.18486 -47.5
1 5.15418 -47.5
1 5.18486 -47.5
1 5.17258 -47.5
1 5.16645 -47.5
1 5.17258 -47.5
1 5.16031 -47.5
1 5.16645 -47.5
1 5.17258 -47.5
1 5.16645 -47.5
1 5.15418 -47.5
1 5.16031 -47.5
1 5.18486 -47.5
1 5.19713 -47.5
1 5.19713 -47.5
1 5.17258 -47.5
1 5.17258 -47.5
1 5.22167 -47.5
1 5.17872 -47.5
1 5.17258 -47.5
1 5.18486 -47.5
1 5.15418 -47.5
1 5.18486 -47.5
1 5.17872 -47.5
1 5.16645 -47.5
1 5.17258 -47.5
1 5.17872 -47.5
1 5.17258 -47.5
1 5.16031 -47.5
1 5.17258 -47.5
1 5.17258 -47.5
1 5.18486 -47.5
1 5.16031 -47.5
1 5.18486 -47.5
1 5.18486 -47.5
1 5.18486 -47.5
1 5.17258 -47.5
1 5.17872 -47.5
1 5.17872 -47.5
1 5.17258 -47.5
1 5.17258 -47.5
1 5.18486 -47.5
1 5.19713 -47.5
1 5.15418 -47.5
1 5.19713 -47.5
1 5.19099 -47.5
1 5.16031 -47.5
1 5.19713 -47.5
1 5.16031 -47.5
1 5.17872 -47.5
1 5.19713 -47.5
1 5.19713 -47.5
1 5.17872 -47.5
1 5.18486 -47.5
1 5.17258 -47.5
1 5.19713 -47.5
1 5.18486 -47.5
1 5.16645 -47.5
1 5.17872 -47.5
1 5.19713 -47.5
1 5.17258 -47.5
1 5.20326 -47.5
1 5.17872 -47.5
1 5.15418 -47.5
1 5.18486 -47.5
1 5.19713 -47.5
1 5.19099 -47.5
1 5.19099 -47.5
1 5.16645 -47.5
1 5.19099 -47.5
1 5.15418 -47.5
1 5.15418 -47.5
1 5.19099 -47.5
1 5.18486 -47.5
1 5.22167 -47.5
1 5.18486 -47.5
1 5.18486 -47.5
1 5.20326 -47.5
1 5.17872 -47.5
1 5.18486 -47.5
1 5.17258 -47.5
1 5.20326 -47.5
1 5.20326 -47.5
1 5.18486 -47.5
1 5.20940 -47.5
1 5.16645 -47.5
1 5.20326 -47.5
1 5.18486 -47.5
1 5.19099 -47.5
1 5.18486 -47.5
1 5.19713 -47.5
1 5.19099 -47.5
1 5.19713 -47.5
1 5.18486 -47.5
1 5.20940 -47.5
1 5.19713 -47.5
1 5.18486 -47.5
1 5.19099 -47.5
1 5.20326 -47.5
1 5.19713 -47.5
1 5.17872 -47.5
1 5.17872 -47.5
1 5.16031 -47.5
1 5.20326 -47.5
1 5.17872 -47.5
1 5.17872 -47.5
1 5.19713 -47.5
1 5.17258 -47.5
1 5.17258 -47.5
1 5.18486 -47.5
1 5.19099 -47.5
1 5.19713 -47.5
1 5.19099 -47.5
1 5.19713 -47.5
1 5.20940 -47.5
1 5.18486 -47.5
1 5.16031 -47.5
1 5.19099 -47.5
1 5.17258 -47.5
1 5.17258 -47.5
1 5.15418 -47.5
1 5.18486 -47.5
1 5.16031 -47.5
1 5.17258 -47.5
1 5.18486 -47.5
1 5.17258 -47.5
1 5.15418 -47.5
1 5.17872 -47.5
1 5.19099 -47.5
1 5.17872 -47.5
1 5.15418 -47.5
1 5.17872 -47.5
1 5.19713 -47.5
1 5.19713 -47.5
1 5.17872 -47.5
1 5.18486 -47.5
1 5.18486 -47.5
1 5.18486 -47.5
1 5.19099 -47.5
1 5.18486 -47.5
1 5.17258 -47.5
1 5.18486 -47.5
1 5.19099 -47.5
1 5.16031 -47.5
1 5.18486 -47.5
1 5.15418 -47.5
1 5.18486 -47.5
1 5.17872 -47.5
1 5.20940 -47.5
1 5.18486 -47.5
1 5.17872 -47.5
1 5.17258 -47.5
1 5.17872 -47.5
1 5.17258 -47.5
1 5.17258 -47.5
1 5.17258 -47.5
1 5.17872 -47.5
1 5.19099 -47.5
1 5.20940 -47.5
1 5.18486 -47.5
1 5.18486 -47.5
1 5.20940 -47.5
1 5.19713 -47.5
1 5.17872 -47.5
1 5.18486 -47.5
