1 5.35666 -47.5
1 5.36893 -48.0
1 5.37507 -48.0
1 5.36893 -48.0
1 5.38734 -47.5
1 5.31371 -48.0
1 5.38120 -47.5
1 5.37507 -48.0
1 5.35052 -48.0
1 5.37507 -48.0
1 5.39961 -48.0
1 5.34439 -48.0
1 5.39961 -47.5
1 5.36893 -48.0
1 5.38734 -48.0
1 5.34439 -48.0
1 5.32598 -48.0
1 5.36280 -47.5
1 5.35052 -48.0
1 5.35666 -48.0
1 5.36893 -48.0
1 5.31985 -48.0
1 5.33825 -48.0
1 5.34439 -48.0
1 5.36280 -48.0
1 5.32598 -47.5
1 5.39348 -48.0
1 5.34439 -48.0
1 5.33825 -48.0
1 5.39348 -48.0
1 5.36893 -48.0
1 5.38734 -48.0
1 5.39961 -48.0
1 5.32598 -48.0
1 5.38734 -48.0
1 5.41188 -48.0
1 5.34439 -48.0
1 5.39961 -48.0
1 5.35052 -47.5
1 5.41802 -48.0
1 5.39348 -48.0
1 5.40575 -48.0
1 5.38120 -48.0
1 5.39348 -48.0
1 5.38734 -48.0
1 5.38120 -48.0
1 5.41188 -47.5
1 5.36280 -47.5
1 5.38120 -48.0
1 5.38120 -48.0
1 5.37507 -48.0
1 5.33825 -48.0
1 5.36280 -48.0
1 5.36893 -48.0
1 5.36280 -48.0
1 5.38734 -48.0
1 5.38120 -48.0
1 5.39961 -48.0
1 5.34439 -48.0
1 5.33212 -48.0
1 5.35052 -48.0
1 5.41802 -48.0
1 5.39348 -48.0
1 5.39961 -48.0
1 5.36893 -48.0
1 5.39961 -48.0
1 5.39961 -48.0
1 5.36280 -48.0
1 5.38734 -48.0
1 5.33212 -48.0
1 5.42416 -48.0
1 5.38734 -47.5
1 5.35052 -48.0
1 5.41188 -48.0
1 5.42416 -48.0
1 5.40575 -48.0
1 5.33825 -48.0
1 5.33825 -48.0
1 5.39961 -48.0
1 5.38734 -48.0
1 5.39961 -48.0
1 5.35052 -48.0
1 5.35666 -47.5
1 5.39348 -48.0
1 5.39961 -48.0
1 5.39348 -48.0
1 5.39348 -48.0
1 5.39348 -48.0
1 5.36893 -47.5
1 5.39961 -48.0
1 5.38734 -48.0
1 5.39961 -48.0
1 5.42416 -48.0
1 5.38734 -48.0
1 5.38120 -48.0
1 5.36280 -48.0
1 5.40575 -48.0
1 5.39348 -47.5
1 5.39961 -48.0
1 5.38734 -48.0
1 5.35666 -48.0
1 5.38734 -48.0
1 5.42416 -47.5
1 5.39961 -48.0
1 5.42416 -48.0
1 5.36280 -48.0
1 5.39961 -48.0
1 5.39961 -48.0
1 5.38734 -48.0
1 5.38734 -48.0
1 5.39348 -48.0
1 5.39961 -48.0
1 5.40575 -48.0
1 5.38120 -48.0
1 5.35666 -48.0
1 5.39961 -48.0
1 5.33212 -48.0
1 5.39348 -47.5
1 5.39348 -48.0
1 5.41188 -48.0
1 5.39348 -48.0
1 5.39348 -48.0
1 5.41188 -48.0
1 5.40575 -48.0
1 5.36893 -48.0
1 5.37507 -47.5
1 5.38120 -48.0
1 5.38120 -48.0
1 5.41802 -48.0
1 5.36893 -48.0
1 5.39348 -48.0
1 5.38734 -48.0
1 5.34439 -48.0
1 5.40575 -48.0
1 5.36280 -47.5
1 5.38120 -48.0
1 5.41188 -48.0
1 5.34439 -48.0
1 5.36893 -47.5
1 5.36280 -48.0
1 5.38734 -48.0
1 5.41188 -48.0
1 5.38120 -48.0
1 5.35666 -48.0
1 5.36280 -48.0
1 5.34439 -48.0
1 5.38120 -48.0
1 5.36893 -48.0
1 5.32598 -48.0
1 5.38120 -48.0
1 5.38734 -48.0
1 5.39961 -48.0
1 5.38734 -48.0
1 5.42416 -48.0
1 5.39961 -48.0
1 5.35052 -48.0
1 5.33212 -48.0
1 5.39961 -48.0
1 5.39348 -48.0
1 5.36893 -47.5
1 5.34439 -47.5
1 5.36893 -48.0
1 5.42416 -47.5
1 5.37507 -48.0
1 5.36893 -48.0
1 5.40575 -48.0
1 5.36280 -48.0
1 5.40575 -48.0
1 5.40575 -48.0
1 5.34439 -48.0
1 5.40575 -48.0
1 5.41188 -47.5
1 5.40575 -48.0
1 5.36893 -48.0
1 5.34439 -48.0
1 5.36893 -48.0
1 5.39961 -48.0
1 5.38120 -48.0
1 5.39348 -48.0
1 5.36280 -47.5
1 5.39348 -48.0
1 5.38120 -48.0
1 5.42416 -48.0
1 5.39348 -47.5
1 5.42416 -48.0
1 5.41188 -48.0
1 5.38734 -48.0
1 5.39348 -48.0
1 5.38120 -48.0
1 5.39348 -48.0
1 5.43029 -48.0
1 5.38120 -48.0
1 5.39961 -48.0
1 5.36280 -48.0
1 5.34439 -48.0
1 5.33825 -48.0
1 5.39961 -48.0
1 5.39961 -48.0
1 5.38120 -48.0
1 5.38734 -48.0
1 5.44256 -48.0
1 5.39348 -48.0
1 5.36280 -48.0
1 5.36893 -48.0
1 5.38120 -48.0
1 5.36280 -48.0
1 5.33212 -48.0
1 5.31371 -48.0
1 5.38120 -48.0
1 5.39961 -48.0
1 5.35666 -48.0
1 5.36280 -48.0
1 5.37507 -48.0
1 5.31985 -48.0
1 5.36280 -48.0
1 5.34439 -48.0
1 5.35052 -48.0
1 5.39348 -48.0
1 5.38734 -48.0
1 5.32598 -47.5
1 5.33825 -48.0
1 5.36280 -48.0
1 5.36280 -48.0
1 5.35052 -48.0
1 5.39348 -48.0
1 5.36280 -48.0
1 5.36280 -47.5
1 5.31371 -48.0
1 5.35052 -48.0
1 5.35052 -48.0
1 5.30757 -48.0
1 5.35052 -48.0
1 5.36280 -48.0
1 5.37507 -48.0
1 5.35052 -48.0
1 5.36280 -48.0
1 5.31985 -48.0
1 5.31985 -47.5
1 5.34439 -48.0
1 5.33825 -48.0
1 5.38120 -48.0
1 5.35052 -48.0
1 5.38734 -48.0
1 5.35052 -48.0
1 5.32598 -47.5
1 5.38734 -48.0
1 5.34439 -47.5
1 5.36893 -48.0
1 5.35666 -48.0
1 5.37507 -47.5
1 5.35666 -47.5
1 5.36280 -48.0
1 5.37507 -48.0
1 5.35666 -48.0
1 5.36280 -48.0
1 5.34439 -48.0
1 5.38120 -48.0
1 5.37507 -48.0
1 5.37507 -48.0
1 5.37507 -48.0
1 5.36280 -48.0
1 5.33212 -48.0
1 5.35666 -48.0
1 5.34439 -48.0
1 5.31985 -48.0
1 5.34439 -48.0
1 5.39348 -48.0
1 5.36280 -48.0
1 5.36280 -48.0
1 5.37507 -48.0
1 5.34439 -48.0
1 5.37507 -48.0
1 5.35052 -48.0
1 5.36280 -48.0
1 5.35666 -48.0
1 5.36280 -48.0
1 5.35052 -48.0
1 5.32598 -48.0
1 5.33825 -48.0
1 5.33212 -48.0
1 5.35052 -48.0
1 5.31371 -48.0
1 5.31985 -48.0
1 5.33825 -47.5
1 5.37507 -48.0
1 5.33212 -47.5
1 5.34439 -48.0
1 5.36893 -48.0
1 5.38734 -47.5
1 5.34439 -48.0
1 5.35052 -47.5
1 5.40575 -48.0
1 5.36893 -48.0
1 5.33212 -48.0
1 5.38734 -47.5
1 5.35666 -47.5
1 5.30757 -47.5
1 5.36893 -47.5
1 5.34439 -48.0
1 5.36280 -48.0
1 5.35666 -48.0
1 5.35666 -47.5
1 5.35666 -48.0
1 5.34439 -48.0
1 5.40575 -48.0
1 5.33825 -48.0
1 5.37507 -48.0
1 5.33825 -48.0
1 5.35666 -48.0
1 5.33825 -48.0
1 5.33825 -48.0
1 5.36280 -48.0
1 5.35052 -48.0
1 5.35666 -48.0
1 5.37507 -48.0
1 5.36893 -47.5
1 5.35666 -48.0
1 5.36280 -47.5
1 5.35666 -48.0
1 5.34439 -48.0
1 5.38120 -48.0
1 5.34439 -48.0
1 5.33212 -48.0
1 5.40575 -48.0
1 5.38120 -48.0
1 5.35052 -48.0
1 5.35666 -47.5
1 5.34439 -48.0
1 5.33212 -48.0
1 5.33212 -48.0
1 5.36893 -48.0
1 5.33212 -48.0
1 5.31985 -48.0
1 5.35052 -48.0
1 5.38734 -48.0
1 5.33825 -48.0
1 5.35052 -48.0
1 5.36280 -48.0
1 5.37507 -48.0
1 5.33825 -48.0
1 5.32598 -48.0
1 5.39348 -48.0
1 5.34439 -48.0
1 5.31985 -48.0
1 5.31985 -48.0
1 5.33212 -48.0
1 5.34439 -47.5
1 5.38120 -47.5
1 5.34439 -48.0
1 5.35666 -48.0
1 5.37507 -48.0
1 5.33212 -48.0
1 5.38120 -48.0
1 5.33212 -48.0
1 5.35666 -48.0
1 5.32598 -48.0
1 5.35052 -48.0
1 5.39348 -48.0
1 5.37507 -48.0
1 5.36893 -48.0
1 5.31371 -48.0
1 5.34439 -48.0
1 5.31371 -48.0
1 5.35666 -48.0
1 5.32598 -48.0
1 5.38734 -48.0
1 5.37507 -48.0
1 5.35052 -48.0
1 5.37507 -48.0
1 5.33825 -48.0
1 5.35052 -48.0
1 5.38120 -48.0
1 5.38120 -48.0
1 5.35052 -48.0
1 5.37507 -48.0
1 5.34439 -48.0
1 5.36280 -48.0
1 5.39348 -48.0
1 5.35052 -48.0
1 5.36893 -48.0
1 5.39348 -48.0
1 5.33212 -48.0
1 5.34439 -48.0
1 5.35666 -48.0
1 5.31985 -48.0
1 5.38734 -48.0
1 5.35666 -48.0
1 5.32598 -48.0
1 5.36280 -48.0
1 5.33212 -47.5
1 5.36893 -48.0
1 5.32598 -48.0
1 5.33825 -47.5
1 5.35666 -48.0
1 5.33212 -47.5
1 5.37507 -48.0
1 5.39348 -48.0
1 5.33212 -47.5
1 5.33825 -48.0
1 5.36280 -48.0
1 5.34439 -48.0
1 5.38120 -47.5
1 5.35052 -48.0
1 5.33825 -48.0
1 5.38120 -48.0
1 5.38734 -48.0
1 5.31985 -47.5
1 5.37507 -47.5
1 5.34439 -48.0
1 5.31985 -48.0
1 5.33212 -48.0
1 5.34439 -48.0
1 5.36893 -48.0
1 5.37507 -48.0
1 5.35666 -48.0
1 5.36893 -47.5
1 5.36280 -48.0
1 5.37507 -48.0
1 5.36280 -48.0
1 5.36893 -48.0
1 5.33212 -48.0
1 5.35052 -47.5
1 5.39961 -48.0
1 5.32598 -48.0
1 5.33212 -48.0
1 5.36280 -48.0
1 5.35666 -48.0
1 5.38120 -47.5
1 5.38120 -48.0
1 5.36893 -48.0
1 5.35666 -48.0
1 5.40575 -48.0
1 5.36893 -48.0
1 5.38120 -48.0
1 5.34439 -48.0
1 5.38120 -48.0
1 5.35052 -48.0
1 5.33212 -48.0
1 5.38120 -48.0
1 5.35666 -48.0
1 5.31985 -48.0
1 5.33212 -48.0
1 5.32598 -48.0
1 5.39348 -47.5
1 5.38734 -48.0
1 5.36893 -47.5
1 5.35052 -48.0
1 5.40575 -48.0
1 5.35052 -48.0
1 5.33212 -47.5
1 5.35666 -48.0
1 5.35666 -48.0
1 5.35052 -48.0
1 5.36280 -47.5
1 5.31985 -48.0
1 5.32598 -48.0
1 5.39348 -48.0
1 5.38120 -48.0
1 5.35666 -48.0
1 5.36280 -48.0
1 5.34439 -47.5
1 5.35052 -48.0
1 5.37507 -47.5
1 5.39961 -47.5
1 5.36893 -48.0
1 5.37507 -48.0
1 5.35052 -47.5
1 5.34439 -48.0
1 5.36893 -48.0
1 5.36280 -48.0
1 5.36280 -48.0
1 5.37507 -48.0
1 5.35052 -48.0
1 5.37507 -47.5
1 5.35052 -48.0
1 5.35052 -48.0
1 5.34439 -48.0
1 5.33212 -48.0
1 5.36893 -48.0
1 5.37507 -48.0
1 5.33825 -48.0
1 5.33212 -48.0
1 5.34439 -48.0
1 5.32598 -48.0
1 5.32598 -48.0
1 5.37507 -48.0
1 5.37507 -48.0
1 5.38120 -47.5
1 5.35666 -48.0
1 5.39348 -48.0
1 5.38734 -48.0
1 5.31985 -48.0
1 5.38120 -48.0
1 5.33825 -48.0
1 5.32598 -48.0
1 5.35052 -48.0
1 5.33825 -48.0
1 5.34439 -48.0
1 5.32598 -47.5
1 5.33212 -48.0
1 5.33212 -48.0
1 5.36893 -48.0
1 5.35052 -48.0
1 5.35666 -48.0
1 5.37507 -48.0
1 5.37507 -47.5
1 5.36893 -48.0
1 5.36280 -48.0
1 5.36893 -48.0
1 5.35666 -48.0
1 5.35052 -48.0
1 5.36280 -48.0
1 5.38734 -48.0
1 5.38120 -47.5
1 5.38734 -48.0
1 5.32598 -48.0
1 5.35666 -47.5
1 5.35666 -48.0
1 5.37507 -48.0
1 5.37507 -48.0
1 5.38120 -48.0
1 5.38734 -48.0
1 5.38120 -47.5
1 5.35052 -48.0
1 5.33212 -48.0
1 5.33825 -48.0
1 5.32598 -47.5
1 5.31985 -48.0
1 5.36893 -48.0
1 5.35666 -48.0
1 5.36280 -48.0
1 5.39348 -48.0
1 5.39348 -48.0
