1 5.49165 -48.0
1 5.51619 -48.5
1 5.54074 -48.5
1 5.52233 -48.0
1 5.51619 -48.5
1 5.52233 -48.5
1 5.49165 -48.5
1 5.51619 -48.0
1 5.51006 -48.5
1 5.49165 -48.5
1 5.49165 -48.0
1 5.50392 -48.5
1 5.50392 -48.0
1 5.51006 -48.0
1 5.52847 -48.5
1 5.54074 -48.5
1 5.52233 -48.5
1 5.51006 -48.5
1 5.53460 -48.0
1 5.51006 -48.5
1 5.50392 -48.0
1 5.52233 -48.0
1 5.54074 -48.5
1 5.51619 -48.5
1 5.50392 -48.0
1 5.51619 -48.5
1 5.52847 -48.0
1 5.53460 -48.0
1 5.52233 -48.5
1 5.53460 -48.0
1 5.53460 -48.5
1 5.53460 -48.0
1 5.53460 -48.0
1 5.52847 -48.5
1 5.52233 -48.5
1 5.54074 -48.5
1 5.49779 -48.0
1 5.49779 -48.0
1 5.54687 -48.5
1 5.50392 -48.0
1 5.51006 -48.5
1 5.54074 -48.0
1 5.55301 -48.0
1 5.51006 -48.0
1 5.54074 -48.5
1 5.52847 -48.0
1 5.51619 -48.0
1 5.54687 -48.5
1 5.55301 -48.0
1 5.54687 -48.0
1 5.53460 -48.0
1 5.56528 -48.0
1 5.52847 -48.5
1 5.54687 -48.0
1 5.51619 -48.0
1 5.55915 -48.0
1 5.53460 -48.0
1 5.50392 -48.0
1 5.51619 -48.0
1 5.52847 -48.5
1 5.51006 -48.0
1 5.54074 -48.0
1 5.54687 -48.0
1 5.56528 -48.0
1 5.53460 -48.0
1 5.54074 -48.0
1 5.52847 -48.0
1 5.52233 -48.0
1 5.51619 -48.5
1 5.49779 -48.0
1 5.56528 -48.5
1 5.52847 -48.5
1 5.52847 -48.0
1 5.53460 -48.0
1 5.52847 -48.0
1 5.52233 -48.0
1 5.52233 -48.0
1 5.48552 -48.0
1 5.52233 -48.0
1 5.55301 -48.0
1 5.54074 -48.0
1 5.54687 -48.0
1 5.54074 -48.0
1 5.54687 -48.0
1 5.54074 -48.0
1 5.52847 -48.0
1 5.48552 -48.0
1 5.54074 -48.5
1 5.51006 -48.0
1 5.52233 -48.5
1 5.56528 -48.0
1 5.54074 -48.0
1 5.52847 -48.0
1 5.51006 -48.0
1 5.49165 -48.0
1 5.50392 -48.0
1 5.54074 -48.0
1 5.54074 -48.0
1 5.51619 -48.0
1 5.54074 -48.0
1 5.53460 -48.0
1 5.54074 -48.0
1 5.51006 -48.0
1 5.51006 -48.0
1 5.50392 -48.0
1 5.53460 -48.5
1 5.52847 -48.0
1 5.52847 -48.0
1 5.54074 -48.0
1 5.48552 -48.0
1 5.54687 -48.5
1 5.52847 -48.5
1 5.50392 -48.5
1 5.49779 -48.0
1 5.55301 -48.0
1 5.50392 -48.0
1 5.53460 -48.5
1 5.49779 -48.0
1 5.53460 -48.0
1 5.53460 -48.0
1 5.51619 -48.0
1 5.51006 -48.5
1 5.49779 -48.0
1 5.51619 -48.0
1 5.50392 -48.0
1 5.55301 -48.0
1 5.52847 -48.0
1 5.54074 -48.0
1 5.49779 -48.5
1 5.53460 -48.5
1 5.54074 -48.0
1 5.54687 -48.0
1 5.52847 -48.0
1 5.54074 -48.0
1 5.52847 -48.5
1 5.54074 -48.5
1 5.52847 -48.0
1 5.52847 -48.0
1 5.52847 -48.0
1 5.54074 -48.0
1 5.51006 -48.5
1 5.51619 -48.0
1 5.49779 -48.0
1 5.51619 -48.0
1 5.51619 -48.0
1 5.49165 -48.5
1 5.52233 -48.5
1 5.52233 -48.5
1 5.51619 -48.0
1 5.47938 -48.0
1 5.54687 -48.0
1 5.51619 -48.0
1 5.50392 -48.0
1 5.54687 -48.0
1 5.49779 -48.0
1 5.54074 -48.0
1 5.52233 -48.0
1 5.52233 -48.0
1 5.51619 -48.5
1 5.52847 -48.0
1 5.52233 -48.0
1 5.54074 -48.0
1 5.52233 -48.0
1 5.52233 -48.5
1 5.52233 -48.0
1 5.54074 -48.0
1 5.55301 -48.0
1 5.49779 -48.0
1 5.54074 -48.0
1 5.53460 -48.5
1 5.53460 -48.0
1 5.53460 -48.0
1 5.54074 -48.0
1 5.51619 -48.0
1 5.52847 -48.0
1 5.52233 -48.0
1 5.51006 -48.0
1 5.52847 -48.5
1 5.52233 -48.5
1 5.54074 -48.5
1 5.52847 -48.0
1 5.52847 -48.0
1 5.49779 -48.0
1 5.51006 -48.5
1 5.52233 -48.0
1 5.51619 -48.0
1 5.52847 -48.5
1 5.51006 -48.0
1 5.55301 -48.0
1 5.53460 -48.5
1 5.51006 -48.0
1 5.51006 -48.0
1 5.53460 -48.5
1 5.49165 -48.5
1 5.51619 -48.5
1 5.51006 -48.5
1 5.53460 -48.0
1 5.50392 -48.0
1 5.48552 -48.0
1 5.52233 -48.5
1 5.51619 -48.0
1 5.52847 -48.5
1 5.54074 -48.5
1 5.54074 -48.5
1 5.51619 -48.5
1 5.53460 -48.0
1 5.53460 -48.0
1 5.54687 -48.5
1 5.52233 -48.5
1 5.52233 -48.5
1 5.52847 -48.0
1 5.55301 -48.5
1 5.52847 -48.5
1 5.53460 -48.5
1 5.52847 -48.5
1 5.53460 -48.5
1 5.54074 -48.5
1 5.51006 -48.0
1 5.48552 -48.5
1 5.51619 -48.0
1 5.52233 -48.5
1 5.54687 -48.5
1 5.51006 -48.0
1 5.49165 -48.5
1 5.47938 -48.5
1 5.52233 -48.0
1 5.49165 -48.5
1 5.52847 -48.0
1 5.54074 -48.5
1 5.49779 -48.5
1 5.54074 -48.0
1 5.51006 -48.5
1 5.54074 -48.5
1 5.53460 -48.0
1 5.52233 -48.5
1 5.51619 -48.5
1 5.52233 -48.5
1 5.51619 -48.5
1 5.54074 -48.0
1 5.53460 -48.5
1 5.51006 -48.5
1 5.53460 -48.0
1 5.50392 -48.5
1 5.54074 -48.0
1 5.50392 -48.0
1 5.53460 -48.5
1 5.52233 -48.0
1 5.49165 -48.5
1 5.54687 -48.5
1 5.51619 -48.5
1 5.52233 -48.5
1 5.51619 -48.5
1 5.52233 -48.5
1 5.51619 -48.5
1 5.51006 -48.0
1 5.51619 -48.0
1 5.51006 -48.5
1 5.52847 -48.5
1 5.50392 -48.5
1 5.54074 -48.0
1 5.51006 -48.0
1 5.54074 -48.5
1 5.51006 -48.5
1 5.52847 -48.0
1 5.52847 -48.5
1 5.52847 -48.5
1 5.51006 -48.0
1 5.51619 -48.5
1 5.52233 -48.0
1 5.54687 -48.5
1 5.53460 -48.5
1 5.52847 -48.0
1 5.51006 -48.5
1 5.51619 -48.0
1 5.54687 -48.5
1 5.54687 -48.0
1 5.51006 -48.0
1 5.55301 -48.5
1 5.54687 -48.5
1 5.52847 -48.0
1 5.52233 -48.5
1 5.52233 -48.5
1 5.52847 -48.0
1 5.52233 -48.0
1 5.52233 -48.0
1 5.52233 -48.0
1 5.51006 -48.0
1 5.51006 -48.0
1 5.52847 -48.5
1 5.52847 -48.5
1 5.53460 -48.5
1 5.53460 -48.0
1 5.54074 -48.0
1 5.51619 -48.5
1 5.49165 -48.5
1 5.49779 -48.5
1 5.51619 -48.5
1 5.48552 -48.5
1 5.53460 -48.5
1 5.54074 -48.0
1 5.51619 -48.5
1 5.48552 -48.5
1 5.50392 -48.5
1 5.52847 -48.5
1 5.49779 -48.0
1 5.51006 -48.5
1 5.51006 -48.0
1 5.52847 -48.0
1 5.48552 -48.5
1 5.53460 -48.5
1 5.52847 -48.5
1 5.51006 -48.5
1 5.50392 -48.0
1 5.52847 -48.5
1 5.52233 -48.0
1 5.55301 -48.5
1 5.53460 -48.0
1 5.52847 -48.5
1 5.52847 -48.5
1 5.52847 -48.0
1 5.54074 -48.0
1 5.51619 -48.5
1 5.52233 -48.5
1 5.51619 -48.0
1 5.54687 -48.5
1 5.55301 -48.5
1 5.51006 -48.0
1 5.51619 -48.0
1 5.49779 -48.5
1 5.54687 -48.5
1 5.52233 -48.5
1 5.49779 -48.0
1 5.47938 -48.5
1 5.53460 -48.5
1 5.51619 -48.5
1 5.49165 -48.5
1 5.55301 -48.5
1 5.52233 -48.0
1 5.54074 -48.0
1 5.53460 -48.5
1 5.49779 -48.5
1 5.48552 -48.0
1 5.50392 -48.5
1 5.52233 -48.5
1 5.52233 -48.5
1 5.51619 -48.5
1 5.51006 -48.0
1 5.52233 -48.0
1 5.52847 -48.5
1 5.52847 -48.0
1 5.50392 -48.0
1 5.50392 -48.0
1 5.52233 -48.5
1 5.51006 -48.5
1 5.52847 -48.0
1 5.51619 -48.0
1 5.52233 -48.0
1 5.51619 -48.0
1 5.54074 -48.5
1 5.54074 -48.5
1 5.50392 -48.5
1 5.52847 -48.0
1 5.52847 -48.5
1 5.53460 -48.0
1 5.55915 -48.0
1 5.52233 -48.0
1 5.52847 -48.0
1 5.52233 -48.5
1 5.51006 -48.5
1 5.52233 -48.5
1 5.51619 -48.0
1 5.53460 -48.0
1 5.52847 -48.5
1 5.52233 -48.5
1 5.51619 -48.5
1 5.52847 -48.5
1 5.49165 -48.0
1 5.55301 -48.5
1 5.52233 -48.5
1 5.51006 -48.0
1 5.49779 -48.0
1 5.50392 -48.0
1 5.51006 -48.5
1 5.53460 -48.0
1 5.50392 -48.5
1 5.52847 -48.5
1 5.53460 -48.5
1 5.52233 -48.0
1 5.52233 -48.5
1 5.52847 -48.5
1 5.51619 -48.0
1 5.50392 -48.0
1 5.51619 -48.5
1 5.49165 -48.0
1 5.50392 -48.0
1 5.52233 -48.0
1 5.51006 -48.5
1 5.52847 -48.5
1 5.53460 -48.0
1 5.54074 -48.5
1 5.52233 -48.0
1 5.51619 -48.5
1 5.54687 -48.0
1 5.52847 -48.0
1 5.51619 -48.5
1 5.51619 -48.5
1 5.55301 -48.5
1 5.53460 -48.5
1 5.53460 -48.0
1 5.50392 -48.5
1 5.51006 -48.5
1 5.56528 -48.5
1 5.49165 -48.0
1 5.49165 -48.0
1 5.50392 -48.5
1 5.53460 -48.0
1 5.52847 -48.5
1 5.53460 -48.5
1 5.54687 -48.5
1 5.52233 -48.5
1 5.49165 -48.0
1 5.51619 -48.5
1 5.51619 -48.5
1 5.53460 -48.5
1 5.53460 -48.5
1 5.52847 -48.5
1 5.51619 -48.5
1 5.54687 -48.5
1 5.54074 -48.5
1 5.49165 -48.5
1 5.52233 -48.5
1 5.51619 -48.5
1 5.49779 -48.5
1 5.52847 -48.5
1 5.49779 -48.5
1 5.52233 -48.5
1 5.52847 -48.5
1 5.52847 -48.5
1 5.54074 -48.5
1 5.52847 -48.5
1 5.51619 -48.5
1 5.51006 -48.0
1 5.52233 -48.5
1 5.52847 -48.5
1 5.54687 -48.5
1 5.54074 -48.5
1 5.52233 -48.5
1 5.51619 -48.0
1 5.52233 -48.5
1 5.53460 -48.5
1 5.51006 -48.0
1 5.52233 -48.5
1 5.54687 -48.5
1 5.52233 -48.5
1 5.54687 -48.5
1 5.57142 -48.5
1 5.52233 -48.5
1 5.51006 -48.5
1 5.50392 -48.5
1 5.51619 -48.5
1 5.52847 -48.5
1 5.50392 -48.5
1 5.55915 -48.5
1 5.52847 -48.5
1 5.54687 -48.5
1 5.54687 -48.5
1 5.49779 -48.5
1 5.52847 -48.5
1 5.54074 -48.5
1 5.54074 -48.5
1 5.51619 -48.5
1 5.52847 -48.5
1 5.53460 -48.5
1 5.53460 -48.5
1 5.53460 -48.5
1 5.52847 -48.5
1 5.52847 -48.0
1 5.51006 -48.0
1 5.51006 -48.5
1 5.52847 -48.5
1 5.51619 -48.5
1 5.51619 -48.5
1 5.53460 -48.5
1 5.51619 -48.5
1 5.51619 -48.5
1 5.52233 -48.5
1 5.52847 -48.5
1 5.53460 -48.5
1 5.51619 -48.0
1 5.51619 -48.5
1 5.53460 -48.5
1 5.51006 -48.5
1 5.47938 -48.5
1 5.49779 -48.5
1 5.51619 -48.5
1 5.52233 -48.0
1 5.54687 -48.5
1 5.54074 -48.5
1 5.54687 -48.5
1 5.55301 -48.5
1 5.52847 -48.5
1 5.51619 -48.5
1 5.52233 -48.0
1 5.53460 -48.5
1 5.51619 -48.5
1 5.52847 -48.5
1 5.56528 -48.0
1 5.52847 -48.5
1 5.49779 -48.5
1 5.53460 -48.5
1 5.52847 -48.5
1 5.50392 -48.5
1 5.52847 -48.5
1 5.54074 -48.5
1 5.52233 -48.5
1 5.55301 -48.0
1 5.53460 -48.5
1 5.51619 -48.5
1 5.51006 -48.5
1 5.55915 -48.0
1 5.49779 -48.5
1 5.51006 -48.5
1 5.50392 -48.5
1 5.52233 -48.5
1 5.53460 -48.5
1 5.53460 -48.5
1 5.51619 -48.5
1 5.53460 -48.5
1 5.51006 -48.5
