1 5.46711 -48.0
1 5.48552 -48.0
1 5.46711 -48.0
1 5.47324 -48.0
1 5.44256 -48.0
1 5.47324 -48.0
1 5.48552 -48.0
1 5.44256 -48.0
1 5.48552 -48.0
1 5.45484 -48.0
1 5.49779 -48.0
1 5.44870 -48.0
1 5.46097 -48.0
1 5.46711 -48.0
1 5.48552 -48.0
1 5.45484 -48.0
1 5.47324 -48.0
1 5.48552 -48.0
1 5.45484 -48.0
1 5.45484 -48.0
1 5.47324 -48.0
1 5.47324 -48.0
1 5.46097 -48.0
1 5.47938 -48.0
1 5.46097 -48.0
1 5.47938 -48.0
1 5.47938 -48.0
1 5.48552 -48.0
1 5.48552 -48.0
1 5.44870 -48.0
1 5.46711 -48.0
1 5.49165 -48.0
1 5.46711 -48.0
1 5.47938 -48.0
1 5.49165 -48.0
1 5.47324 -48.0
1 5.47938 -48.0
1 5.48552 -48.0
1 5.45484 -48.0
1 5.46097 -48.0
1 5.49779 -48.0
1 5.46097 -48.0
1 5.50392 -48.0
1 5.46097 -48.0
1 5.50392 -48.0
1 5.46097 -48.0
1 5.47938 -48.0
1 5.46097 -48.0
1 5.45484 -48.0
1 5.51006 -48.0
1 5.47324 -48.0
1 5.47324 -48.0
1 5.45484 -48.0
1 5.47324 -48.0
1 5.48552 -48.0
1 5.46097 -48.0
1 5.49165 -48.0
1 5.47324 -48.0
1 5.47938 -48.0
1 5.47938 -48.0
1 5.46711 -48.0
1 5.48552 -48.0
1 5.47938 -48.0
1 5.46711 -48.0
1 5.47938 -48.0
1 5.47324 -48.0
1 5.47324 -48.0
1 5.47938 -48.0
1 5.46097 -48.0
1 5.47938 -48.0
1 5.49165 -48.0
1 5.46711 -48.0
1 5.44870 -48.0
1 5.46711 -48.0
1 5.46711 -48.0
1 5.51619 -48.0
1 5.46097 -48.0
1 5.45484 -48.0
1 5.47938 -48.0
1 5.49165 -48.0
1 5.46097 -48.0
1 5.48552 -48.0
1 5.46711 -48.0
1 5.48552 -48.0
1 5.50392 -48.0
1 5.46711 -48.0
1 5.46097 -48.0
1 5.48552 -48.0
1 5.46097 -48.0
1 5.49165 -48.0
1 5.49165 -48.0
1 5.46097 -48.0
1 5.47324 -48.0
1 5.47938 -48.0
1 5.47938 -48.0
1 5.47938 -48.0
1 5.46711 -48.0
1 5.47938 -48.0
1 5.49165 -48.0
1 5.49779 -48.0
1 5.44870 -48.0
1 5.47938 -48.0
1 5.48552 -48.0
1 5.47324 -48.0
1 5.46097 -48.0
1 5.48552 -48.0
1 5.48552 -48.0
1 5.49165 -48.0
1 5.47324 -48.0
1 5.47938 -48.0
1 5.47324 -48.0
1 5.47324 -48.0
1 5.46097 -48.0
1 5.49165 -48.0
1 5.46711 -48.0
1 5.47938 -48.0
1 5.47938 -48.0
1 5.49165 -48.0
1 5.49779 -48.0
1 5.47938 -48.0
1 5.50392 -48.0
1 5.48552 -48.0
1 5.48552 -48.0
1 5.50392 -48.0
1 5.49165 -48.0
1 5.48552 -48.0
1 5.51006 -48.0
1 5.49779 -48.0
1 5.47938 -48.0
1 5.48552 -48.0
1 5.49165 -48.0
1 5.44870 -48.0
1 5.48552 -48.0
1 5.47938 -48.0
1 5.48552 -48.0
1 5.47324 -48.0
1 5.47324 -48.0
1 5.49165 -48.0
1 5.47324 -48.0
1 5.47938 -48.0
1 5.47324 -48.0
1 5.47324 -48.0
1 5.49165 -48.0
1 5.46711 -48.0
1 5.49779 -48.0
1 5.48552 -48.0
1 5.48552 -48.0
1 5.48552 -48.0
1 5.46097 -48.0
1 5.51619 -48.0
1 5.52233 -48.0
1 5.49779 -48.0
1 5.47938 -48.0
1 5.47938 -48.0
1 5.53460 -48.0
1 5.49165 -48.0
1 5.49779 -48.0
1 5.50392 -48.0
1 5.49779 -48.0
1 5.47938 -48.0
1 5.49165 -48.0
1 5.45484 -48.0
1 5.47938 -48.0
1 5.48552 -48.0
1 5.49779 -48.0
1 5.47324 -48.0
1 5.46097 -48.0
1 5.49165 -48.0
1 5.47938 -48.0
1 5.48552 -48.0
1 5.47938 -48.0
1 5.50392 -48.0
1 5.50392 -48.0
1 5.45484 -48.0
1 5.48552 -48.0
1 5.47938 -48.0
1 5.48552 -48.0
1 5.46097 -48.0
1 5.49165 -48.0
1 5.48552 -48.0
1 5.50392 -48.0
1 5.44256 -48.0
1 5.48552 -48.0
1 5.48552 -48.0
1 5.44870 -48.0
1 5.49779 -48.0
1 5.47938 -48.0
1 5.49165 -48.0
1 5.46711 -48.0
1 5.49165 -48.0
1 5.51619 -48.0
1 5.45484 -48.0
1 5.47324 -48.0
1 5.46711 -48.0
1 5.46711 -48.0
1 5.47938 -48.0
1 5.48552 -48.0
1 5.44256 -48.0
1 5.48552 -48.0
1 5.48552 -48.0
1 5.47324 -48.0
1 5.51006 -48.0
1 5.46097 -48.0
1 5.48552 -48.0
1 5.49779 -48.0
1 5.47938 -48.5
1 5.47324 -48.0
1 5.48552 -48.0
1 5.50392 -48.0
1 5.48552 -48.0
1 5.47938 -48.0
1 5.50392 -48.0
1 5.51006 -48.0
1 5.47938 -48.0
1 5.47324 -48.0
1 5.51006 -48.0
1 5.46711 -48.0
1 5.51006 -48.0
1 5.50392 -48.5
1 5.49165 -48.0
1 5.50392 -48.0
1 5.51619 -48.0
1 5.49165 -48.0
1 5.45484 -48.5
1 5.49165 -48.0
1 5.48552 -48.0
1 5.50392 -48.0
1 5.49779 -48.0
1 5.51619 -48.0
1 5.47324 -48.0
1 5.50392 -48.5
1 5.50392 -48.0
1 5.50392 -48.0
1 5.49779 -48.0
1 5.43643 -48.0
1 5.49779 -48.0
1 5.49165 -48.0
1 5.47324 -48.0
1 5.44870 -48.5
1 5.50392 -48.0
1 5.47324 -48.5
1 5.51619 -48.0
1 5.49779 -48.0
1 5.44870 -48.0
1 5.47938 -48.0
1 5.46711 -48.0
1 5.53460 -48.0
1 5.50392 -48.0
1 5.47324 -48.0
1 5.49779 -48.0
1 5.47324 -48.0
1 5.48552 -48.0
1 5.47938 -48.5
1 5.49779 -48.0
1 5.49165 -48.0
1 5.45484 -48.0
1 5.51619 -48.5
1 5.46097 -48.0
1 5.46097 -48.0
1 5.49779 -48.0
1 5.47324 -48.5
1 5.47324 -48.0
1 5.48552 -48.0
1 5.47324 -48.0
1 5.47938 -48.0
1 5.48552 -48.0
1 5.47938 -48.0
1 5.48552 -48.5
1 5.47938 -48.5
1 5.49779 -48.0
1 5.44870 -48.0
1 5.52233 -48.0
1 5.49779 -48.0
1 5.46711 -48.0
1 5.46097 -48.0
1 5.46711 -48.0
1 5.47324 -48.5
1 5.47324 -48.0
1 5.50392 -48.0
1 5.47938 -48.0
1 5.49779 -48.0
1 5.47938 -48.0
1 5.48552 -48.5
1 5.47938 -48.0
1 5.48552 -48.0
1 5.48552 -48.5
1 5.49779 -48.0
1 5.49779 -48.0
1 5.49165 -48.5
1 5.49165 -48.0
1 5.46711 -48.0
1 5.48552 -48.0
1 5.50392 -48.5
1 5.47324 -48.0
1 5.50392 -48.0
1 5.47938 -48.0
1 5.46711 -48.0
1 5.46711 -48.0
1 5.49165 -48.0
1 5.49165 -48.0
1 5.46711 -48.0
1 5.48552 -48.5
1 5.49165 -48.0
1 5.47938 -48.0
1 5.49165 -48.0
1 5.49779 -48.5
1 5.49165 -48.5
1 5.51006 -48.0
1 5.50392 -48.0
1 5.51006 -48.0
1 5.51006 -48.0
1 5.48552 -48.0
1 5.49779 -48.0
1 5.51619 -48.0
1 5.49779 -48.0
1 5.47938 -48.0
1 5.48552 -48.0
1 5.47938 -48.0
1 5.49165 -48.0
1 5.46711 -48.0
1 5.47938 -48.0
1 5.50392 -48.0
1 5.47938 -48.0
1 5.47938 -48.0
1 5.46711 -48.0
1 5.47324 -48.0
1 5.49165 -48.0
1 5.47938 -48.5
1 5.48552 -48.0
1 5.50392 -48.0
1 5.49779 -48.5
1 5.51006 -48.0
1 5.49165 -48.5
1 5.49165 -48.0
1 5.47938 -48.0
1 5.47324 -48.0
1 5.46711 -48.0
1 5.48552 -48.0
1 5.49165 -48.0
1 5.48552 -48.0
1 5.47938 -48.0
1 5.44870 -48.5
1 5.49165 -48.0
1 5.45484 -48.0
1 5.45484 -48.5
1 5.46097 -48.5
1 5.47938 -48.0
1 5.49165 -48.0
1 5.47938 -48.0
1 5.48552 -48.0
1 5.50392 -48.0
1 5.46097 -48.0
1 5.48552 -48.0
1 5.50392 -48.0
1 5.48552 -48.0
1 5.48552 -48.0
1 5.51619 -48.0
1 5.47938 -48.0
1 5.50392 -48.0
1 5.50392 -48.0
1 5.50392 -48.0
1 5.49779 -48.0
1 5.47938 -48.0
1 5.51006 -48.0
1 5.47324 -48.0
1 5.50392 -48.0
1 5.46711 -48.0
1 5.48552 -48.0
1 5.48552 -48.0
1 5.50392 -48.0
1 5.49165 -48.0
1 5.49165 -48.0
1 5.47324 -48.0
1 5.51006 -48.0
1 5.49165 -48.5
1 5.46097 -48.5
1 5.50392 -48.0
1 5.47938 -48.0
1 5.47938 -48.0
1 5.49779 -48.0
1 5.48552 -48.0
1 5.49165 -48.0
1 5.47938 -48.0
1 5.49165 -48.0
1 5.49165 -48.0
1 5.49165 -48.0
1 5.49165 -48.0
1 5.49779 -48.0
1 5.47938 -48.5
1 5.49779 -48.0
1 5.51619 -48.0
1 5.46711 -48.0
1 5.48552 -48.0
1 5.48552 -48.0
1 5.50392 -48.0
1 5.47938 -48.0
1 5.47938 -48.0
1 5.46097 -48.0
1 5.49165 -48.0
1 5.47324 -48.0
1 5.48552 -48.0
1 5.51006 -48.5
1 5.50392 -48.0
1 5.49165 -48.0
1 5.46097 -48.0
1 5.47324 -48.0
1 5.48552 -48.0
1 5.47938 -48.0
1 5.49779 -48.0
1 5.49779 -48.0
1 5.47324 -48.0
1 5.50392 -48.0
1 5.47938 -48.0
1 5.51619 -48.0
1 5.49779 -48.5
1 5.47938 -48.0
1 5.46711 -48.0
1 5.50392 -48.0
1 5.47938 -48.0
1 5.49165 -48.0
1 5.45484 -48.0
1 5.49165 -48.0
1 5.50392 -48.0
1 5.51006 -48.0
1 5.48552 -48.0
1 5.47324 -48.0
1 5.49165 -48.0
1 5.50392 -48.0
1 5.48552 -48.0
1 5.51619 -48.0
1 5.46711 -48.0
1 5.45484 -48.0
1 5.49165 -48.0
1 5.46097 -48.0
1 5.49165 -48.0
1 5.49779 -48.0
1 5.50392 -48.0
1 5.49165 -48.0
1 5.47938 -48.5
1 5.49165 -48.0
1 5.47324 -48.0
1 5.47324 -48.0
1 5.47324 -48.0
1 5.49165 -48.0
1 5.47324 -48.0
1 5.50392 -48.0
1 5.47324 -48.0
1 5.49779 -48.0
1 5.49779 -48.0
1 5.46711 -48.0
1 5.50392 -48.0
1 5.49779 -48.0
1 5.47324 -48.5
1 5.46711 -48.0
1 5.49779 -48.0
1 5.49165 -48.5
1 5.49165 -48.0
1 5.47324 -48.0
1 5.46097 -48.0
1 5.46711 -48.0
1 5.47938 -48.0
1 5.49779 -48.0
1 5.51006 -48.0
1 5.47324 -48.0
1 5.46097 -48.0
1 5.51619 -48.0
1 5.49779 -48.0
1 5.51619 -48.0
1 5.50392 -48.5
1 5.50392 -48.0
1 5.49779 -48.0
1 5.48552 -48.0
1 5.49779 -48.0
1 5.47938 -48.5
1 5.45484 -48.0
1 5.49165 -48.0
1 5.51619 -48.0
1 5.47324 -48.0
1 5.49165 -48.0
1 5.49779 -48.0
1 5.48552 -48.0
1 5.46097 -48.0
1 5.49165 -48.0
1 5.49165 -48.5
1 5.47324 -48.0
1 5.49165 -48.0
1 5.48552 -48.0
1 5.52847 -48.0
1 5.48552 -48.0
1 5.51006 -48.5
1 5.46097 -48.0
1 5.49779 -48.0
1 5.49165 -48.0
1 5.47938 -48.0
1 5.49779 -48.0
1 5.49779 -48.0
1 5.49779 -48.0
1 5.49165 -48.5
1 5.47938 -48.0
1 5.47324 -48.0
1 5.49779 -48.0
1 5.49165 -48.0
1 5.46711 -48.0
1 5.49779 -48.0
1 5.47938 -48.0
1 5.49165 -48.0
1 5.50392 -48.0
1 5.50392 -48.0
1 5.46711 -48.0
1 5.49165 -48.0
1 5.47324 -48.0
1 5.48552 -48.0
1 5.51006 -48.0
1 5.46097 -48.0
1 5.51006 -48.5
1 5.53460 -48.0
1 5.49165 -48.5
1 5.47938 -48.0
1 5.49779 -48.5
1 5.49165 -48.0
1 5.44870 -48.0
1 5.51619 -48.0
1 5.49165 -48.0
1 5.46097 -48.0
1 5.49779 -48.0
1 5.49165 -48.5
1 5.49165 -48.0
