0 2.64458 -37.5
1 5.08054 -44.0
1 5.08668 -44.0
0 2.64458 -37.5
1 5.08054 -44.0
0 2.66299 -37.5
0 2.63845 -37.5
1 5.08668 -44.0
0 2.65685 -37.5
1 5.08054 -44.0
0 2.65685 -37.5
1 5.08054 -44.0
0 2.66913 -37.5
1 5.06827 -44.0
1 5.08668 -44.0
0 2.64458 -37.5
0 2.66299 -37.5
1 5.09282 -44.0
1 5.09282 -44.0
0 2.65685 -37.5
0 2.66299 -37.5
1 5.07441 -44.0
0 2.65685 -37.5
1 5.09895 -44.0
0 2.66299 -37.5
1 5.08054 -44.0
0 2.66299 -37.5
1 5.07441 -44.0
1 5.09895 -44.0
0 2.66299 -37.5
0 2.65685 -37.5
1 5.08054 -44.0
0 2.66299 -37.5
1 5.09282 -44.0
1 5.09282 -44.0
0 2.66299 -37.5
0 2.65072 -37.5
1 5.08054 -44.0
0 2.68140 -37.5
1 5.09895 -44.0
0 2.65685 -37.5
1 5.09282 -44.0
1 5.08668 -44.0
0 2.66913 -37.5
0 2.66299 -37.5
1 5.10509 -44.0
0 2.66299 -37.5
1 5.08054 -44.0
0 2.67526 -37.5
1 5.09895 -44.0
1 5.10509 -44.0
0 2.66913 -37.5
0 2.66299 -37.5
1 5.10509 -44.0
0 2.66913 -37.5
1 5.09895 -44.0
1 5.08668 -44.0
0 2.65685 -37.5
0 2.66913 -37.5
1 5.09282 -44.0
0 2.65072 -37.5
1 5.08668 -44.0
0 2.65685 -37.5
1 5.08668 -44.0
0 2.66913 -37.5
1 5.10509 -44.0
1 5.08668 -44.0
0 2.66299 -37.5
0 2.65685 -37.5
1 5.09895 -44.0
0 2.66913 -37.5
1 5.08054 -44.0
0 2.65685 -37.5
1 5.09895 -44.0
0 2.68140 -37.5
1 5.10509 -44.0
0 2.66299 -37.5
1 5.12350 -44.0
0 2.66299 -37.5
1 5.08668 -44.0
0 2.65685 -37.5
1 5.09895 -44.0
0 2.68140 -37.5
1 5.09895 -44.0
0 2.66299 -37.5
1 5.09282 -44.0
0 2.66913 -37.5
1 5.08668 -44.0
0 2.66913 -37.5
1 5.10509 -44.0
0 2.66913 -37.5
1 5.09282 -44.0
1 5.09895 -44.0
0 2.66299 -37.5
0 2.66913 -37.5
1 5.09895 -44.0
1 5.10509 -44.0
0 2.66913 -37.5
0 2.66913 -37.5
1 5.11736 -44.0
0 2.66913 -37.5
1 5.10509 -44.0
0 2.66299 -37.5
1 5.11736 -44.0
0 2.67526 -37.5
1 5.09282 -44.0
0 2.66913 -37.5
1 5.09282 -44.0
1 5.09282 -44.0
0 2.67526 -37.5
1 5.07441 -44.0
0 2.66913 -37.5
0 2.66913 -37.5
1 5.09282 -44.0
0 2.66299 -37.5
1 5.09282 -44.0
0 2.66299 -37.5
1 5.10509 -44.0
0 2.67526 -37.5
1 5.08668 -44.0
0 2.67526 -37.5
1 5.09282 -44.0
1 5.10509 -44.0
0 2.68753 -37.5
0 2.66913 -37.5
1 5.11736 -44.0
1 5.09282 -44.0
0 2.66299 -37.5
1 5.09895 -44.0
0 2.68140 -37.5
0 2.66913 -37.5
1 5.09895 -44.0
1 5.09895 -44.0
0 2.68140 -37.5
1 5.09895 -44.0
0 2.66299 -37.5
0 2.67526 -37.5
1 5.08054 -44.0
0 2.66913 -37.5
1 5.10509 -44.0
1 5.08668 -44.0
0 2.68753 -37.5
0 2.66913 -37.5
1 5.11122 -44.0
1 5.09282 -44.0
0 2.66913 -37.5
1 5.11122 -44.0
0 2.67526 -37.5
0 2.67526 -37.5
1 5.09282 -44.0
1 5.09895 -44.0
0 2.67526 -37.5
0 2.68140 -37.5
1 5.08668 -44.0
1 5.12963 -44.0
0 2.66913 -37.5
0 2.66299 -37.5
1 5.10509 -44.0
0 2.68140 -37.5
1 5.09282 -44.0
0 2.65685 -37.5
1 5.09895 -44.0
0 2.68140 -37.5
1 5.08668 -44.0
0 2.67526 -37.5
1 5.09895 -44.0
0 2.68140 -37.5
1 5.08668 -44.0
1 5.10509 -44.0
0 2.67526 -37.5
1 5.08668 -44.0
0 2.66913 -37.5
0 2.66913 -37.5
1 5.09282 -44.0
0 2.66299 -37.5
1 5.11122 -44.0
1 5.11122 -44.0
0 2.67526 -37.5
0 2.67526 -37.5
1 5.09895 -44.0
0 2.66913 -37.5
1 5.11122 -44.0
1 5.09895 -44.0
0 2.66913 -37.5
0 2.66913 -37.5
1 5.09895 -44.0
0 2.67526 -37.5
1 5.09282 -44.0
1 5.10509 -44.0
0 2.65685 -37.5
0 2.66299 -37.5
1 5.10509 -44.0
0 2.68140 -37.5
1 5.09895 -44.0
1 5.09895 -44.0
0 2.66299 -37.5
0 2.68140 -37.5
1 5.11122 -44.0
0 2.67526 -37.5
1 5.10509 -44.0
0 2.66913 -37.5
1 5.11736 -44.0
0 2.68140 -37.5
1 5.10509 -44.0
0 2.66913 -37.5
1 5.08054 -44.0
1 5.09282 -44.0
0 2.67526 -37.5
0 2.67526 -37.5
1 5.09895 -44.0
0 2.67526 -37.5
1 5.09895 -44.0
0 2.67526 -37.5
1 5.08668 -44.0
0 2.66299 -37.5
1 5.09282 -44.0
1 5.09282 -44.0
0 2.66913 -37.5
0 2.67526 -37.5
1 5.09895 -44.0
0 2.68140 -37.5
1 5.09282 -44.0
0 2.66913 -37.5
1 5.09895 -44.0
1 5.11122 -44.0
0 2.68140 -37.5
0 2.67526 -37.5
1 5.10509 -44.0
0 2.68140 -37.5
1 5.10509 -44.0
1 5.10509 -44.0
0 2.67526 -37.5
0 2.66913 -37.5
1 5.09895 -44.0
0 2.66913 -37.5
1 5.09282 -44.0
1 5.10509 -44.0
0 2.66913 -37.5
0 2.67526 -37.5
1 5.09895 -44.0
0 2.66913 -37.5
1 5.10509 -44.0
0 2.66913 -37.5
1 5.11122 -44.0
0 2.69367 -37.5
1 5.08668 -44.0
0 2.66913 -37.5
1 5.09282 -44.0
1 5.10509 -44.0
0 2.66299 -37.5
1 5.11122 -44.0
0 2.68753 -37.5
0 2.67526 -37.5
1 5.09282 -44.0
0 2.68140 -37.5
1 5.09895 -44.0
0 2.66913 -37.5
1 5.10509 -44.0
0 2.66913 -37.5
1 5.11736 -44.0
1 5.09282 -44.0
0 2.68140 -38.0
1 5.09895 -44.0
0 2.67526 -37.5
1 5.09895 -44.0
0 2.67526 -37.5
0 2.68140 -37.5
1 5.08668 -44.0
0 2.66913 -37.5
1 5.08054 -44.0
0 2.68140 -37.5
1 5.11122 -44.0
0 2.66913 -37.5
1 5.09895 -44.0
0 2.68753 -37.5
1 5.09282 -44.0
0 2.66913 -37.5
1 5.07441 -44.0
0 2.65685 -37.5
1 5.08054 -44.0
0 2.65072 -37.5
1 5.09282 -44.0
0 2.66913 -37.5
1 5.07441 -44.0
0 2.66299 -37.5
1 5.07441 -44.0
0 2.66299 -37.5
1 5.08054 -44.0
0 2.67526 -37.5
1 5.07441 -44.0
1 5.09282 -44.0
0 2.66299 -37.5
0 2.66913 -37.5
1 5.08668 -44.0
0 2.65685 -37.5
1 5.08054 -44.0
0 2.65685 -37.5
1 5.08668 -44.0
0 2.66913 -37.5
1 5.09282 -44.0
0 2.64458 -37.5
1 5.08668 -44.0
0 2.65072 -37.5
1 5.09282 -44.0
0 2.65685 -37.5
1 5.07441 -44.0
1 5.08054 -44.0
0 2.66299 -37.5
1 5.08054 -44.0
0 2.65685 -37.5
0 2.66299 -37.5
1 5.07441 -44.0
1 5.09282 -44.0
0 2.66299 -37.5
1 5.08668 -44.0
0 2.66299 -37.5
0 2.66913 -37.5
1 5.08668 -44.0
0 2.66299 -37.5
1 5.09282 -44.0
0 2.65685 -37.5
1 5.08668 -44.0
0 2.65685 -37.5
1 5.09282 -44.0
0 2.66913 -37.5
1 5.07441 -44.0
0 2.65685 -37.5
1 5.09282 -44.0
0 2.65685 -37.5
1 5.07441 -44.0
0 2.67526 -37.5
1 5.06827 -44.0
0 2.65685 -37.5
1 5.09282 -44.0
0 2.65685 -37.5
1 5.08054 -44.0
0 2.66913 -37.5
1 5.08054 -44.0
0 2.66299 -37.5
1 5.07441 -44.0
1 5.08054 -44.0
0 2.66913 -37.5
0 2.66299 -37.5
1 5.09895 -44.0
1 5.08668 -44.0
0 2.65685 -37.5
0 2.65685 -37.5
1 5.08054 -44.0
1 5.07441 -44.0
0 2.65685 -37.5
0 2.65072 -37.5
1 5.08054 -44.0
0 2.65685 -37.5
1 5.07441 -44.0
0 2.66299 -37.5
1 5.09895 -44.0
1 5.08054 -44.0
0 2.66299 -37.5
0 2.65685 -37.5
1 5.11122 -44.0
0 2.66913 -37.5
1 5.08668 -44.0
0 2.66299 -37.5
1 5.09282 -44.0
0 2.66299 -37.5
1 5.08054 -44.0
0 2.65685 -37.5
1 5.08054 -44.0
1 5.08054 -44.0
0 2.65685 -37.5
0 2.68753 -37.5
1 5.09895 -44.0
0 2.66299 -37.5
1 5.08668 -44.0
0 2.64458 -37.5
1 5.09282 -44.0
0 2.66299 -37.5
1 5.08668 -44.0
1 5.08668 -44.0
0 2.65685 -37.5
0 2.65685 -37.5
1 5.08054 -44.0
0 2.65072 -37.5
1 5.06827 -44.0
0 2.66299 -37.5
1 5.08668 -44.0
0 2.65685 -37.5
1 5.09282 -44.0
0 2.65685 -37.5
1 5.08668 -44.0
0 2.66299 -37.5
1 5.09895 -44.0
0 2.65685 -37.5
1 5.08668 -44.0
0 2.66913 -37.5
1 5.09282 -44.0
0 2.66299 -37.5
1 5.08668 -44.0
1 5.09895 -44.0
0 2.66299 -37.5
0 2.66299 -37.5
1 5.08668 -44.0
1 5.08668 -44.0
0 2.65072 -37.5
0 2.66299 -37.5
1 5.08668 -44.0
0 2.66299 -37.5
1 5.07441 -44.0
0 2.66299 -37.5
1 5.08054 -44.0
0 2.66299 -37.5
1 5.08668 -44.0
1 5.08668 -44.0
0 2.66299 -37.5
0 2.65685 -37.5
1 5.08054 -44.0
0 2.67526 -37.5
1 5.09895 -44.0
0 2.66299 -37.5
1 5.09282 -44.0
1 5.08054 -44.0
0 2.66299 -37.5
1 5.06827 -44.0
0 2.66913 -37.5
0 2.66299 -37.5
1 5.07441 -44.0
1 5.08668 -44.0
0 2.66913 -37.5
0 2.65072 -37.5
1 5.08054 -44.0
1 5.08668 -44.0
0 2.66299 -37.5
1 5.09282 -44.0
0 2.66913 -37.5
0 2.65685 -37.5
1 5.10509 -44.0
0 2.65685 -37.5
1 5.09895 -44.0
0 2.66299 -37.5
1 5.09282 -44.0
0 2.65072 -37.5
1 5.09282 -44.0
0 2.66913 -37.5
1 5.08668 -44.0
0 2.65685 -37.5
1 5.08054 -44.0
0 2.66299 -37.5
1 5.07441 -44.0
0 2.66299 -37.5
1 5.08054 -44.0
1 5.08668 -44.0
0 2.64458 -37.5
0 2.66299 -37.5
1 5.08054 -44.0
0 2.66913 -37.5
1 5.09282 -44.0
1 5.08668 -44.0
0 2.66913 -37.5
0 2.64458 -37.5
1 5.09282 -44.0
0 2.66299 -37.5
1 5.09282 -44.0
0 2.66913 -38.0
1 5.10509 -44.0
0 2.66299 -37.5
1 5.08668 -44.0
0 2.66913 -37.5
1 5.08668 -44.0
0 2.66299 -37.5
1 5.07441 -44.0
1 5.08054 -44.0
0 2.66299 -37.5
1 5.09282 -44.0
0 2.68140 -37.5
0 2.66299 -37.5
1 5.09282 -44.0
1 5.09282 -44.0
0 2.66299 -37.5
0 2.66299 -37.5
1 5.08054 -44.0
0 2.67526 -37.5
1 5.08054 -44.0
0 2.66913 -37.5
1 5.10509 -44.0
0 2.66299 -37.5
1 5.11122 -44.0
1 5.09282 -44.0
0 2.66299 -37.5
0 2.68140 -37.5
1 5.09895 -44.0
0 2.66299 -37.5
1 5.08668 -44.0
0 2.66913 -37.5
1 5.09282 -44.0
1 5.07441 -44.0
0 2.66299 -37.5
1 5.08668 -44.0
0 2.68140 -37.5
1 5.09895 -44.0
0 2.66913 -37.5
0 2.66299 -37.5
1 5.09282 -44.0
1 5.09282 -44.0
0 2.66299 -37.5
0 2.66913 -37.5
1 5.09895 -44.0
1 5.09282 -44.0
0 2.65685 -37.5
0 2.65685 -37.5
1 5.08668 -44.0
0 2.65685 -37.5
1 5.10509 -44.0
0 2.67526 -37.5
1 5.07441 -44.0
1 5.08668 -44.0
0 2.65685 -37.5
0 2.67526 -37.5
1 5.08054 -44.0
0 2.66913 -37.5
1 5.09895 -44.0
0 2.66299 -37.5
1 5.09895 -44.0
0 2.67526 -37.5
1 5.08668 -44.0
1 5.08054 -44.0
0 2.67526 -37.5
0 2.66913 -37.5
1 5.08668 -44.0
0 2.66299 -37.5
1 5.08668 -44.0
0 2.66913 -37.5
1 5.09895 -44.0
0 2.66913 -37.5
1 5.08054 -44.0
1 5.08054 -44.0
0 2.65685 -37.5
1 5.09282 -44.0
0 2.66913 -37.5
0 2.66299 -37.5
1 5.09895 -44.0
0 2.65685 -37.5
1 5.09282 -44.0
0 2.65685 -37.5
1 5.09895 -44.0
0 2.65685 -37.5
1 5.08668 -44.0
0 2.65685 -37.5
1 5.08054 -44.0
1 5.08668 -44.0
0 2.65685 -37.5
0 2.65072 -37.5
0 2.63845 -37.5
1 5.06827 -44.0
0 2.64458 -37.5
1 5.08054 -44.0
1 5.09895 -44.0
0 2.65072 -37.5
0 2.65072 -37.5
1 5.08668 -44.0
0 2.65685 -37.5
1 5.07441 -44.0
0 2.65685 -37.5
1 5.07441 -44.0
0 2.65072 -37.5
1 5.08668 -44.0
0 2.65685 -37.5
1 5.09282 -44.0
0 2.65685 -37.5
1 5.08668 -44.0
0 2.65685 -37.5
1 5.09895 -44.0
1 5.08054 -44.0
0 2.66299 -37.5
0 2.64458 -38.0
1 5.08668 -44.0
1 5.09282 -44.0
0 2.65072 -37.5
0 2.66299 -37.5
1 5.09895 -44.0
0 2.65072 -37.5
1 5.09282 -44.0
0 2.65072 -37.5
1 5.09282 -44.0
0 2.66299 -37.5
1 5.09895 -44.0
1 5.08054 -44.0
0 2.65685 -37.5
0 2.65072 -37.5
1 5.09282 -44.0
0 2.66913 -37.5
1 5.09282 -44.0
0 2.65072 -37.5
1 5.09282 -44.0
0 2.66299 -37.5
1 5.10509 -44.0
0 2.66913 -37.5
1 5.11122 -44.0
0 2.64458 -37.5
1 5.11736 -44.0
0 2.65072 -37.5
1 5.08054 -44.0
0 2.65072 -37.5
1 5.07441 -44.0
0 2.65072 -37.5
1 5.07441 -44.0
1 5.09895 -44.0
0 2.64458 -37.5
0 2.65685 -37.5
1 5.08668 -44.0
1 5.09895 -44.0
0 2.65072 -37.5
0 2.65685 -38.0
1 5.09282 -44.0
1 5.07441 -44.0
0 2.65685 -37.5
0 2.65072 -37.5
1 5.09282 -44.0
0 2.64458 -38.0
1 5.09895 -44.0
1 5.10509 -44.0
0 2.65072 -37.5
1 5.08054 -44.0
0 2.65685 -37.5
0 2.65685 -37.5
1 5.08054 -44.0
0 2.65072 -37.5
1 5.08054 -44.0
0 2.65072 -37.5
1 5.07441 -44.0
1 5.09895 -44.0
0 2.65072 -37.5
0 2.66913 -37.5
1 5.08668 -44.0
0 2.65072 -37.5
1 5.10509 -44.0
0 2.66299 -37.5
1 5.06827 -44.0
0 2.65072 -37.5
1 5.09895 -44.0
1 5.08054 -44.0
0 2.66299 -37.5
1 5.08668 -44.0
0 2.64458 -37.5
0 2.65685 -37.5
1 5.09895 -44.0
0 2.66299 -37.5
1 5.11122 -44.0
1 5.08668 -44.0
0 2.65072 -37.5
1 5.10509 -44.0
0 2.65685 -37.5
1 5.09895 -44.0
0 2.65685 -37.5
0 2.65685 -37.5
1 5.10509 -44.0
0 2.65072 -38.0
1 5.09895 -44.0
1 5.08668 -44.0
0 2.65072 -37.5
1 5.11122 -44.0
0 2.65685 -37.5
1 5.06827 -44.0
0 2.65685 -37.5
0 2.65072 -37.5
1 5.09895 -44.0
0 2.65685 -37.5
1 5.08054 -44.0
1 5.08668 -44.0
0 2.64458 -37.5
0 2.65072 -37.5
1 5.08668 -44.0
0 2.66299 -37.5
1 5.10509 -44.0
1 5.08668 -44.0
0 2.65072 -37.5
0 2.64458 -37.5
1 5.09895 -44.0
0 2.64458 -37.5
1 5.08054 -44.0
0 2.65072 -37.5
1 5.08054 -44.0
0 2.65685 -37.5
1 5.09895 -44.0
0 2.66299 -37.5
1 5.09895 -44.0
1 5.09282 -44.0
0 2.67526 -37.5
0 2.66299 -38.0
1 5.09895 -44.0
1 5.08668 -44.0
0 2.64458 -37.5
0 2.66299 -37.5
1 5.09282 -44.0
0 2.66913 -37.5
1 5.08668 -44.0
0 2.64458 -37.5
1 5.08668 -44.0
1 5.07441 -44.0
0 2.66299 -37.5
0 2.67526 -37.5
1 5.10509 -44.0
0 2.65685 -38.0
1 5.06214 -44.0
0 2.65685 -37.5
1 5.09282 -44.0
0 2.63845 -37.5
1 5.08668 -44.0
0 2.66299 -37.5
1 5.09282 -44.0
0 2.64458 -37.5
1 5.08668 -44.0
0 2.66299 -38.0
1 5.06827 -44.0
0 2.65685 -37.5
