0 2.52800 -46.0
1 5.69414 -44.5
1 5.70641 -44.5
0 2.52186 -45.5
1 5.70641 -44.5
0 2.55254 -45.5
0 2.54641 -45.5
1 5.71254 -44.5
0 2.55254 -46.0
1 5.71254 -44.5
1 5.70641 -44.5
0 2.53414 -46.0
1 5.71254 -44.5
0 2.56482 -46.0
1 5.71254 -44.5
0 2.57095 -46.0
1 5.70641 -44.5
0 2.54641 -46.0
1 5.71868 -44.5
0 2.53414 -45.5
0 2.53414 -45.5
1 5.70641 -44.5
1 5.73095 -44.5
0 2.55868 -45.5
0 2.55868 -45.5
1 5.70641 -44.5
0 2.53414 -45.5
1 5.71254 -44.5
1 5.69414 -44.5
0 2.54027 -46.0
1 5.71254 -44.5
0 2.54027 -46.0
0 2.56482 -45.5
1 5.69414 -44.5
1 5.71868 -44.5
0 2.54641 -45.5
1 5.70641 -44.5
0 2.54641 -45.5
0 2.52186 -45.5
1 5.72482 -44.5
1 5.71254 -44.5
0 2.54641 -46.0
0 2.55254 -46.0
1 5.71254 -44.5
0 2.55254 -46.0
1 5.71254 -44.5
1 5.71868 -44.5
0 2.56482 -46.0
1 5.71254 -44.5
0 2.55868 -46.0
1 5.72482 -44.5
0 2.57095 -46.0
0 2.56482 -45.5
1 5.69414 -44.5
0 2.54641 -45.5
1 5.72482 -44.5
1 5.71868 -44.5
0 2.57095 -46.0
1 5.71868 -44.5
0 2.54641 -46.0
1 5.71868 -44.5
0 2.57709 -46.0
0 2.55868 -46.0
1 5.71254 -44.5
1 5.71868 -44.5
0 2.55254 -46.0
0 2.55868 -45.5
1 5.71254 -44.5
0 2.57095 -46.0
1 5.71868 -44.5
1 5.70641 -44.5
0 2.55868 -46.0
1 5.73095 -44.5
0 2.56482 -46.0
1 5.73095 -44.5
0 2.55868 -46.0
1 5.70641 -44.5
0 2.56482 -45.5
1 5.73095 -44.5
0 2.57709 -46.0
0 2.55868 -45.5
1 5.71868 -44.5
0 2.54027 -46.0
1 5.73095 -44.5
0 2.54027 -46.0
1 5.69414 -44.5
0 2.54641 -45.5
1 5.73709 -44.5
1 5.71868 -44.5
0 2.55868 -45.5
1 5.71254 -44.5
0 2.56482 -45.5
0 2.57095 -45.5
1 5.72482 -44.5
0 2.55254 -46.0
1 5.72482 -44.5
0 2.55254 -46.0
1 5.73709 -44.5
1 5.71868 -44.5
0 2.56482 -46.0
0 2.54641 -45.5
1 5.71254 -44.5
1 5.70641 -44.5
0 2.56482 -45.5
0 2.55254 -45.5
1 5.71868 -44.5
1 5.72482 -44.5
0 2.55254 -46.0
1 5.68186 -44.5
0 2.56482 -45.5
1 5.72482 -44.5
0 2.56482 -45.5
0 2.55868 -45.5
1 5.70641 -44.5
1 5.73095 -44.5
0 2.58322 -46.0
1 5.71868 -44.5
0 2.57709 -45.5
0 2.55868 -45.5
1 5.72482 -44.5
1 5.73709 -44.5
0 2.57095 -45.5
0 2.58936 -45.5
1 5.70641 -44.5
0 2.57709 -46.0
1 5.70641 -44.5
1 5.70027 -44.5
0 2.56482 -46.0
0 2.55254 -45.5
1 5.70641 -44.5
1 5.70641 -44.5
0 2.57095 -46.0
1 5.72482 -44.5
0 2.55868 -46.0
1 5.71868 -44.5
0 2.55868 -45.5
1 5.73709 -44.5
0 2.55254 -46.0
0 2.55254 -46.0
1 5.71868 -44.5
1 5.72482 -44.5
0 2.56482 -46.0
0 2.54641 -46.0
1 5.73709 -44.5
1 5.73095 -44.5
0 2.57709 -45.5
0 2.56482 -45.5
1 5.73709 -44.5
1 5.73095 -44.5
0 2.55868 -46.0
1 5.71868 -44.5
0 2.57709 -46.0
0 2.56482 -46.0
1 5.70027 -44.5
0 2.57095 -45.5
1 5.72482 -44.5
1 5.71868 -44.5
0 2.55868 -46.0
0 2.57709 -45.5
1 5.74322 -44.5
1 5.70641 -44.5
0 2.55254 -45.5
0 2.58322 -46.0
1 5.70027 -44.5
1 5.73095 -44.5
0 2.57095 -46.0
1 5.71254 -44.5
0 2.55868 -45.5
0 2.58322 -46.0
1 5.72482 -44.5
1 5.73709 -44.5
0 2.57095 -45.5
0 2.56482 -45.5
1 5.72482 -44.5
1 5.73095 -44.5
0 2.54641 -45.5
0 2.57095 -45.5
1 5.72482 -44.5
0 2.56482 -46.0
1 5.73709 -44.5
0 2.56482 -46.0
1 5.74322 -44.5
0 2.55868 -45.5
1 5.73709 -44.5
0 2.56482 -45.5
1 5.71254 -44.5
0 2.55868 -45.5
1 5.71868 -44.5
1 5.73709 -44.5
0 2.57709 -45.5
1 5.70641 -44.5
0 2.57709 -45.5
0 2.56482 -45.5
1 5.71868 -44.5
0 2.56482 -45.5
1 5.70641 -44.5
1 5.73095 -44.5
0 2.57709 -45.5
1 5.72482 -44.5
0 2.55868 -46.0
0 2.55254 -46.0
1 5.72482 -44.5
0 2.56482 -45.5
1 5.72482 -44.5
0 2.60163 -45.5
1 5.71868 -44.5
1 5.70027 -44.5
0 2.56482 -46.0
1 5.73095 -44.5
0 2.57709 -46.0
1 5.71868 -44.5
0 2.57095 -45.5
1 5.73095 -44.5
0 2.57709 -45.5
0 2.57709 -45.5
1 5.73095 -44.5
1 5.70641 -44.5
0 2.55868 -46.0
0 2.57709 -45.5
1 5.73095 -44.5
0 2.55868 -45.5
1 5.71868 -44.5
0 2.57709 -45.5
1 5.71254 -44.5
1 5.74936 -44.5
0 2.56482 -45.5
0 2.57095 -46.0
1 5.70641 -44.5
0 2.60163 -45.5
1 5.73709 -44.5
1 5.72482 -44.5
0 2.56482 -45.5
1 5.71868 -44.5
0 2.55868 -45.5
0 2.59550 -46.0
1 5.70641 -44.5
0 2.57095 -45.5
1 5.71868 -44.5
0 2.58936 -45.5
1 5.71254 -44.5
0 2.56482 -46.0
1 5.73095 -44.5
0 2.57709 -45.5
1 5.70641 -44.5
1 5.73095 -44.5
0 2.57709 -45.5
0 2.56482 -45.5
1 5.70641 -44.5
0 2.55868 -45.5
1 5.72482 -44.5
0 2.57095 -46.0
1 5.70641 -44.5
1 5.73095 -44.5
0 2.57709 -45.5
1 5.72482 -44.5
0 2.57095 -45.5
0 2.57095 -45.5
1 5.71254 -44.5
0 2.57095 -46.0
0 2.58322 -45.5
1 5.74322 -44.5
1 5.71254 -44.5
0 2.56482 -45.5
0 2.56482 -45.5
1 5.70641 -44.5
1 5.71868 -44.5
0 2.55868 -46.0
0 2.54641 -45.5
1 5.70027 -44.5
0 2.57095 -45.5
1 5.73709 -44.5
0 2.56482 -45.5
1 5.73095 -44.5
1 5.70641 -44.5
0 2.56482 -45.5
0 2.55254 -46.0
1 5.72482 -44.5
0 2.57095 -45.5
1 5.71254 -44.5
0 2.55254 -46.0
1 5.73095 -44.5
0 2.55254 -45.5
1 5.68800 -44.5
1 5.72482 -44.5
0 2.54027 -45.5
0 2.56482 -45.5
1 5.71254 -44.5
1 5.73095 -44.5
0 2.54641 -45.5
1 5.71868 -44.5
0 2.52186 -45.5
1 5.71254 -44.5
0 2.55254 -45.5
0 2.55868 -46.0
1 5.73095 -44.5
0 2.54641 -45.5
1 5.72482 -44.5
1 5.70641 -44.5
0 2.52800 -46.0
0 2.52800 -45.5
1 5.70641 -44.5
0 2.54027 -46.0
1 5.68186 -44.5
1 5.70641 -44.5
0 2.55868 -46.0
1 5.69414 -44.5
0 2.53414 -45.5
0 2.54027 -46.0
1 5.72482 -44.5
0 2.54641 -45.5
1 5.71868 -44.5
1 5.71868 -44.5
0 2.53414 -45.5
0 2.55254 -45.5
1 5.71868 -44.5
0 2.54641 -45.5
1 5.71254 -44.5
1 5.71254 -44.5
0 2.54027 -45.5
1 5.71254 -44.5
0 2.54027 -45.5
0 2.54641 -45.5
1 5.71868 -44.5
1 5.70641 -44.5
0 2.54641 -45.5
0 2.50346 -45.5
1 5.70641 -44.5
0 2.53414 -45.5
1 5.71868 -44.5
1 5.73095 -44.5
0 2.54641 -45.5
0 2.54027 -46.0
1 5.69414 -44.5
0 2.54027 -45.5
1 5.70027 -44.5
0 2.52800 -45.5
1 5.69414 -44.5
1 5.71868 -44.5
0 2.52800 -45.5
0 2.52800 -46.0
1 5.71254 -44.5
0 2.54027 -46.0
1 5.71868 -44.5
1 5.71868 -44.5
0 2.54027 -45.5
0 2.54027 -45.5
1 5.71868 -44.5
1 5.70641 -44.5
0 2.52186 -45.5
0 2.54027 -45.5
1 5.72482 -44.5
1 5.70641 -44.5
0 2.54641 -46.0
1 5.70641 -44.5
0 2.52186 -46.0
0 2.54027 -46.0
1 5.71254 -44.5
0 2.51573 -46.0
1 5.70027 -44.5
0 2.52800 -45.5
1 5.71254 -44.5
0 2.51573 -45.5
1 5.70027 -44.5
0 2.53414 -46.0
1 5.70027 -44.5
0 2.53414 -45.5
1 5.70027 -44.5
1 5.71254 -44.5
0 2.54027 -46.0
0 2.52186 -46.0
1 5.72482 -44.5
0 2.52800 -46.0
1 5.72482 -44.5
0 2.54027 -45.5
1 5.70641 -44.5
1 5.71868 -44.5
0 2.52186 -45.5
1 5.71254 -44.5
0 2.53414 -45.5
1 5.71254 -44.5
0 2.50346 -45.5
1 5.71868 -44.5
0 2.53414 -45.5
1 5.71868 -44.5
0 2.54027 -45.5
0 2.53414 -46.0
1 5.71868 -44.5
0 2.54027 -45.5
1 5.72482 -44.5
1 5.70641 -44.5
0 2.52800 -46.0
0 2.53414 -45.5
1 5.70641 -44.5
0 2.54641 -46.0
1 5.71868 -44.5
0 2.54027 -45.5
1 5.70641 -44.5
1 5.70641 -44.5
