1 5.76163 -44.5
0 3.11091 -46.0
1 5.76777 -44.0
0 3.11091 -46.0
1 5.79231 -44.0
0 3.14159 -45.5
0 3.12932 -46.0
1 5.74936 -44.0
0 3.17227 -46.0
1 5.79231 -44.0
1 5.77390 -44.0
0 3.12318 -46.0
0 3.12318 -46.0
1 5.77390 -44.5
0 3.12318 -45.5
1 5.76777 -44.0
1 5.77390 -44.0
0 3.14159 -45.5
1 5.78004 -44.5
0 3.14773 -46.0
1 5.77390 -44.0
0 3.11091 -46.0
1 5.77390 -44.5
0 3.14159 -46.0
1 5.78004 -44.5
0 3.16000 -46.0
0 3.13546 -46.0
1 5.79231 -44.5
1 5.76777 -44.0
0 3.14159 -46.0
0 3.12932 -46.0
1 5.78004 -44.5
0 3.11091 -46.0
1 5.76777 -44.0
0 3.13546 -46.0
1 5.78004 -44.5
0 3.15386 -46.0
1 5.76163 -44.5
0 3.12318 -46.0
1 5.76777 -44.0
0 3.14773 -46.0
1 5.76777 -44.0
0 3.14159 -46.0
1 5.76163 -44.0
0 3.16000 -46.0
1 5.77390 -44.5
0 3.15386 -46.0
1 5.77390 -44.5
1 5.76777 -44.0
0 3.14159 -46.0
1 5.75550 -44.0
0 3.16000 -46.0
0 3.14773 -46.0
1 5.78618 -44.0
1 5.78004 -44.0
0 3.15386 -46.0
0 3.14159 -46.0
1 5.79845 -44.0
1 5.79845 -44.5
0 3.14773 -46.0
1 5.77390 -44.0
0 3.16614 -46.0
0 3.13546 -46.0
1 5.78004 -44.0
1 5.76163 -44.5
0 3.14773 -46.0
0 3.15386 -46.0
1 5.79231 -44.0
1 5.79231 -44.0
0 3.16000 -46.0
1 5.76163 -44.0
0 3.13546 -46.0
1 5.78618 -44.0
0 3.16000 -46.0
0 3.14159 -46.0
1 5.76163 -44.5
1 5.78004 -44.5
0 3.14159 -46.0
1 5.77390 -44.5
0 3.14159 -46.0
0 3.14773 -46.0
1 5.78004 -44.0
1 5.78004 -44.0
0 3.15386 -46.0
0 3.16000 -45.5
1 5.78618 -44.0
1 5.79231 -44.5
0 3.14773 -45.5
0 3.14773 -46.0
1 5.78004 -44.0
1 5.78004 -44.5
0 3.14159 -46.0
1 5.75550 -44.5
0 3.14773 -46.0
1 5.76777 -44.5
0 3.16000 -46.0
1 5.77390 -44.0
0 3.14773 -46.0
0 3.14159 -46.0
1 5.78618 -44.0
1 5.79231 -44.0
0 3.16614 -46.0
0 3.15386 -46.0
1 5.79231 -44.0
1 5.78618 -44.5
0 3.15386 -45.5
0 3.14159 -46.0
1 5.78618 -44.5
1 5.76777 -44.0
0 3.14773 -46.0
0 3.15386 -46.0
1 5.76777 -44.5
1 5.78618 -44.0
0 3.14159 -46.0
1 5.77390 -44.0
0 3.15386 -46.0
0 3.15386 -46.0
1 5.78618 -44.5
1 5.77390 -44.0
0 3.14773 -46.0
1 5.76163 -44.0
0 3.14773 -46.0
1 5.76163 -44.5
0 3.15386 -46.0
0 3.16614 -46.0
1 5.76777 -44.5
1 5.78618 -44.0
0 3.13546 -46.0
0 3.14773 -46.0
1 5.77390 -44.0
1 5.78004 -44.5
0 3.17841 -46.0
1 5.78618 -44.5
0 3.14773 -46.0
0 3.14159 -46.0
1 5.78004 -44.0
0 3.15386 -46.0
1 5.78004 -44.5
1 5.78004 -44.5
0 3.16000 -46.0
0 3.14773 -46.0
1 5.78618 -44.0
0 3.16614 -46.0
1 5.78004 -44.5
1 5.78618 -44.5
0 3.16614 -46.0
1 5.77390 -44.0
0 3.17227 -46.0
0 3.16000 -46.0
1 5.77390 -44.5
0 3.15386 -46.0
1 5.79231 -44.5
1 5.78618 -44.0
0 3.14159 -46.0
1 5.78004 -44.5
0 3.14773 -46.0
0 3.14773 -46.0
1 5.77390 -44.0
0 3.15386 -46.0
1 5.79231 -44.5
0 3.15386 -46.0
1 5.79231 -44.5
0 3.16614 -46.0
1 5.79845 -44.5
0 3.16614 -46.0
1 5.79845 -44.0
0 3.16614 -46.0
1 5.79231 -44.0
0 3.16614 -46.0
1 5.79845 -44.5
1 5.78618 -44.0
0 3.16614 -46.0
1 5.80458 -44.0
0 3.15386 -46.0
0 3.16000 -46.0
1 5.79845 -44.0
1 5.79231 -44.5
0 3.17227 -46.0
1 5.75550 -44.5
0 3.14773 -46.0
0 3.16000 -46.0
1 5.78618 -44.5
0 3.16000 -46.0
1 5.78618 -44.0
1 5.77390 -44.0
0 3.16614 -46.0
1 5.77390 -44.0
0 3.17227 -46.0
1 5.78618 -44.5
0 3.17841 -46.0
0 3.16614 -46.0
1 5.77390 -44.5
1 5.78004 -44.5
0 3.16614 -46.0
1 5.78618 -44.5
0 3.14773 -46.0
1 5.77390 -44.5
0 3.15386 -46.0
0 3.15386 -46.0
1 5.78618 -44.5
1 5.78004 -44.5
0 3.14773 -46.0
0 3.17841 -46.0
1 5.77390 -44.5
0 3.16614 -46.0
1 5.77390 -44.0
0 3.16000 -46.0
1 5.78004 -44.0
1 5.75550 -44.5
0 3.16000 -46.0
1 5.77390 -44.0
0 3.16614 -46.0
0 3.14773 -46.0
1 5.78004 -44.0
1 5.76163 -44.0
0 3.15386 -46.0
1 5.79845 -44.0
0 3.17227 -46.0
0 3.15386 -46.0
1 5.77390 -44.5
1 5.77390 -44.0
0 3.14773 -46.0
1 5.78004 -44.0
0 3.16614 -46.0
1 5.77390 -44.0
0 3.15386 -46.0
0 3.14159 -46.0
1 5.76777 -44.5
0 3.16000 -46.0
1 5.77390 -44.5
1 5.79231 -44.0
0 3.17841 -46.0
1 5.81686 -44.5
0 3.14773 -46.0
0 3.16000 -46.0
1 5.76777 -44.0
0 3.16000 -46.0
1 5.79231 -44.0
1 5.76777 -44.0
0 3.16614 -46.0
0 3.15386 -46.0
1 5.76777 -44.0
0 3.16614 -46.0
1 5.76777 -44.0
1 5.77390 -44.0
0 3.16614 -46.0
1 5.78618 -44.0
0 3.15386 -46.0
0 3.16614 -46.0
1 5.76163 -44.0
0 3.18454 -46.0
1 5.76163 -44.5
1 5.78004 -44.0
0 3.16000 -46.0
1 5.77390 -44.5
0 3.17227 -46.0
1 5.77390 -44.0
0 3.16000 -46.0
0 3.16000 -46.0
1 5.78004 -44.5
0 3.14773 -46.0
1 5.77390 -44.5
0 3.14773 -46.0
1 5.75550 -44.5
0 3.13546 -46.0
0 3.14773 -46.0
1 5.74322 -44.5
0 3.13546 -46.0
1 5.76777 -44.0
1 5.76163 -44.5
0 3.14773 -46.0
0 3.12318 -46.0
1 5.76163 -44.5
1 5.76777 -44.5
0 3.14773 -46.0
0 3.11705 -46.0
1 5.74936 -44.5
0 3.12318 -46.0
1 5.76777 -44.5
1 5.74936 -44.5
0 3.13546 -46.0
1 5.76777 -44.5
0 3.15386 -46.0
0 3.12318 -46.0
1 5.75550 -44.5
1 5.75550 -44.0
0 3.14159 -46.0
1 5.74322 -44.5
0 3.15386 -46.0
1 5.75550 -44.5
0 3.14159 -46.0
0 3.12932 -46.0
1 5.77390 -44.5
0 3.14773 -46.0
1 5.74322 -44.5
1 5.75550 -44.5
0 3.12932 -46.5
0 3.13546 -46.0
1 5.76163 -44.5
0 3.11091 -46.0
1 5.75550 -44.5
1 5.74322 -44.5
0 3.13546 -46.0
0 3.15386 -46.0
1 5.76163 -44.5
1 5.76777 -44.5
0 3.14159 -46.0
1 5.76777 -44.5
0 3.14773 -46.0
1 5.74936 -44.5
0 3.13546 -46.0
1 5.75550 -44.5
0 3.13546 -46.0
0 3.13546 -46.0
1 5.77390 -44.0
1 5.74936 -44.0
0 3.14159 -46.0
0 3.11705 -46.0
1 5.77390 -44.5
0 3.14159 -46.0
1 5.75550 -44.5
1 5.76163 -44.5
0 3.14773 -46.0
1 5.75550 -44.5
0 3.14773 -46.0
0 3.12318 -46.0
1 5.76777 -44.5
0 3.14159 -46.0
1 5.74936 -44.5
1 5.76777 -44.5
0 3.14159 -46.0
1 5.77390 -44.5
0 3.12932 -46.0
1 5.74936 -44.5
0 3.13546 -46.0
0 3.13546 -46.0
1 5.76777 -44.5
0 3.14159 -46.0
1 5.75550 -44.5
0 3.14773 -46.0
1 5.76163 -44.5
0 3.11705 -46.0
1 5.76777 -44.5
0 3.15386 -46.0
1 5.76777 -44.0
0 3.12318 -46.0
1 5.75550 -44.5
1 5.74322 -44.5
0 3.14159 -46.0
1 5.76163 -44.5
0 3.14159 -46.0
0 3.14159 -46.0
1 5.76163 -44.0
1 5.78004 -44.5
0 3.13546 -46.0
0 3.14773 -46.0
1 5.76163 -44.5
1 5.74936 -44.5
0 3.14159 -46.0
0 3.13546 -46.0
1 5.75550 -44.5
0 3.14159 -46.0
1 5.78618 -44.5
0 3.12932 -46.0
1 5.76777 -44.5
1 5.77390 -44.5
0 3.12318 -46.0
1 5.76777 -44.5
0 3.12932 -46.0
1 5.76777 -44.5
0 3.11705 -46.0
1 5.77390 -44.5
0 3.15386 -46.0
1 5.78004 -44.5
0 3.14773 -46.0
0 3.13546 -46.0
1 5.76163 -44.5
1 5.76163 -44.0
0 3.14159 -46.0
1 5.77390 -44.5
0 3.14159 -46.0
1 5.74936 -44.5
0 3.14159 -46.0
1 5.77390 -44.5
0 3.12932 -46.0
0 3.12932 -46.0
1 5.77390 -44.5
1 5.73709 -44.5
0 3.12318 -46.0
0 3.12932 -46.0
1 5.75550 -44.0
0 3.14159 -46.0
1 5.74936 -44.5
0 3.11705 -46.0
1 5.76163 -44.5
0 3.12932 -46.0
1 5.76777 -44.0
0 3.11705 -46.0
1 5.76777 -44.0
1 5.77390 -44.5
0 3.11705 -46.0
1 5.77390 -44.5
0 3.12318 -46.0
1 5.75550 -44.5
