1 5.60823 -45.0
0 3.07410 -44.0
0 3.05569 -44.0
1 5.60823 -45.0
1 5.62664 -45.0
0 3.08637 -43.5
0 3.07410 -44.0
1 5.60823 -45.0
1 5.63278 -45.0
0 3.08023 -44.0
0 3.09864 -43.5
1 5.63278 -45.0
1 5.61437 -45.0
0 3.08637 -44.0
0 3.08023 -44.0
1 5.61437 -45.0
0 3.09864 -44.0
1 5.60210 -45.0
0 3.08023 -44.0
1 5.60823 -45.0
0 3.08023 -44.0
1 5.62664 -45.0
0 3.07410 -44.0
1 5.62664 -45.0
0 3.09251 -44.0
1 5.61437 -45.0
1 5.62051 -45.0
0 3.08023 -44.0
0 3.09864 -44.0
1 5.62664 -45.0
1 5.62051 -45.0
0 3.07410 -44.0
1 5.64505 -45.0
0 3.06183 -44.0
0 3.06183 -44.0
1 5.63278 -45.0
1 5.64505 -45.0
0 3.08637 -44.0
1 5.60823 -45.0
0 3.10478 -44.0
1 5.62664 -45.0
0 3.08023 -43.5
1 5.63278 -45.0
0 3.10478 -43.5
1 5.64505 -45.0
0 3.09864 -44.0
1 5.62051 -45.0
0 3.07410 -44.0
1 5.63891 -45.0
0 3.09864 -44.0
1 5.63278 -45.0
0 3.10478 -44.0
0 3.08023 -44.0
1 5.62051 -45.0
1 5.62664 -45.0
0 3.10478 -44.0
0 3.08637 -44.0
1 5.62664 -45.0
1 5.63278 -45.0
0 3.11091 -44.0
0 3.10478 -44.0
1 5.63278 -45.0
1 5.61437 -45.0
0 3.08637 -44.0
0 3.08637 -44.0
1 5.62664 -45.0
0 3.07410 -44.0
1 5.62051 -45.0
0 3.09864 -44.0
1 5.63891 -45.0
0 3.09251 -44.0
1 5.62664 -45.0
1 5.62664 -45.0
0 3.08023 -44.0
1 5.63891 -45.0
0 3.09864 -44.0
1 5.62051 -45.0
0 3.07410 -44.0
0 3.10478 -44.0
1 5.63891 -45.0
1 5.62051 -45.0
0 3.04955 -44.0
1 5.62664 -45.0
0 3.07410 -44.0
1 5.62664 -45.0
0 3.09864 -44.0
1 5.62051 -45.0
0 3.09864 -44.0
1 5.62664 -45.0
0 3.10478 -44.0
0 3.08637 -44.0
1 5.62051 -45.0
1 5.62051 -45.0
0 3.09251 -44.0
0 3.10478 -44.0
1 5.62664 -45.0
0 3.09251 -44.0
1 5.62664 -45.0
1 5.63891 -45.0
0 3.04342 -44.0
1 5.62051 -45.0
0 3.09864 -44.0
1 5.63891 -45.0
0 3.09864 -43.5
0 3.09864 -44.0
1 5.62664 -45.0
0 3.09864 -44.0
1 5.62051 -45.0
1 5.62051 -45.0
0 3.09251 -44.0
1 5.62051 -45.0
0 3.08023 -44.0
0 3.10478 -44.0
1 5.64505 -45.0
1 5.61437 -45.0
0 3.09864 -44.0
0 3.06796 -44.0
1 5.63891 -45.0
1 5.60823 -45.0
0 3.09251 -44.0
0 3.11091 -43.5
1 5.63278 -45.0
0 3.08023 -44.0
1 5.62664 -45.0
1 5.62664 -45.0
0 3.08637 -44.0
1 5.62664 -45.0
0 3.09251 -44.0
1 5.62664 -45.0
0 3.10478 -44.0
0 3.08023 -44.0
1 5.63891 -45.0
1 5.63891 -45.0
0 3.08023 -44.0
1 5.62664 -45.0
0 3.09864 -44.0
1 5.63278 -45.0
0 3.08637 -44.0
1 5.62664 -45.0
0 3.08637 -44.0
1 5.62051 -45.0
0 3.10478 -44.0
1 5.63891 -45.0
0 3.08637 -44.0
1 5.63278 -45.0
0 3.08637 -44.0
0 3.10478 -44.0
1 5.62051 -45.0
0 3.11091 -44.0
1 5.62051 -45.0
0 3.09864 -44.0
1 5.62664 -45.0
1 5.64505 -45.0
0 3.10478 -44.0
1 5.65119 -45.0
0 3.10478 -44.0
1 5.64505 -45.0
0 3.09864 -44.0
0 3.08023 -44.0
1 5.64505 -45.0
1 5.62664 -45.0
0 3.09251 -44.0
1 5.61437 -45.0
0 3.08023 -44.0
0 3.10478 -44.0
1 5.62664 -45.0
0 3.04955 -44.0
1 5.63891 -45.0
1 5.64505 -45.0
0 3.09864 -44.0
0 3.11091 -43.5
1 5.62664 -45.0
1 5.63278 -45.0
0 3.09251 -43.5
1 5.66346 -45.0
0 3.07410 -44.0
1 5.63891 -45.0
0 3.09864 -43.5
0 3.09251 -44.0
1 5.63278 -45.0
1 5.63278 -45.0
0 3.09251 -44.0
0 3.08637 -44.0
1 5.63891 -45.0
1 5.63891 -45.0
0 3.09864 -43.5
1 5.62051 -45.0
0 3.09251 -44.0
0 3.08637 -44.0
1 5.63278 -45.0
0 3.09864 -44.0
1 5.62664 -45.0
0 3.09864 -44.0
1 5.62051 -45.0
0 3.09251 -44.0
1 5.64505 -45.0
0 3.09864 -44.0
1 5.63891 -45.0
1 5.63891 -45.0
0 3.10478 -44.0
1 5.66346 -45.0
0 3.08637 -44.0
0 3.09864 -44.0
1 5.64505 -45.0
0 3.09864 -44.0
1 5.62664 -45.0
1 5.61437 -45.0
0 3.11091 -44.0
0 3.08637 -44.0
1 5.64505 -45.0
1 5.64505 -45.0
0 3.08023 -44.0
0 3.08637 -44.0
1 5.63891 -45.0
1 5.65119 -45.0
0 3.08637 -44.0
1 5.65732 -45.0
0 3.08023 -44.0
0 3.09251 -44.0
1 5.62051 -45.0
0 3.09864 -44.0
1 5.62664 -45.0
1 5.63278 -45.0
0 3.10478 -44.0
0 3.08023 -44.0
1 5.63278 -45.0
0 3.06183 -44.0
1 5.62664 -45.0
0 3.09251 -43.5
1 5.62664 -45.0
0 3.08023 -44.0
1 5.64505 -45.0
1 5.63278 -45.0
0 3.08637 -44.0
1 5.63891 -45.0
0 3.09864 -44.0
1 5.63278 -45.0
0 3.09864 -44.0
1 5.65732 -45.0
0 3.08637 -44.0
1 5.63891 -45.0
0 3.06183 -44.0
0 3.11091 -44.0
1 5.62664 -45.0
0 3.09864 -44.0
1 5.62664 -45.0
1 5.66346 -45.0
0 3.07410 -44.0
1 5.63278 -45.0
0 3.11091 -44.0
1 5.63891 -45.0
0 3.08637 -44.0
1 5.63891 -45.0
0 3.09251 -44.0
0 3.08023 -44.0
1 5.63278 -45.0
1 5.63278 -45.0
0 3.10478 -44.0
0 3.09251 -44.0
0 3.08023 -43.5
1 5.62051 -45.0
0 3.07410 -43.5
1 5.60210 -45.0
1 5.60823 -45.0
0 3.09251 -44.0
0 3.07410 -44.0
1 5.60823 -45.0
1 5.60210 -45.0
0 3.06183 -43.5
1 5.61437 -45.0
0 3.09864 -44.0
0 3.08637 -44.0
1 5.61437 -45.0
1 5.62051 -45.0
0 3.08023 -44.0
0 3.08637 -43.5
1 5.60823 -45.0
1 5.62664 -45.0
0 3.08023 -44.0
1 5.60823 -45.0
0 3.08637 -43.5
1 5.60823 -45.0
0 3.06796 -44.0
1 5.60210 -45.0
0 3.08637 -43.5
1 5.62664 -45.0
0 3.08637 -44.0
1 5.63278 -45.0
0 3.08023 -43.5
0 3.08023 -43.5
1 5.60210 -45.0
1 5.62051 -45.0
0 3.06183 -43.5
1 5.62051 -45.0
0 3.08637 -43.5
0 3.09251 -43.5
1 5.60210 -45.0
0 3.06796 -44.0
1 5.60210 -45.0
1 5.60823 -45.0
0 3.07410 -44.0
0 3.08637 -44.0
1 5.61437 -45.0
1 5.62051 -45.0
0 3.06796 -44.0
0 3.07410 -44.0
1 5.62051 -45.0
0 3.06796 -44.0
1 5.60823 -45.0
0 3.08023 -44.0
1 5.61437 -45.0
1 5.59596 -45.0
0 3.06796 -43.5
1 5.63278 -45.0
0 3.08023 -44.0
1 5.62051 -45.0
0 3.08637 -43.5
1 5.62051 -45.0
0 3.08023 -43.5
0 3.07410 -43.5
1 5.61437 -45.0
0 3.06183 -43.5
1 5.61437 -45.0
1 5.61437 -45.0
0 3.09864 -43.5
0 3.08637 -43.5
1 5.62664 -45.0
1 5.61437 -45.0
0 3.06183 -43.5
1 5.60823 -45.0
0 3.08023 -43.5
1 5.65119 -45.0
0 3.06796 -43.5
1 5.61437 -45.0
0 3.08637 -43.5
0 3.06796 -43.5
1 5.62051 -45.0
1 5.61437 -45.0
0 3.08637 -43.5
0 3.09864 -43.5
1 5.62051 -45.0
1 5.60823 -45.0
0 3.09864 -43.5
1 5.62051 -45.0
0 3.07410 -43.5
0 3.08637 -43.5
1 5.61437 -45.0
0 3.06796 -43.5
1 5.62051 -45.0
0 3.07410 -43.5
1 5.58983 -45.0
0 3.07410 -43.5
1 5.60210 -45.0
0 3.07410 -44.0
1 5.62664 -45.0
0 3.08023 -43.5
1 5.62051 -45.0
0 3.07410 -44.0
1 5.62051 -45.0
1 5.60823 -45.0
0 3.03115 -43.5
0 3.08023 -43.5
1 5.60823 -45.0
1 5.62664 -45.0
0 3.06796 -44.0
1 5.61437 -45.0
0 3.08023 -44.0
1 5.63278 -45.0
0 3.09251 -43.5
0 3.08637 -44.0
1 5.62051 -45.0
0 3.06183 -43.5
1 5.62051 -45.0
0 3.09864 -44.0
1 5.62051 -45.0
0 3.09251 -43.5
1 5.59596 -45.0
1 5.63278 -45.0
0 3.08637 -44.0
0 3.08637 -43.5
1 5.60210 -45.0
0 3.08637 -43.5
1 5.61437 -45.0
0 3.08637 -43.5
1 5.60823 -45.0
0 3.07410 -43.5
1 5.60210 -45.0
0 3.04955 -43.5
1 5.62051 -45.0
0 3.05569 -43.5
1 5.62051 -45.0
1 5.61437 -45.0
0 3.07410 -43.5
1 5.61437 -45.0
0 3.07410 -43.5
1 5.61437 -45.0
0 3.09864 -44.0
0 3.09864 -43.5
