1 5.50392 -45.5
0 2.95751 -40.5
1 5.51006 -45.5
0 2.96365 -40.5
0 2.95751 -40.5
1 5.50392 -45.5
0 2.96979 -41.0
1 5.51006 -45.5
1 5.50392 -45.5
0 2.95138 -41.0
0 2.94524 -40.5
1 5.51006 -45.5
0 2.95138 -41.0
1 5.52233 -45.0
1 5.51619 -45.0
0 2.95138 -41.0
0 2.98206 -41.0
1 5.51006 -45.5
0 2.95138 -40.5
1 5.52233 -45.5
1 5.51619 -45.5
0 2.94524 -41.0
0 2.98819 -40.5
1 5.51619 -45.5
1 5.52847 -45.0
0 2.96979 -41.0
0 2.96365 -40.5
1 5.52847 -45.5
0 2.96979 -41.0
1 5.49779 -45.5
0 2.96365 -40.5
1 5.53460 -45.5
1 5.52233 -45.0
0 2.96365 -40.5
0 2.96365 -40.5
1 5.52847 -45.5
0 2.96365 -41.0
1 5.52847 -45.5
1 5.50392 -45.0
0 2.95751 -41.0
0 2.96979 -41.0
1 5.52847 -45.5
0 2.97592 -41.0
1 5.52233 -45.5
0 2.97592 -41.0
1 5.51619 -45.5
0 2.96979 -41.0
1 5.51006 -45.5
0 2.96365 -40.5
1 5.51619 -45.5
0 2.95751 -40.5
1 5.51006 -45.5
1 5.52233 -45.5
0 2.96979 -41.0
0 2.97592 -40.5
1 5.51006 -45.5
0 2.97592 -41.0
1 5.51006 -45.5
0 2.95751 -40.5
1 5.52233 -45.5
0 2.96979 -41.0
1 5.53460 -45.5
1 5.52233 -45.5
0 2.97592 -40.5
0 2.95751 -40.5
1 5.53460 -45.5
0 2.99433 -40.5
1 5.52233 -45.5
0 2.96979 -40.5
1 5.52233 -45.0
0 2.95751 -40.5
1 5.52233 -45.5
1 5.51619 -45.5
0 3.00660 -41.0
0 2.96365 -40.5
1 5.52847 -45.5
0 2.97592 -40.5
1 5.54074 -45.5
0 2.96365 -41.0
1 5.53460 -45.5
1 5.54074 -45.5
0 2.98206 -40.5
0 2.98206 -40.5
1 5.51619 -45.0
1 5.52847 -45.5
0 2.98206 -41.0
0 2.95751 -40.5
1 5.52847 -45.5
0 2.98206 -40.5
1 5.50392 -45.5
0 3.00047 -41.0
1 5.52847 -45.5
1 5.52847 -45.5
0 2.96365 -40.5
0 3.00047 -41.0
1 5.50392 -45.5
0 3.00047 -40.5
1 5.54687 -45.5
0 2.98819 -40.5
1 5.51619 -45.0
0 2.99433 -41.0
1 5.51006 -45.5
1 5.54687 -45.5
0 2.97592 -40.5
0 2.98206 -40.5
1 5.52847 -45.5
0 2.98206 -41.0
1 5.52847 -45.5
1 5.51006 -45.0
0 2.98206 -40.5
1 5.55301 -45.5
0 2.96979 -40.5
0 2.96979 -41.0
1 5.52233 -45.5
1 5.52847 -45.5
0 2.99433 -40.5
0 2.96365 -41.0
1 5.52847 -45.5
0 2.99433 -41.0
1 5.52847 -45.0
0 3.00047 -41.0
1 5.51619 -45.5
0 2.98206 -41.0
1 5.52233 -45.5
1 5.54074 -45.5
0 2.98206 -40.5
1 5.52233 -45.5
0 2.96365 -40.5
1 5.52847 -45.5
0 2.98206 -41.0
0 2.97592 -41.0
1 5.52847 -45.5
0 2.98819 -41.0
1 5.51006 -45.5
0 2.98819 -41.0
1 5.53460 -45.5
0 3.00047 -41.0
1 5.51006 -45.5
1 5.53460 -45.0
0 2.95751 -40.5
0 2.98819 -41.0
1 5.52847 -45.0
0 2.96979 -40.5
1 5.51619 -45.5
1 5.53460 -45.5
0 2.99433 -41.0
1 5.53460 -45.5
0 2.99433 -41.0
0 3.00047 -41.0
1 5.54074 -45.5
0 2.96979 -40.5
1 5.51006 -45.5
0 2.97592 -41.0
1 5.54687 -45.0
0 2.97592 -41.0
1 5.52233 -45.5
0 2.98819 -41.0
1 5.52847 -45.0
0 2.99433 -41.0
1 5.53460 -45.5
0 2.98206 -41.0
1 5.54074 -45.0
0 2.97592 -41.0
1 5.52847 -45.5
0 2.98206 -41.0
1 5.52233 -45.0
0 2.96979 -40.5
1 5.53460 -45.0
0 2.97592 -41.0
1 5.52847 -45.0
0 3.00047 -41.0
1 5.54074 -45.0
1 5.53460 -45.5
0 2.97592 -41.0
1 5.52847 -45.0
0 2.96365 -41.0
0 2.98206 -41.0
1 5.55301 -45.5
0 2.96365 -41.0
1 5.53460 -45.5
1 5.52233 -45.5
0 2.95751 -41.0
0 3.00047 -41.0
1 5.53460 -45.5
0 2.95751 -41.0
1 5.51619 -45.5
0 2.98819 -41.0
1 5.53460 -45.0
0 2.96979 -41.0
1 5.53460 -45.0
0 2.95751 -41.0
1 5.54687 -45.5
1 5.53460 -45.0
0 2.98819 -41.0
1 5.53460 -45.5
0 2.96979 -41.0
0 3.00047 -41.0
1 5.54687 -45.5
1 5.52847 -45.0
0 2.98819 -41.0
1 5.51619 -45.0
0 2.96979 -41.0
1 5.53460 -45.0
0 2.98206 -41.0
0 2.96365 -41.0
1 5.54074 -45.0
1 5.53460 -45.5
0 2.98206 -41.0
1 5.55915 -45.5
0 3.00660 -41.0
0 2.95751 -41.0
1 5.53460 -45.5
0 2.96365 -41.0
1 5.52233 -45.5
0 2.96979 -41.0
1 5.54687 -45.5
0 2.98819 -41.0
1 5.52233 -45.0
1 5.54074 -45.5
0 2.99433 -41.0
1 5.53460 -45.5
0 3.00660 -41.0
0 2.96979 -41.0
1 5.53460 -45.5
1 5.53460 -45.0
0 2.97592 -41.0
0 2.99433 -41.0
1 5.54074 -45.5
0 2.99433 -40.5
1 5.53460 -45.5
0 2.98819 -41.0
1 5.53460 -45.5
0 2.98819 -40.5
1 5.53460 -45.0
1 5.52233 -45.0
0 2.96979 -41.0
0 2.96365 -40.5
1 5.51619 -45.5
0 2.97592 -41.0
1 5.52847 -45.5
0 2.97592 -40.5
1 5.53460 -45.5
0 2.96365 -40.5
1 5.52233 -45.5
0 2.99433 -41.0
1 5.55301 -45.5
1 5.52233 -45.5
0 2.97592 -41.0
0 2.98819 -40.5
1 5.55301 -45.0
0 2.99433 -40.5
1 5.54687 -45.5
1 5.53460 -45.5
0 2.99433 -41.0
0 2.98206 -40.5
1 5.54074 -45.5
0 2.96979 -41.0
1 5.54687 -45.5
0 2.98206 -41.0
1 5.52847 -45.5
1 5.54687 -45.5
0 2.98819 -40.5
1 5.54074 -45.5
0 2.97592 -40.5
0 2.98206 -40.5
1 5.53460 -45.5
1 5.53460 -45.0
0 2.98206 -40.5
1 5.52233 -45.5
0 2.96979 -40.5
0 2.95751 -41.0
1 5.52233 -45.5
1 5.51619 -45.5
0 2.94524 -40.5
1 5.50392 -45.5
0 2.95138 -41.0
0 2.96979 -40.5
1 5.51619 -45.5
0 2.95751 -41.0
1 5.52847 -45.5
1 5.51619 -45.5
0 2.96979 -40.5
0 2.94524 -40.5
1 5.52233 -45.5
1 5.52233 -45.5
0 2.94524 -40.5
0 2.96979 -41.0
1 5.51619 -45.5
1 5.52847 -45.5
0 2.95751 -40.5
1 5.51619 -45.5
0 2.94524 -40.5
0 2.96979 -40.5
1 5.49779 -45.5
0 2.94524 -41.0
1 5.52847 -45.5
1 5.54074 -45.5
0 2.96365 -41.0
0 2.98206 -40.5
1 5.51619 -45.5
0 2.96365 -40.5
1 5.53460 -45.5
1 5.53460 -45.5
0 2.98206 -40.5
0 2.96365 -40.5
1 5.51619 -45.5
1 5.53460 -45.5
0 2.95138 -40.5
0 2.96979 -40.5
1 5.52233 -45.5
0 2.96365 -40.5
1 5.52847 -45.5
0 2.95751 -40.5
1 5.52847 -45.5
1 5.54074 -45.5
0 2.95138 -40.5
0 2.95751 -40.5
1 5.53460 -45.5
0 2.95751 -40.5
1 5.51619 -45.5
0 2.95751 -40.5
1 5.52233 -45.5
0 2.95751 -40.5
1 5.52847 -45.5
1 5.52847 -45.5
0 2.96365 -40.5
0 2.93911 -41.0
1 5.52847 -45.5
0 2.95751 -40.5
1 5.52847 -45.5
0 2.95751 -41.0
1 5.52233 -45.5
0 2.96365 -40.5
1 5.49779 -45.5
0 2.96979 -41.0
1 5.52847 -45.5
1 5.53460 -45.5
0 2.95138 -40.5
0 2.94524 -40.5
1 5.51619 -45.5
0 2.95138 -41.0
1 5.53460 -45.5
1 5.54074 -45.5
0 2.96979 -41.0
0 2.96979 -41.0
1 5.54074 -45.5
1 5.52233 -45.5
0 2.96365 -41.0
1 5.52847 -45.5
0 2.96365 -41.0
1 5.52847 -45.5
0 2.96365 -41.0
0 2.94524 -41.0
1 5.52847 -45.0
0 2.96365 -41.0
1 5.54074 -45.5
1 5.54687 -45.5
0 2.97592 -41.0
0 2.96365 -40.5
1 5.52233 -45.5
0 2.96365 -41.0
1 5.50392 -45.5
0 2.96365 -41.0
1 5.56528 -45.0
0 2.95751 -41.0
1 5.53460 -45.5
1 5.51619 -45.5
0 2.95138 -41.0
1 5.55301 -45.5
0 2.97592 -41.0
1 5.51006 -45.5
0 2.97592 -41.0
1 5.52847 -45.5
0 2.96365 -41.0
1 5.52233 -45.5
0 2.96979 -41.0
0 2.96365 -41.0
1 5.50392 -45.5
0 2.96365 -41.0
1 5.51619 -45.5
0 2.95138 -41.0
1 5.52233 -45.5
0 2.98206 -41.0
1 5.52233 -45.5
0 2.97592 -41.0
1 5.54687 -45.5
0 2.98206 -41.0
1 5.51619 -45.5
1 5.53460 -45.0
0 2.97592 -41.0
0 2.96365 -41.0
1 5.52847 -45.5
1 5.51619 -45.0
0 2.96365 -41.0
0 2.96979 -41.0
1 5.52233 -45.5
0 2.95138 -41.0
1 5.52847 -45.0
0 2.95751 -41.0
1 5.54074 -45.0
0 2.96365 -40.5
1 5.52233 -45.0
0 2.98206 -40.5
1 5.55301 -45.0
0 2.96979 -40.5
1 5.52847 -45.5
0 2.96979 -40.5
1 5.51619 -45.5
0 2.94524 -41.0
1 5.52847 -45.0
0 2.96365 -40.5
1 5.54074 -45.5
1 5.51006 -45.5
0 2.95751 -40.5
0 2.95751 -40.5
1 5.55301 -45.5
0 2.96365 -40.5
