0 2.48505 -37.0
1 5.11736 -44.0
0 2.47891 -37.0
1 5.11122 -44.0
0 2.47891 -37.0
1 5.12350 -44.0
0 2.49118 -37.5
1 5.10509 -44.0
0 2.49118 -37.0
1 5.12963 -44.0
0 2.49732 -37.5
1 5.12350 -44.0
0 2.49118 -37.0
1 5.12350 -44.0
0 2.49732 -37.5
1 5.12350 -44.0
0 2.49732 -37.5
1 5.12350 -44.0
0 2.48505 -37.0
1 5.09895 -44.0
0 2.49118 -37.0
1 5.10509 -44.0
1 5.11736 -44.0
0 2.50346 -37.0
0 2.48505 -37.0
1 5.11122 -44.0
0 2.49118 -37.0
1 5.09282 -44.0
0 2.48505 -37.0
1 5.13577 -44.0
0 2.49118 -37.5
1 5.12350 -44.0
0 2.48505 -37.0
1 5.13577 -44.0
0 2.48505 -37.0
1 5.12963 -44.0
1 5.13577 -44.0
0 2.49118 -37.0
1 5.12350 -44.0
0 2.49118 -37.5
0 2.48505 -37.0
1 5.12350 -44.0
0 2.49118 -37.0
1 5.14190 -44.0
1 5.11736 -44.0
0 2.48505 -37.5
1 5.14190 -44.0
0 2.48505 -37.0
0 2.49732 -37.0
1 5.13577 -44.0
0 2.49118 -37.0
1 5.11736 -44.0
1 5.13577 -44.0
0 2.47278 -37.5
0 2.49118 -37.0
1 5.12350 -44.0
1 5.12350 -44.0
0 2.49118 -37.5
0 2.49732 -37.5
1 5.12350 -44.0
0 2.49118 -37.5
1 5.11736 -44.0
0 2.49118 -37.0
1 5.12963 -44.0
0 2.50346 -37.5
1 5.14190 -44.0
0 2.48505 -37.0
1 5.12963 -44.0
0 2.49732 -37.0
1 5.11122 -44.0
1 5.13577 -44.0
0 2.49732 -37.5
0 2.49732 -37.0
1 5.12963 -44.0
1 5.12963 -44.0
0 2.50346 -37.0
1 5.12963 -44.0
0 2.50959 -37.0
0 2.49732 -37.5
1 5.12963 -44.0
0 2.48505 -37.0
1 5.13577 -44.0
0 2.49732 -37.0
1 5.11122 -44.0
0 2.50959 -37.0
1 5.12350 -44.0
1 5.12350 -44.0
0 2.49732 -37.0
1 5.12963 -44.0
0 2.49118 -37.0
1 5.11122 -44.0
0 2.49732 -37.0
0 2.49118 -37.5
1 5.12963 -44.0
1 5.10509 -44.0
0 2.49732 -37.0
1 5.13577 -44.0
0 2.49732 -37.5
0 2.50959 -37.0
1 5.11736 -44.0
0 2.50346 -37.0
1 5.11736 -44.0
0 2.50959 -37.5
1 5.12350 -44.0
1 5.12350 -44.0
0 2.50346 -37.0
0 2.49732 -37.5
1 5.14190 -44.0
1 5.14190 -44.0
0 2.49118 -37.0
1 5.14190 -44.0
0 2.49118 -37.0
0 2.49732 -37.0
1 5.13577 -44.0
1 5.14190 -44.0
0 2.48505 -37.0
0 2.49118 -37.0
1 5.12350 -44.0
0 2.49118 -37.0
1 5.12963 -44.0
0 2.50346 -37.0
1 5.13577 -44.0
0 2.50959 -37.5
1 5.12350 -44.0
1 5.13577 -44.0
0 2.49118 -37.5
0 2.49732 -37.0
1 5.13577 -44.0
0 2.49118 -37.0
1 5.13577 -44.0
0 2.49732 -37.0
1 5.14190 -44.0
1 5.14804 -44.0
0 2.48505 -37.5
1 5.12963 -44.0
0 2.49732 -37.0
0 2.50346 -37.5
1 5.14190 -44.0
1 5.12350 -44.0
0 2.50959 -37.0
0 2.49118 -37.5
1 5.12963 -44.0
0 2.49118 -37.0
1 5.12350 -44.0
1 5.12963 -44.0
0 2.49118 -37.0
1 5.12350 -44.0
0 2.48505 -37.0
1 5.12963 -44.0
0 2.49118 -37.5
1 5.14190 -44.0
0 2.49732 -37.0
0 2.50346 -37.0
1 5.12963 -44.0
0 2.49118 -37.0
1 5.11736 -44.0
0 2.49732 -37.5
1 5.14804 -44.0
0 2.49118 -37.0
1 5.14190 -44.0
0 2.49732 -37.0
1 5.12963 -44.0
0 2.49118 -37.5
1 5.12963 -44.0
0 2.49732 -37.0
1 5.12350 -44.0
0 2.48505 -37.0
1 5.12350 -44.0
0 2.49732 -37.0
1 5.12963 -44.0
1 5.14190 -44.0
0 2.46664 -37.0
0 2.49732 -37.5
1 5.11736 -44.0
1 5.12963 -44.0
0 2.50346 -37.0
0 2.49732 -37.0
1 5.13577 -44.0
0 2.49732 -37.5
1 5.13577 -44.0
0 2.50346 -37.0
1 5.11122 -44.0
0 2.49732 -37.5
1 5.12350 -44.0
0 2.50346 -37.0
1 5.12350 -44.0
0 2.49118 -37.0
1 5.11736 -44.0
1 5.14190 -44.0
0 2.48505 -37.0
0 2.48505 -37.0
1 5.11122 -44.0
0 2.49732 -37.5
1 5.11122 -44.0
0 2.49118 -37.5
1 5.12350 -44.0
0 2.50346 -37.0
1 5.12350 -44.0
0 2.51573 -37.0
1 5.12963 -44.0
0 2.49118 -37.5
1 5.12963 -44.0
1 5.11736 -44.0
0 2.50959 -37.0
1 5.14190 -44.0
0 2.49732 -37.5
1 5.12350 -44.0
0 2.50959 -37.5
0 2.50346 -37.0
1 5.12963 -44.0
0 2.50959 -37.0
1 5.12963 -44.0
1 5.13577 -44.0
0 2.50346 -37.0
0 2.50959 -37.0
1 5.12963 -44.0
0 2.50346 -37.5
1 5.12963 -44.0
0 2.49732 -37.0
1 5.12350 -44.0
0 2.50346 -37.0
1 5.12963 -44.0
0 2.49732 -37.0
1 5.12963 -44.0
0 2.51573 -37.0
1 5.14190 -44.0
0 2.50346 -37.5
1 5.13577 -44.0
0 2.49732 -37.5
1 5.12963 -44.0
1 5.11122 -44.0
0 2.50346 -37.0
0 2.50959 -37.0
1 5.13577 -44.0
0 2.50959 -37.0
1 5.12350 -44.0
0 2.49118 -37.5
1 5.12350 -44.0
0 2.50346 -37.5
1 5.12963 -44.0
0 2.50346 -37.0
1 5.13577 -44.0
0 2.49732 -37.0
1 5.13577 -44.0
0 2.52186 -37.0
1 5.14190 -44.0
0 2.49732 -37.5
1 5.14804 -44.0
0 2.50959 -37.0
1 5.14190 -44.0
1 5.12963 -44.0
0 2.50346 -37.0
0 2.50959 -37.0
1 5.13577 -44.0
1 5.12963 -44.0
0 2.50959 -37.0
0 2.51573 -37.5
1 5.13577 -44.0
0 2.50346 -37.0
1 5.14190 -44.0
1 5.15418 -44.0
0 2.50959 -37.0
0 2.50346 -37.0
1 5.12963 -44.0
1 5.14190 -44.0
0 2.49118 -37.5
0 2.50959 -37.0
1 5.14804 -44.0
0 2.49732 -37.0
1 5.13577 -44.0
1 5.12963 -44.0
0 2.50959 -37.0
0 2.50959 -37.0
1 5.11736 -44.0
0 2.49118 -37.5
0 2.49118 -37.5
1 5.11122 -44.0
0 2.48505 -37.0
1 5.11122 -44.0
0 2.50346 -37.5
1 5.10509 -44.0
0 2.49732 -37.0
1 5.10509 -44.0
0 2.48505 -37.5
1 5.11736 -44.0
0 2.49118 -37.5
1 5.11736 -44.0
0 2.49732 -37.0
1 5.12350 -44.0
1 5.12350 -44.0
0 2.49118 -37.5
1 5.11122 -44.0
0 2.48505 -37.5
0 2.48505 -37.0
1 5.10509 -44.0
1 5.11122 -44.0
0 2.48505 -37.0
0 2.49118 -37.0
1 5.12350 -44.0
0 2.50346 -37.0
1 5.11122 -44.0
0 2.49732 -37.0
1 5.11122 -44.0
1 5.10509 -44.0
0 2.49732 -37.0
1 5.11122 -44.0
0 2.48505 -37.5
0 2.50959 -37.5
1 5.11736 -44.0
0 2.49732 -37.0
1 5.12350 -44.0
1 5.11736 -44.0
0 2.50346 -37.0
0 2.49732 -37.5
1 5.12350 -44.0
0 2.49118 -37.5
1 5.11736 -44.0
0 2.47891 -37.5
1 5.10509 -44.5
0 2.49732 -37.5
1 5.11736 -44.0
0 2.49732 -37.5
1 5.11122 -44.0
1 5.11122 -44.0
0 2.49732 -37.0
0 2.47891 -37.5
1 5.14190 -44.0
0 2.50346 -37.0
1 5.11736 -44.0
0 2.49732 -37.5
1 5.12350 -44.0
0 2.50346 -37.5
1 5.11122 -44.0
1 5.12350 -44.0
0 2.49732 -37.5
1 5.11122 -44.0
0 2.49732 -37.0
0 2.49732 -37.5
1 5.12350 -44.0
0 2.50346 -37.0
1 5.10509 -44.0
0 2.49118 -37.5
1 5.09895 -44.5
0 2.50346 -37.5
1 5.11122 -44.0
0 2.49732 -37.5
1 5.12350 -44.0
0 2.49118 -37.0
1 5.11122 -44.0
0 2.50959 -37.5
1 5.14190 -44.0
1 5.12963 -44.0
0 2.49732 -37.5
0 2.49118 -37.0
1 5.11122 -44.0
0 2.49732 -37.0
1 5.11736 -44.0
0 2.49118 -37.5
1 5.12350 -44.0
0 2.48505 -37.0
1 5.11122 -44.0
0 2.49732 -37.0
1 5.10509 -44.0
1 5.11736 -44.0
0 2.50959 -37.5
0 2.50346 -37.5
1 5.12963 -44.0
1 5.12963 -44.0
0 2.50346 -37.5
0 2.50346 -37.0
1 5.11736 -44.0
0 2.49118 -37.5
1 5.11122 -44.0
0 2.50346 -37.0
1 5.11122 -44.0
0 2.50346 -37.5
1 5.11736 -44.0
0 2.49118 -37.5
1 5.14190 -44.0
0 2.50346 -37.0
1 5.11736 -44.0
0 2.50959 -37.0
1 5.10509 -44.0
0 2.50346 -37.0
1 5.11122 -44.0
0 2.49732 -37.0
1 5.09895 -44.0
0 2.48505 -37.0
1 5.11736 -44.0
1 5.12350 -44.0
0 2.50959 -37.5
0 2.49732 -37.0
1 5.11122 -44.0
1 5.11736 -44.0
0 2.49732 -37.0
0 2.49118 -37.0
1 5.12350 -44.0
0 2.49732 -37.0
1 5.12350 -44.0
0 2.50346 -37.5
1 5.09895 -44.0
0 2.49118 -37.0
1 5.12350 -44.0
0 2.49118 -37.5
1 5.11122 -44.0
0 2.48505 -37.0
1 5.09895 -44.0
0 2.50959 -37.0
1 5.11736 -44.0
0 2.49732 -37.5
1 5.12350 -44.0
0 2.49732 -37.5
1 5.11122 -44.0
0 2.50346 -37.0
1 5.11736 -44.0
0 2.50346 -37.0
1 5.11736 -44.0
0 2.50346 -37.0
1 5.11122 -44.0
0 2.50346 -37.5
1 5.11736 -44.0
1 5.12350 -44.0
0 2.49118 -37.5
0 2.49732 -37.0
1 5.10509 -44.0
1 5.11736 -44.0
