0 2.89616 -38.0
1 5.38120 -45.0
0 2.89616 -38.0
1 5.36893 -45.0
0 2.88388 -38.0
1 5.38734 -45.0
0 2.87775 -38.0
1 5.33825 -45.0
0 2.87775 -38.0
1 5.36893 -45.0
0 2.87161 -38.0
1 5.39348 -45.0
0 2.87161 -38.0
1 5.37507 -45.0
0 2.88388 -38.0
1 5.33825 -45.0
0 2.89616 -38.0
1 5.35666 -45.0
0 2.87161 -38.0
1 5.36893 -45.0
0 2.87775 -38.0
1 5.36280 -45.0
1 5.35052 -45.0
0 2.89616 -38.0
0 2.90229 -38.0
1 5.36280 -45.0
0 2.88388 -38.0
1 5.36893 -45.0
1 5.38734 -45.0
0 2.88388 -38.0
0 2.87775 -38.0
1 5.38734 -45.0
1 5.36280 -45.0
0 2.89002 -38.0
0 2.89002 -38.0
1 5.34439 -45.0
0 2.91456 -38.0
1 5.35052 -45.0
1 5.36893 -45.0
0 2.89616 -38.0
0 2.89002 -38.0
1 5.35666 -45.0
1 5.35052 -45.0
0 2.90229 -38.0
0 2.88388 -38.0
1 5.36893 -45.0
0 2.89002 -38.0
1 5.35666 -45.0
0 2.89002 -38.0
1 5.36280 -45.0
0 2.87775 -38.0
1 5.38734 -45.0
0 2.87161 -38.0
1 5.35666 -45.0
0 2.90229 -38.0
1 5.36280 -45.0
0 2.89616 -38.0
1 5.38734 -45.0
0 2.89002 -38.0
1 5.38120 -45.0
0 2.90229 -38.0
1 5.38734 -45.0
0 2.89616 -38.0
1 5.37507 -45.0
0 2.88388 -38.0
1 5.39348 -45.0
0 2.89616 -38.0
1 5.38120 -45.0
0 2.89616 -38.0
1 5.36280 -45.0
1 5.39961 -45.0
0 2.89616 -38.5
0 2.89002 -38.0
1 5.33825 -45.0
0 2.90229 -38.0
1 5.35666 -45.0
1 5.36280 -45.0
0 2.87775 -38.0
0 2.89616 -38.0
1 5.39348 -45.0
0 2.89002 -38.0
1 5.38120 -45.0
0 2.89616 -38.0
1 5.36893 -45.0
0 2.88388 -38.0
1 5.39961 -45.0
0 2.88388 -38.0
1 5.38120 -45.0
0 2.90843 -38.0
1 5.36280 -45.0
0 2.89616 -38.0
1 5.35052 -45.0
1 5.36280 -45.0
0 2.87161 -38.0
0 2.90229 -38.0
1 5.38120 -45.0
0 2.91456 -38.0
1 5.37507 -45.0
1 5.36280 -45.0
0 2.89616 -38.0
0 2.89616 -38.0
1 5.36893 -45.0
0 2.92684 -38.0
1 5.36893 -45.0
1 5.39961 -45.0
0 2.89616 -38.0
0 2.88388 -38.0
1 5.39348 -45.0
0 2.89616 -38.0
1 5.38734 -45.0
0 2.89002 -38.0
1 5.35666 -45.0
0 2.92684 -38.0
1 5.39348 -45.0
0 2.88388 -38.0
1 5.39348 -45.0
0 2.86548 -38.0
1 5.38734 -45.0
0 2.88388 -38.0
1 5.39348 -45.0
0 2.89616 -38.0
1 5.39348 -45.0
0 2.90229 -38.0
1 5.39961 -45.0
0 2.89616 -38.0
1 5.36280 -45.0
1 5.36280 -45.0
0 2.89002 -38.0
0 2.89002 -38.0
1 5.35666 -45.0
0 2.88388 -38.0
1 5.35052 -45.0
0 2.90229 -38.0
1 5.39961 -45.0
1 5.37507 -45.0
0 2.89616 -38.0
0 2.91456 -38.0
1 5.39348 -45.0
0 2.88388 -38.0
1 5.36893 -45.0
0 2.89616 -38.0
1 5.36893 -45.0
1 5.34439 -45.0
0 2.89616 -38.0
0 2.87775 -38.0
1 5.38734 -45.0
0 2.91456 -38.0
1 5.37507 -45.0
0 2.89616 -38.0
1 5.38734 -45.0
1 5.38734 -45.0
0 2.93297 -38.0
0 2.89002 -38.0
1 5.39348 -45.0
0 2.89002 -38.0
1 5.38734 -45.0
0 2.89616 -38.0
1 5.38734 -45.0
1 5.36280 -45.0
0 2.89002 -38.0
0 2.89002 -38.0
1 5.40575 -45.0
1 5.38120 -45.0
0 2.88388 -38.0
1 5.39348 -45.0
0 2.90843 -38.0
1 5.37507 -45.0
0 2.89616 -38.0
0 2.90229 -38.0
1 5.35666 -45.0
0 2.89616 -38.0
1 5.36280 -45.0
0 2.90843 -38.0
1 5.39348 -45.0
0 2.92070 -38.0
1 5.36280 -45.0
0 2.89616 -38.0
1 5.38734 -45.0
0 2.90843 -38.0
1 5.36893 -45.0
0 2.89616 -38.0
1 5.39348 -45.0
0 2.90843 -38.0
1 5.38734 -45.0
0 2.88388 -38.0
1 5.39348 -45.0
1 5.40575 -45.0
0 2.89002 -38.0
0 2.90229 -38.0
1 5.40575 -45.0
0 2.90843 -38.0
1 5.38734 -45.0
0 2.90229 -38.0
1 5.38734 -45.0
0 2.92070 -38.0
1 5.39961 -45.0
1 5.38734 -45.0
0 2.89616 -38.0
0 2.90843 -38.0
1 5.39961 -45.0
0 2.91456 -38.0
1 5.39348 -45.0
0 2.89616 -38.0
1 5.38734 -45.0
0 2.90229 -38.0
1 5.38734 -45.0
0 2.92070 -38.0
1 5.36280 -45.0
0 2.89616 -38.0
1 5.39348 -45.0
0 2.89002 -38.0
1 5.38120 -45.0
0 2.90843 -38.0
1 5.36893 -45.0
0 2.91456 -38.0
1 5.39961 -45.0
0 2.89616 -38.0
1 5.36280 -45.0
0 2.90843 -38.0
1 5.35666 -45.0
1 5.38120 -45.0
0 2.92070 -38.0
1 5.40575 -45.0
0 2.90843 -38.0
0 2.89616 -38.0
1 5.36893 -45.0
1 5.37507 -45.0
0 2.90843 -38.0
0 2.89002 -38.0
1 5.40575 -45.0
0 2.90843 -38.0
1 5.38734 -45.0
0 2.89616 -38.0
1 5.38120 -45.0
0 2.91456 -38.0
1 5.38120 -45.0
0 2.90229 -38.0
1 5.39961 -45.0
0 2.90843 -38.0
1 5.39348 -45.0
1 5.38120 -45.0
0 2.90843 -38.0
1 5.38120 -45.0
0 2.92070 -38.0
0 2.90229 -38.0
1 5.39348 -45.0
0 2.89002 -38.0
1 5.37507 -45.0
1 5.38120 -45.0
0 2.90229 -38.0
0 2.90843 -38.0
1 5.39348 -45.0
0 2.92070 -38.0
1 5.39961 -45.0
1 5.39348 -45.0
0 2.89616 -38.0
0 2.89002 -38.0
1 5.39961 -45.0
0 2.90229 -38.0
1 5.39348 -45.0
0 2.90229 -38.0
1 5.39348 -45.0
0 2.88388 -38.0
1 5.39348 -45.0
1 5.39961 -45.0
0 2.87775 -38.0
1 5.39348 -45.0
0 2.88388 -38.0
0 2.91456 -38.0
1 5.40575 -45.0
0 2.90229 -38.0
1 5.38734 -45.0
1 5.38734 -45.0
0 2.90843 -38.0
0 2.89002 -38.0
1 5.35052 -45.0
0 2.89616 -38.0
1 5.35666 -45.0
0 2.89616 -38.0
1 5.36893 -45.0
0 2.93297 -38.0
1 5.35052 -45.0
0 2.90843 -38.0
1 5.35666 -45.0
1 5.34439 -45.0
0 2.90843 -38.0
0 2.88388 -38.0
1 5.36280 -45.0
1 5.39961 -45.0
0 2.90229 -38.0
0 2.90229 -38.0
1 5.35666 -45.0
0 2.90843 -38.0
1 5.38734 -45.0
0 2.90843 -38.0
1 5.38734 -45.0
0 2.90229 -38.0
1 5.38734 -45.0
0 2.90229 -38.0
1 5.36280 -45.0
1 5.36280 -45.0
0 2.89616 -38.0
0 2.89616 -38.0
1 5.37507 -45.0
1 5.36280 -45.0
0 2.90843 -38.0
1 5.36893 -45.0
0 2.90229 -38.0
0 2.89002 -38.0
1 5.38734 -45.0
0 2.89002 -38.0
1 5.36280 -45.0
0 2.89616 -38.0
1 5.38734 -45.0
0 2.90843 -38.0
1 5.36280 -45.0
0 2.90229 -38.0
1 5.36893 -45.0
0 2.89002 -38.0
1 5.39961 -45.0
0 2.89002 -38.0
1 5.38734 -45.0
0 2.87775 -38.0
1 5.34439 -45.0
0 2.90843 -38.0
1 5.34439 -45.0
0 2.88388 -38.0
1 5.37507 -45.0
0 2.89616 -38.0
1 5.38734 -45.0
0 2.89002 -38.0
1 5.35052 -45.0
0 2.90229 -38.0
1 5.36893 -45.0
1 5.35666 -45.0
0 2.89616 -38.0
1 5.38120 -45.0
0 2.90229 -38.0
0 2.90229 -38.0
1 5.36893 -45.0
0 2.90229 -38.0
1 5.38734 -45.0
0 2.89616 -38.0
1 5.35666 -45.0
0 2.89616 -38.0
1 5.35666 -45.0
0 2.89002 -38.0
1 5.36893 -45.0
1 5.35666 -45.0
0 2.87775 -38.0
0 2.89616 -38.0
1 5.35666 -45.0
0 2.88388 -38.0
1 5.35052 -45.0
0 2.90843 -38.0
1 5.39348 -45.0
0 2.91456 -38.0
1 5.35666 -45.0
0 2.89616 -38.0
1 5.37507 -45.0
0 2.89616 -38.0
1 5.35666 -45.0
0 2.90843 -38.0
1 5.35052 -45.0
0 2.90229 -38.0
1 5.35666 -45.0
1 5.35052 -45.0
0 2.91456 -38.0
1 5.39348 -45.0
0 2.89002 -38.0
0 2.90843 -38.0
1 5.36280 -45.0
0 2.87775 -38.0
1 5.38120 -45.0
0 2.90843 -38.0
1 5.35052 -45.0
0 2.90229 -38.0
1 5.38120 -45.0
0 2.89616 -38.0
1 5.35666 -45.0
0 2.90229 -38.0
1 5.35666 -45.0
0 2.91456 -38.0
1 5.36893 -45.0
0 2.90843 -38.0
1 5.35666 -45.0
0 2.90843 -38.0
1 5.37507 -45.0
1 5.38734 -45.0
0 2.90229 -38.0
1 5.37507 -45.0
0 2.90843 -38.0
0 2.87775 -38.0
1 5.39348 -45.0
1 5.36280 -45.0
0 2.89002 -38.0
0 2.89002 -38.0
1 5.38734 -45.0
0 2.90843 -38.0
1 5.38734 -45.0
0 2.91456 -38.0
1 5.38734 -45.0
1 5.38734 -45.0
0 2.89616 -38.0
0 2.89616 -38.0
1 5.35052 -45.0
0 2.91456 -38.0
1 5.35666 -45.0
0 2.91456 -38.0
1 5.38120 -45.0
0 2.91456 -38.0
1 5.35052 -45.0
0 2.91456 -38.0
1 5.35666 -45.0
1 5.35052 -45.0
0 2.91456 -38.0
0 2.89616 -38.0
1 5.39348 -45.0
1 5.38734 -45.0
0 2.89616 -38.0
0 2.89002 -38.5
1 5.36280 -45.0
0 2.90229 -38.0
1 5.38120 -45.0
