0 2.61390 -36.0
1 5.22167 -44.0
0 2.62004 -36.0
1 5.19713 -44.0
0 2.59550 -36.0
1 5.22781 -44.0
0 2.60163 -36.0
1 5.19099 -44.0
0 2.62004 -36.0
1 5.20326 -44.0
0 2.61390 -36.0
1 5.20326 -44.0
1 5.21553 -44.5
0 2.61390 -36.0
1 5.22167 -44.0
0 2.60777 -36.0
1 5.19713 -44.0
0 2.60777 -36.0
0 2.62618 -36.0
1 5.21553 -44.0
0 2.60777 -36.0
1 5.21553 -44.0
0 2.62004 -36.0
1 5.20940 -44.0
0 2.62004 -36.0
1 5.22167 -44.0
0 2.62004 -36.0
1 5.20940 -44.0
1 5.22167 -44.0
0 2.62618 -36.0
0 2.62004 -36.0
1 5.22167 -44.0
0 2.62004 -36.0
1 5.22167 -44.0
0 2.62618 -36.0
1 5.22167 -44.0
0 2.63231 -36.0
1 5.24008 -44.5
0 2.62004 -36.0
1 5.19099 -44.5
1 5.22781 -44.0
0 2.63231 -36.0
0 2.62618 -36.0
1 5.22781 -44.0
0 2.61390 -36.0
1 5.22781 -44.0
0 2.63845 -36.0
1 5.23394 -44.0
0 2.63231 -36.0
1 5.21553 -44.0
0 2.63231 -36.0
1 5.22167 -44.5
0 2.63231 -36.0
1 5.22781 -44.0
0 2.62004 -36.0
1 5.24621 -44.0
0 2.63231 -36.0
1 5.22167 -44.0
0 2.61390 -36.0
1 5.22781 -44.0
0 2.63231 -36.0
1 5.23394 -44.0
0 2.62004 -36.0
1 5.25235 -44.0
0 2.63845 -36.0
1 5.22781 -44.0
0 2.63231 -36.0
1 5.20940 -44.0
1 5.22781 -44.0
0 2.62618 -36.0
0 2.63231 -36.0
1 5.22167 -44.0
0 2.63231 -36.0
1 5.24621 -44.0
0 2.62618 -36.0
1 5.22781 -44.0
1 5.22781 -44.0
0 2.63845 -36.0
0 2.62618 -36.0
1 5.22167 -44.0
0 2.64458 -36.0
1 5.24008 -44.5
1 5.20940 -44.0
0 2.63845 -36.0
0 2.65072 -36.0
1 5.22167 -44.0
1 5.22781 -44.0
0 2.65072 -36.0
0 2.63231 -36.0
1 5.22167 -44.0
0 2.64458 -36.0
1 5.21553 -44.5
0 2.64458 -36.0
1 5.20940 -44.5
0 2.64458 -36.0
1 5.21553 -44.5
0 2.63845 -36.0
1 5.23394 -44.0
1 5.25849 -44.0
0 2.63231 -36.0
1 5.21553 -44.0
0 2.61390 -36.0
0 2.62618 -36.0
1 5.20940 -44.0
0 2.62618 -36.0
1 5.22167 -44.0
0 2.65072 -36.0
1 5.22781 -44.0
0 2.63231 -36.0
1 5.23394 -44.0
1 5.20940 -44.5
0 2.63845 -36.0
0 2.63231 -36.0
1 5.21553 -44.0
0 2.64458 -36.0
1 5.22167 -44.0
1 5.20940 -44.5
0 2.62618 -36.0
0 2.63231 -36.0
1 5.20940 -44.0
0 2.62618 -36.0
1 5.22167 -44.5
0 2.61390 -36.0
1 5.22167 -44.0
0 2.61390 -36.0
1 5.21553 -44.0
1 5.22167 -44.0
0 2.63231 -36.0
0 2.65685 -36.0
1 5.22167 -44.5
0 2.64458 -36.0
1 5.20326 -44.5
0 2.63845 -36.0
1 5.20326 -44.0
0 2.62618 -36.0
1 5.22167 -44.0
0 2.63845 -36.0
1 5.20326 -44.0
0 2.62618 -36.0
1 5.20326 -44.5
0 2.63231 -36.5
1 5.20326 -44.0
1 5.20940 -44.0
0 2.63231 -36.0
0 2.63231 -36.0
1 5.21553 -44.0
1 5.21553 -44.5
0 2.63231 -36.0
0 2.63231 -36.5
1 5.22167 -44.0
0 2.63845 -36.0
1 5.21553 -44.5
0 2.63845 -36.0
1 5.21553 -44.0
0 2.63231 -36.0
1 5.20326 -44.0
0 2.65072 -36.0
1 5.21553 -44.0
0 2.63231 -36.0
1 5.20940 -44.5
0 2.63845 -36.5
1 5.22167 -44.0
1 5.22167 -44.0
0 2.65072 -36.0
0 2.63845 -36.0
1 5.22167 -44.0
0 2.65685 -36.0
1 5.19713 -44.0
1 5.20940 -44.0
0 2.64458 -36.0
0 2.65685 -36.0
1 5.20326 -44.5
1 5.23394 -44.0
0 2.65072 -36.0
0 2.64458 -36.0
1 5.22167 -44.5
0 2.65072 -36.0
1 5.22781 -44.5
0 2.64458 -36.0
1 5.22167 -44.0
1 5.22781 -44.0
0 2.63845 -36.0
0 2.63231 -36.0
1 5.22781 -44.5
1 5.24008 -44.0
0 2.65072 -36.0
0 2.65072 -36.0
1 5.22167 -44.5
0 2.65072 -36.0
1 5.22167 -44.5
0 2.65685 -36.0
1 5.22781 -44.0
0 2.64458 -36.0
1 5.24621 -44.5
0 2.65072 -36.0
1 5.23394 -44.0
1 5.23394 -44.5
0 2.65685 -36.0
0 2.65685 -36.0
1 5.23394 -44.0
0 2.66299 -36.0
1 5.25849 -44.5
0 2.64458 -36.5
1 5.24008 -44.5
0 2.67526 -36.0
1 5.23394 -44.5
0 2.67526 -36.0
1 5.23394 -44.5
1 5.24621 -44.5
0 2.66913 -36.0
0 2.67526 -36.0
1 5.25849 -44.5
0 2.66299 -36.0
1 5.25849 -44.5
0 2.66913 -36.0
1 5.25235 -44.5
0 2.65685 -36.0
1 5.23394 -44.5
0 2.67526 -36.0
1 5.24621 -44.5
0 2.66299 -36.0
1 5.25849 -44.5
1 5.24008 -44.5
0 2.65685 -36.0
0 2.66913 -36.0
1 5.25849 -44.0
0 2.66913 -36.0
1 5.23394 -44.5
1 5.25849 -44.5
0 2.65072 -36.0
0 2.66299 -36.0
1 5.22781 -44.5
0 2.66913 -36.0
1 5.25235 -44.5
0 2.65072 -36.0
1 5.24621 -44.5
1 5.25235 -44.5
0 2.65685 -36.5
0 2.65685 -36.0
1 5.23394 -44.5
0 2.65072 -36.0
1 5.24008 -44.5
0 2.65685 -36.0
1 5.22167 -44.5
0 2.65685 -36.0
1 5.24008 -44.5
1 5.24008 -44.5
0 2.63231 -36.0
1 5.21553 -44.5
0 2.62618 -36.5
1 5.22167 -44.5
0 2.64458 -36.5
0 2.65685 -36.0
1 5.22781 -44.5
0 2.63231 -36.0
1 5.22167 -44.5
0 2.65072 -36.0
1 5.23394 -44.5
1 5.22781 -44.5
0 2.65072 -36.0
0 2.64458 -36.5
1 5.22781 -44.5
0 2.64458 -36.0
1 5.22167 -44.5
1 5.24008 -44.5
0 2.63845 -36.5
0 2.63231 -36.0
1 5.25849 -44.5
1 5.22167 -44.5
0 2.64458 -36.0
1 5.23394 -44.5
0 2.62618 -36.0
0 2.62618 -36.0
1 5.24621 -44.5
0 2.63845 -36.0
1 5.22781 -44.5
0 2.63231 -36.5
0 2.62618 -36.0
1 5.21553 -44.5
0 2.61390 -36.0
1 5.21553 -44.5
0 2.62004 -36.0
1 5.20326 -44.5
0 2.62618 -36.0
1 5.21553 -44.5
0 2.61390 -36.0
1 5.20326 -44.5
1 5.20940 -44.5
0 2.62618 -36.0
0 2.62618 -36.5
1 5.20940 -44.5
0 2.62618 -36.0
1 5.22781 -44.5
1 5.19713 -44.5
0 2.62004 -36.0
0 2.62004 -36.0
1 5.21553 -44.5
0 2.62618 -36.0
1 5.22167 -44.5
0 2.63845 -36.0
1 5.20940 -44.5
0 2.62618 -36.0
1 5.22781 -44.5
0 2.62618 -36.0
1 5.21553 -44.5
0 2.63231 -36.0
1 5.21553 -44.5
0 2.63231 -36.0
1 5.22167 -44.5
0 2.63231 -36.0
1 5.21553 -44.5
1 5.19713 -44.5
0 2.62004 -36.0
0 2.63231 -36.0
1 5.22167 -44.5
0 2.63231 -36.0
1 5.21553 -44.5
0 2.63845 -36.0
1 5.21553 -44.5
0 2.62618 -36.0
1 5.21553 -44.5
0 2.62618 -36.0
1 5.20326 -44.5
0 2.63231 -36.5
1 5.22781 -44.5
0 2.64458 -36.5
1 5.20940 -44.5
0 2.63845 -36.5
1 5.22781 -44.5
0 2.62618 -36.0
1 5.21553 -44.5
0 2.63231 -36.5
1 5.22781 -44.5
0 2.63231 -36.0
1 5.23394 -44.5
0 2.63845 -36.0
1 5.22781 -44.5
1 5.22781 -44.5
0 2.64458 -36.0
0 2.64458 -36.0
1 5.20940 -44.5
0 2.64458 -36.0
1 5.21553 -44.5
0 2.64458 -36.0
1 5.20940 -44.5
1 5.23394 -44.5
0 2.65072 -36.0
1 5.22167 -44.5
0 2.65072 -36.0
0 2.63845 -36.5
1 5.20940 -44.5
1 5.23394 -44.0
0 2.64458 -36.0
0 2.63845 -36.0
1 5.22781 -44.5
0 2.63231 -36.0
1 5.20326 -44.5
1 5.22167 -44.5
0 2.64458 -36.0
0 2.64458 -36.5
1 5.22781 -44.5
0 2.63845 -36.0
1 5.21553 -44.5
0 2.63845 -36.0
1 5.21553 -44.5
0 2.64458 -36.5
1 5.21553 -44.5
0 2.62004 -36.0
1 5.22167 -44.0
0 2.63845 -36.0
1 5.20326 -44.0
1 5.20940 -44.5
0 2.63845 -36.0
0 2.63845 -36.0
1 5.22167 -44.5
0 2.62618 -36.0
1 5.22167 -44.0
0 2.62618 -36.0
1 5.20940 -44.0
0 2.63231 -36.0
1 5.22781 -44.5
0 2.62618 -36.0
1 5.22167 -44.0
0 2.63845 -36.0
1 5.20326 -44.0
0 2.63845 -36.0
1 5.20326 -44.0
0 2.63231 -36.0
1 5.19713 -44.5
0 2.63231 -36.0
1 5.20940 -44.0
0 2.64458 -36.0
1 5.20326 -44.5
0 2.64458 -36.0
1 5.20326 -44.0
0 2.63231 -36.0
1 5.20326 -44.0
0 2.63845 -36.0
1 5.20940 -44.5
0 2.62618 -36.0
1 5.18486 -44.5
1 5.20326 -44.5
0 2.62004 -36.0
0 2.63231 -36.0
1 5.18486 -44.5
0 2.63231 -36.0
1 5.19099 -44.5
0 2.63231 -36.5
1 5.21553 -44.0
0 2.63845 -36.0
1 5.20326 -44.0
1 5.21553 -44.0
0 2.63231 -36.0
0 2.62618 -36.0
1 5.19099 -44.5
0 2.62618 -36.0
1 5.19099 -44.5
0 2.62618 -36.0
1 5.19099 -44.5
0 2.62004 -36.0
1 5.19713 -44.5
0 2.62618 -36.0
1 5.20940 -44.0
1 5.20940 -44.0
0 2.62004 -36.0
0 2.62618 -36.0
1 5.19099 -44.5
0 2.63231 -36.0
