0 2.31324 -36.5
1 5.09282 -43.5
0 2.31938 -37.0
1 5.09282 -43.5
0 2.33165 -37.0
1 5.09282 -43.5
0 2.31324 -37.0
1 5.10509 -43.5
0 2.32551 -37.0
1 5.09895 -43.5
0 2.30711 -37.0
1 5.06827 -43.5
0 2.31938 -37.0
1 5.09282 -43.5
0 2.30711 -37.0
1 5.08054 -43.5
0 2.32551 -37.0
1 5.08054 -43.5
1 5.08668 -43.5
0 2.29484 -37.0
0 2.31324 -37.0
1 5.08054 -43.5
1 5.09282 -43.5
0 2.31324 -37.0
0 2.31324 -37.0
1 5.09282 -43.5
0 2.31324 -37.0
1 5.08668 -43.5
0 2.31938 -37.0
1 5.09895 -43.5
0 2.32551 -37.0
1 5.09895 -43.5
0 2.31324 -37.0
1 5.09895 -43.5
0 2.31324 -37.0
1 5.08054 -43.5
0 2.30711 -37.0
1 5.09895 -43.5
0 2.30711 -37.0
1 5.09282 -43.5
0 2.32551 -37.0
1 5.09895 -43.5
1 5.08668 -43.5
0 2.33165 -37.0
0 2.31938 -37.0
1 5.08668 -43.5
0 2.31324 -37.0
1 5.08668 -43.5
1 5.10509 -43.5
0 2.32551 -37.0
0 2.32551 -37.0
1 5.11736 -43.5
1 5.08668 -43.5
0 2.32551 -37.0
0 2.33165 -37.0
1 5.08668 -43.5
1 5.09895 -43.5
0 2.33165 -37.0
0 2.31324 -37.0
1 5.09895 -43.5
0 2.30097 -37.0
1 5.08668 -43.5
0 2.30711 -37.0
1 5.08668 -43.5
0 2.33165 -37.0
1 5.09282 -43.5
1 5.08668 -43.5
0 2.33165 -37.0
0 2.30711 -37.0
1 5.09282 -43.5
0 2.32551 -37.0
1 5.08668 -43.5
1 5.10509 -43.5
0 2.33165 -37.0
0 2.32551 -37.0
1 5.09895 -43.5
1 5.09282 -43.5
0 2.33779 -37.0
0 2.31324 -37.0
1 5.09282 -43.5
0 2.32551 -37.0
1 5.09282 -43.5
1 5.08668 -43.5
0 2.31938 -37.0
1 5.09282 -43.5
0 2.33165 -37.0
0 2.32551 -37.0
1 5.08668 -43.5
1 5.09895 -43.5
0 2.33779 -37.0
1 5.10509 -43.5
0 2.33165 -37.0
1 5.08668 -43.5
0 2.34392 -37.0
0 2.33165 -37.0
1 5.08668 -43.5
0 2.32551 -37.0
1 5.09282 -43.5
0 2.33165 -37.0
1 5.08054 -43.5
0 2.32551 -37.0
1 5.09895 -43.5
1 5.11122 -43.5
0 2.33165 -37.0
1 5.10509 -43.5
0 2.33779 -37.0
0 2.32551 -37.0
1 5.09895 -43.5
0 2.33165 -37.0
1 5.11122 -43.5
1 5.09895 -43.5
0 2.35619 -37.0
0 2.33779 -37.0
1 5.08668 -43.5
0 2.33779 -37.0
1 5.09895 -43.5
0 2.33165 -37.0
1 5.09895 -43.5
0 2.33779 -37.0
1 5.09282 -43.5
0 2.33779 -37.0
1 5.09895 -43.5
0 2.34392 -37.0
1 5.09282 -43.5
0 2.31938 -37.0
1 5.09282 -43.5
0 2.31324 -37.0
1 5.09895 -43.5
0 2.31324 -37.0
1 5.09895 -43.5
0 2.33779 -37.0
1 5.10509 -43.5
1 5.08668 -43.5
0 2.33779 -37.0
0 2.35006 -37.0
1 5.09282 -43.5
0 2.31324 -37.0
1 5.11736 -43.5
0 2.31938 -37.0
1 5.09895 -43.5
0 2.34392 -37.0
1 5.10509 -43.5
0 2.35006 -37.0
1 5.10509 -43.5
1 5.11122 -43.5
0 2.33779 -37.0
0 2.35619 -37.0
1 5.11122 -43.5
0 2.33779 -37.0
1 5.09282 -43.5
1 5.11122 -43.5
0 2.33779 -37.0
0 2.35619 -37.0
1 5.09895 -43.5
1 5.09895 -43.5
0 2.33165 -37.0
1 5.12963 -43.5
0 2.32551 -37.0
0 2.35006 -37.0
1 5.09895 -43.5
0 2.32551 -37.0
1 5.12963 -43.5
0 2.33165 -37.0
1 5.09895 -43.5
0 2.34392 -37.0
1 5.11122 -43.5
1 5.10509 -43.5
0 2.34392 -37.0
0 2.31938 -37.0
1 5.11122 -43.5
0 2.34392 -37.0
1 5.10509 -43.5
0 2.33779 -37.0
1 5.09895 -43.5
0 2.34392 -37.0
1 5.09895 -43.5
1 5.13577 -43.5
0 2.35006 -37.0
0 2.35619 -37.0
1 5.11122 -43.5
1 5.09282 -43.5
0 2.35006 -37.0
0 2.35006 -37.0
1 5.09895 -43.5
1 5.10509 -43.5
0 2.34392 -37.0
1 5.11736 -43.5
0 2.34392 -37.0
0 2.35619 -37.0
1 5.10509 -43.5
1 5.10509 -43.5
0 2.33779 -37.0
0 2.33165 -37.0
1 5.10509 -43.5
0 2.35006 -37.0
1 5.09895 -43.5
1 5.12350 -43.5
0 2.35619 -37.0
0 2.31938 -37.0
1 5.09895 -43.5
0 2.34392 -37.0
1 5.12350 -43.5
0 2.33165 -37.0
1 5.12963 -43.5
0 2.35006 -37.0
1 5.12350 -43.5
1 5.11122 -43.5
0 2.33779 -37.0
0 2.31938 -37.0
1 5.09895 -43.5
0 2.32551 -37.0
1 5.09282 -43.5
1 5.11736 -43.5
0 2.35006 -37.0
1 5.09895 -43.5
0 2.33779 -37.0
1 5.11736 -43.5
0 2.33165 -37.0
1 5.11736 -43.5
0 2.30711 -37.0
0 2.33779 -37.0
1 5.11122 -43.5
0 2.32551 -37.0
1 5.11736 -43.5
1 5.11736 -43.5
0 2.33779 -37.0
0 2.35619 -37.0
1 5.09282 -43.5
0 2.34392 -37.0
1 5.09895 -43.5
1 5.12963 -43.5
0 2.33779 -37.0
0 2.35619 -37.0
1 5.09895 -43.5
1 5.10509 -43.5
0 2.33779 -37.0
0 2.35006 -37.0
1 5.11122 -43.5
0 2.31938 -37.0
1 5.11122 -43.5
0 2.32551 -37.0
1 5.12350 -43.5
1 5.10509 -43.5
0 2.33779 -37.0
1 5.11122 -43.5
0 2.33779 -37.0
0 2.33779 -37.0
1 5.09282 -43.5
1 5.10509 -43.5
0 2.33779 -37.0
0 2.34392 -37.0
1 5.10509 -43.5
1 5.09895 -43.5
0 2.32551 -37.0
0 2.33165 -37.0
1 5.09282 -43.5
1 5.10509 -43.5
0 2.35006 -37.0
0 2.33779 -37.0
1 5.09895 -43.5
0 2.33779 -37.0
1 5.09895 -43.5
0 2.32551 -37.0
1 5.10509 -43.5
0 2.35006 -37.0
1 5.09895 -43.5
0 2.33779 -37.0
1 5.10509 -43.5
1 5.10509 -43.5
0 2.33165 -37.0
1 5.10509 -43.5
0 2.33779 -37.0
0 2.35619 -37.0
1 5.08668 -43.5
0 2.32551 -37.0
1 5.09282 -43.5
1 5.09282 -43.5
0 2.33165 -37.0
1 5.09282 -43.5
0 2.31938 -37.0
0 2.32551 -37.0
1 5.08668 -43.5
0 2.30711 -37.0
1 5.09895 -43.5
0 2.33165 -37.0
1 5.08668 -43.5
0 2.31938 -37.0
1 5.09282 -43.5
1 5.08668 -43.5
0 2.33779 -37.0
1 5.08668 -43.5
0 2.33165 -37.0
1 5.10509 -43.5
0 2.33165 -37.0
0 2.31938 -37.0
1 5.09282 -43.5
1 5.08668 -43.5
0 2.33165 -37.0
1 5.09895 -43.5
0 2.31938 -37.0
1 5.08668 -43.5
0 2.31938 -37.0
0 2.31938 -37.0
1 5.08668 -43.5
0 2.32551 -37.0
1 5.09895 -43.5
0 2.33165 -37.0
1 5.09282 -43.5
0 2.33165 -37.0
1 5.09282 -43.5
1 5.09895 -43.5
0 2.30711 -37.0
0 2.32551 -37.0
1 5.09282 -43.5
1 5.09895 -43.5
0 2.33165 -37.0
0 2.30711 -37.0
1 5.09282 -43.5
0 2.33165 -37.0
1 5.08668 -43.5
0 2.33165 -37.0
1 5.09282 -43.5
0 2.31324 -37.0
1 5.07441 -43.5
0 2.30711 -37.0
1 5.09895 -43.5
1 5.09282 -43.5
0 2.30097 -37.0
0 2.31938 -37.0
1 5.09895 -43.5
1 5.09282 -43.5
0 2.33165 -37.0
0 2.32551 -37.0
1 5.09895 -43.5
0 2.33779 -37.0
1 5.11736 -43.5
0 2.30711 -37.0
1 5.10509 -43.5
0 2.32551 -37.0
1 5.09895 -43.5
0 2.33165 -37.0
1 5.09895 -43.5
0 2.33165 -37.0
1 5.09282 -43.5
0 2.32551 -37.0
1 5.09895 -43.5
1 5.10509 -43.5
0 2.32551 -37.0
0 2.31324 -37.0
1 5.10509 -43.5
0 2.33165 -37.0
1 5.08668 -43.5
0 2.33165 -37.0
1 5.08054 -43.5
0 2.32551 -37.0
1 5.09895 -43.5
0 2.31938 -37.0
1 5.08668 -43.5
0 2.33165 -37.0
1 5.08668 -43.5
0 2.33165 -37.0
1 5.09895 -43.5
0 2.33165 -37.0
1 5.11122 -43.5
0 2.31938 -37.0
1 5.08054 -43.5
0 2.33779 -37.0
1 5.09895 -43.5
0 2.31324 -37.0
1 5.08668 -43.5
1 5.09895 -43.5
0 2.33165 -37.0
0 2.31324 -37.0
1 5.09282 -43.5
0 2.33165 -37.0
1 5.09282 -43.5
0 2.33779 -37.0
1 5.08054 -43.5
0 2.33165 -37.0
1 5.09895 -43.5
0 2.32551 -37.0
1 5.09282 -43.5
0 2.33779 -37.0
1 5.09282 -43.5
1 5.08668 -43.5
0 2.31324 -37.0
1 5.08668 -43.5
0 2.32551 -37.0
0 2.33779 -37.0
1 5.08668 -43.5
0 2.32551 -37.0
1 5.08054 -43.5
1 5.10509 -43.5
0 2.32551 -37.0
0 2.33165 -37.0
1 5.08668 -43.5
0 2.31324 -37.0
1 5.08054 -43.5
0 2.31324 -37.0
1 5.08668 -43.5
0 2.33779 -37.0
1 5.09895 -43.5
0 2.32551 -37.0
1 5.08668 -43.5
0 2.34392 -37.0
1 5.08668 -43.5
0 2.31938 -37.0
1 5.08668 -43.5
1 5.08054 -43.5
0 2.31324 -37.0
0 2.31938 -37.0
1 5.10509 -43.5
0 2.34392 -37.0
1 5.08668 -43.5
0 2.31938 -37.0
1 5.09282 -43.5
0 2.33165 -37.0
1 5.08054 -43.5
0 2.31938 -37.0
1 5.08054 -43.5
0 2.31324 -37.0
1 5.08054 -43.5
0 2.31324 -37.0
1 5.07441 -43.5
0 2.31324 -37.0
1 5.09895 -43.5
