1 5.19713 -43.5
0 2.13530 -35.5
0 2.13530 -35.5
1 5.20326 -43.0
0 2.14757 -35.5
1 5.20940 -43.5
1 5.22167 -43.5
0 2.14757 -36.0
1 5.19099 -43.5
0 2.14757 -36.0
0 2.14757 -36.0
1 5.20326 -43.5
0 2.14757 -36.0
1 5.21553 -43.5
0 2.15371 -36.0
1 5.19713 -43.5
0 2.14757 -36.0
1 5.21553 -43.5
0 2.15371 -36.0
1 5.21553 -43.5
0 2.14757 -36.0
1 5.20326 -43.5
1 5.20326 -43.5
0 2.15371 -36.0
0 2.15371 -36.0
1 5.22781 -43.5
1 5.22167 -43.5
0 2.15984 -36.0
0 2.15371 -36.0
1 5.20326 -43.5
0 2.15371 -36.0
1 5.22781 -43.5
0 2.15371 -36.0
1 5.22781 -43.5
0 2.15984 -36.0
1 5.22781 -43.5
0 2.15371 -36.0
1 5.22167 -43.5
1 5.20940 -43.5
0 2.15984 -36.0
0 2.15371 -36.0
1 5.20326 -43.5
0 2.14757 -36.0
1 5.22167 -43.5
0 2.16598 -36.0
1 5.22167 -43.5
1 5.22167 -43.5
0 2.16598 -36.0
0 2.15371 -36.0
1 5.20940 -43.5
0 2.15984 -36.0
1 5.22781 -43.5
0 2.15984 -36.0
1 5.20326 -43.5
0 2.14757 -36.0
1 5.22167 -43.5
1 5.22167 -43.5
0 2.15371 -36.0
0 2.14757 -36.0
1 5.21553 -43.5
0 2.14757 -36.0
1 5.20940 -43.5
1 5.21553 -43.5
0 2.15371 -36.0
0 2.16598 -36.0
1 5.22167 -43.5
0 2.15984 -36.0
1 5.21553 -43.5
0 2.15984 -36.0
1 5.20326 -43.5
0 2.15984 -36.0
1 5.20940 -43.5
0 2.15371 -36.0
1 5.22167 -43.5
0 2.15371 -36.0
1 5.22167 -43.5
1 5.22167 -43.5
0 2.15984 -36.0
0 2.15371 -36.0
1 5.21553 -43.5
0 2.15371 -36.0
1 5.19713 -43.5
0 2.15984 -36.0
1 5.20940 -43.5
0 2.15984 -36.0
1 5.20326 -43.5
0 2.16598 -36.0
1 5.21553 -43.5
0 2.15371 -36.0
1 5.20326 -43.5
0 2.15984 -36.0
1 5.20940 -43.5
0 2.16598 -36.0
1 5.19099 -43.5
0 2.16598 -36.0
1 5.21553 -43.5
0 2.16598 -36.0
1 5.21553 -43.5
0 2.15984 -36.0
1 5.21553 -43.5
0 2.15371 -36.0
1 5.22781 -43.5
0 2.15984 -36.0
1 5.20940 -43.5
0 2.15984 -36.0
1 5.19713 -43.5
0 2.15371 -36.0
1 5.23394 -43.5
1 5.21553 -43.5
0 2.16598 -36.0
0 2.15984 -36.0
1 5.22781 -43.5
0 2.15371 -36.0
1 5.20326 -43.5
1 5.20940 -43.5
0 2.15984 -36.0
0 2.16598 -36.0
1 5.22167 -43.5
0 2.15984 -36.0
1 5.20326 -43.5
0 2.15371 -36.0
1 5.20326 -43.5
0 2.15984 -36.0
1 5.20940 -43.5
0 2.16598 -36.0
1 5.21553 -43.5
1 5.21553 -43.5
0 2.15984 -36.0
0 2.15984 -36.0
1 5.21553 -43.5
0 2.16598 -36.0
1 5.22781 -43.5
0 2.17212 -36.0
1 5.22167 -43.5
0 2.15984 -36.0
1 5.23394 -43.5
0 2.16598 -36.0
1 5.21553 -43.5
0 2.15984 -36.0
1 5.22167 -43.5
0 2.15371 -36.0
1 5.21553 -43.5
0 2.15984 -36.0
1 5.20940 -43.5
1 5.22167 -43.5
0 2.15371 -36.0
1 5.22167 -43.5
0 2.16598 -36.0
0 2.15984 -36.0
1 5.21553 -43.5
0 2.16598 -36.0
1 5.22167 -43.5
0 2.16598 -36.0
1 5.22167 -43.5
0 2.16598 -36.0
1 5.21553 -43.5
0 2.16598 -36.0
1 5.20940 -43.5
0 2.15984 -36.0
1 5.21553 -43.5
0 2.16598 -36.0
1 5.22167 -43.5
0 2.16598 -36.0
1 5.22781 -43.5
0 2.16598 -36.0
1 5.24008 -43.5
0 2.16598 -36.0
1 5.22781 -43.5
0 2.17212 -36.0
1 5.22167 -43.5
0 2.16598 -36.0
1 5.22167 -43.5
0 2.16598 -36.0
1 5.22167 -43.5
0 2.17212 -36.0
1 5.22781 -43.5
1 5.22781 -43.5
0 2.15984 -36.0
1 5.22167 -43.5
0 2.16598 -36.0
0 2.16598 -36.0
1 5.23394 -43.5
0 2.15984 -36.0
1 5.23394 -43.5
0 2.15984 -36.0
1 5.23394 -43.5
1 5.21553 -43.5
0 2.16598 -36.0
0 2.16598 -36.0
1 5.22167 -43.5
1 5.22167 -43.5
0 2.16598 -36.0
0 2.16598 -36.0
1 5.22167 -43.5
0 2.16598 -36.0
1 5.19713 -43.5
1 5.24008 -43.5
0 2.16598 -36.0
1 5.21553 -43.5
0 2.17212 -36.0
0 2.16598 -36.0
1 5.22167 -43.5
0 2.16598 -36.0
1 5.22167 -43.5
0 2.15984 -36.0
1 5.22167 -43.5
0 2.15371 -36.0
1 5.23394 -43.5
1 5.22167 -43.5
0 2.17212 -36.0
0 2.16598 -36.0
1 5.21553 -43.5
0 2.16598 -36.0
1 5.22167 -43.5
1 5.22781 -43.5
0 2.16598 -36.0
0 2.17212 -36.0
1 5.22167 -43.5
0 2.15984 -36.0
1 5.21553 -43.5
0 2.16598 -36.0
1 5.22167 -43.5
1 5.21553 -43.5
0 2.16598 -36.0
0 2.15371 -36.0
1 5.22781 -43.5
0 2.16598 -36.0
1 5.22781 -43.5
0 2.16598 -36.0
1 5.21553 -43.5
1 5.22781 -43.5
0 2.16598 -36.0
0 2.16598 -36.0
1 5.21553 -43.5
0 2.17825 -36.0
1 5.23394 -43.5
0 2.16598 -36.0
1 5.22781 -43.5
0 2.16598 -36.0
1 5.21553 -43.5
0 2.16598 -36.0
1 5.21553 -43.5
1 5.20326 -43.5
0 2.16598 -36.0
0 2.16598 -36.0
1 5.22167 -43.5
1 5.20940 -43.5
0 2.17212 -36.0
0 2.17212 -36.0
1 5.22167 -43.5
0 2.15984 -36.0
1 5.21553 -43.5
0 2.16598 -36.0
1 5.23394 -43.5
0 2.16598 -36.0
1 5.22167 -43.5
0 2.16598 -36.0
1 5.24008 -43.5
0 2.16598 -36.0
1 5.24008 -43.5
1 5.22781 -43.5
0 2.17212 -36.0
1 5.23394 -43.5
0 2.17212 -36.0
0 2.17212 -36.0
1 5.20940 -43.5
0 2.16598 -36.0
1 5.23394 -43.5
0 2.15984 -36.0
1 5.22167 -43.5
0 2.17212 -36.0
1 5.23394 -43.5
0 2.16598 -36.0
1 5.20940 -43.5
0 2.16598 -36.0
0 2.15371 -36.0
1 5.19713 -43.5
1 5.20940 -43.5
0 2.14757 -36.0
0 2.14757 -36.0
1 5.19099 -43.5
0 2.14757 -36.0
1 5.20326 -43.5
0 2.15984 -36.0
1 5.20326 -43.5
0 2.15984 -36.0
1 5.20326 -43.5
0 2.15984 -36.0
1 5.20940 -43.5
0 2.15371 -36.0
1 5.22167 -43.5
0 2.14757 -36.0
1 5.20326 -43.5
0 2.14757 -36.0
1 5.19099 -43.5
0 2.14757 -36.0
1 5.20326 -43.5
1 5.19713 -43.5
0 2.14757 -36.0
0 2.15371 -36.0
1 5.19099 -43.5
0 2.15371 -36.0
1 5.20940 -43.5
1 5.20940 -43.5
0 2.14757 -36.0
0 2.15371 -36.0
1 5.20326 -43.5
0 2.14757 -36.0
1 5.20940 -43.5
0 2.15371 -36.0
1 5.19713 -43.5
0 2.15371 -36.0
1 5.19713 -43.5
0 2.14757 -36.0
1 5.18486 -43.5
0 2.14757 -36.0
1 5.19099 -43.5
0 2.14757 -36.0
1 5.20326 -43.5
0 2.14757 -36.0
1 5.18486 -43.5
0 2.14757 -36.0
1 5.19713 -43.5
0 2.15371 -36.0
1 5.19713 -43.5
0 2.14144 -36.0
1 5.18486 -43.5
0 2.14757 -36.0
1 5.20326 -43.5
0 2.14757 -36.0
1 5.19713 -43.5
0 2.14757 -36.0
1 5.19713 -43.5
0 2.14757 -36.0
1 5.21553 -43.5
0 2.14757 -36.0
1 5.19099 -43.5
0 2.14757 -36.0
1 5.19099 -43.5
1 5.21553 -43.5
0 2.14144 -36.0
0 2.15371 -36.0
1 5.19099 -43.5
1 5.19713 -43.5
0 2.15371 -36.0
0 2.15371 -36.0
1 5.20940 -43.5
0 2.14757 -36.0
1 5.19713 -43.5
0 2.15371 -36.0
1 5.19713 -43.5
0 2.14757 -36.0
1 5.20326 -43.5
0 2.14757 -36.0
1 5.20940 -43.5
0 2.15984 -36.0
1 5.19713 -43.5
0 2.15371 -36.0
1 5.20326 -43.5
0 2.14757 -36.0
1 5.20940 -43.5
1 5.19099 -43.5
0 2.15371 -36.0
1 5.21553 -43.5
0 2.14757 -36.0
0 2.15371 -36.0
1 5.20326 -43.5
0 2.14757 -36.0
1 5.20326 -43.5
0 2.15371 -36.0
1 5.19713 -43.5
1 5.18486 -43.5
0 2.15371 -36.0
0 2.15371 -36.0
1 5.20940 -43.5
0 2.15371 -36.0
1 5.19099 -43.5
1 5.20940 -43.5
0 2.15371 -36.0
0 2.14757 -36.0
1 5.20940 -43.5
0 2.15371 -36.0
1 5.19713 -43.5
0 2.14757 -36.0
1 5.20940 -43.5
0 2.15984 -36.0
1 5.20940 -43.5
0 2.15371 -36.0
1 5.20326 -43.5
0 2.14757 -36.0
1 5.18486 -43.5
1 5.21553 -43.5
0 2.14757 -36.0
0 2.15371 -36.0
1 5.20326 -43.5
0 2.15984 -36.0
1 5.19713 -43.5
0 2.15371 -36.0
1 5.20940 -43.5
0 2.14757 -36.0
1 5.21553 -43.5
1 5.19099 -43.5
0 2.14757 -36.0
1 5.20326 -43.5
0 2.15371 -36.0
0 2.14144 -36.0
1 5.20326 -43.5
0 2.14757 -36.0
1 5.19099 -43.5
1 5.20940 -43.5
0 2.14757 -36.0
0 2.14757 -36.0
1 5.20940 -43.5
1 5.19713 -43.5
0 2.15371 -36.0
1 5.21553 -43.5
0 2.15371 -36.0
1 5.19099 -43.5
0 2.14144 -36.0
1 5.20326 -43.5
0 2.15371 -36.0
0 2.15371 -36.0
1 5.19713 -43.5
1 5.20326 -43.5
0 2.15371 -36.0
