1 5.30144 -44.0
0 1.95736 -37.0
0 1.95122 -37.0
1 5.29530 -44.0
1 5.31985 -44.0
0 1.95122 -37.0
0 1.96963 -37.0
1 5.29530 -44.0
1 5.30757 -44.0
0 1.96350 -37.0
0 1.95736 -37.0
1 5.31371 -44.0
0 1.95736 -37.0
1 5.31985 -44.0
0 1.96963 -37.0
1 5.32598 -44.0
0 1.96350 -37.0
1 5.31985 -44.0
0 1.95736 -37.0
1 5.31985 -44.0
0 1.95122 -37.0
1 5.33212 -44.0
1 5.31985 -44.0
0 1.94509 -37.0
1 5.31371 -44.0
0 1.95736 -37.0
0 1.95122 -37.0
1 5.31371 -44.0
0 1.95122 -37.0
1 5.31371 -44.0
1 5.32598 -44.0
0 1.95736 -37.0
0 1.96963 -37.0
1 5.31371 -44.0
1 5.33825 -44.0
0 1.96350 -37.0
0 1.96963 -37.0
1 5.31371 -44.0
0 1.96963 -37.0
1 5.30144 -44.0
1 5.31985 -44.0
0 1.96963 -37.0
0 1.97577 -37.0
1 5.31371 -44.0
0 1.96963 -37.0
1 5.29530 -44.0
0 1.96963 -37.0
1 5.32598 -44.0
0 1.97577 -37.0
1 5.31985 -44.0
0 1.98190 -37.0
1 5.31371 -44.0
0 1.98190 -37.0
1 5.31985 -44.0
0 1.98190 -37.0
1 5.33212 -44.0
0 1.98804 -37.0
1 5.31371 -44.0
1 5.32598 -44.0
0 1.97577 -37.0
0 1.98804 -37.0
1 5.29530 -44.0
1 5.30757 -44.0
0 1.97577 -37.0
0 1.98190 -37.0
1 5.30144 -44.0
0 1.98804 -37.0
1 5.30757 -44.0
1 5.33212 -44.0
0 1.98804 -37.0
0 1.98190 -37.0
1 5.31371 -44.0
0 1.98804 -37.0
1 5.29530 -44.0
0 1.98190 -37.0
1 5.31985 -44.0
1 5.33825 -44.0
0 1.96963 -37.0
0 1.98190 -37.0
1 5.33212 -44.0
1 5.31371 -44.0
0 1.96963 -37.0
1 5.34439 -44.0
0 1.97577 -37.0
1 5.31371 -44.0
0 1.96350 -37.0
0 1.96350 -37.0
1 5.31371 -44.0
0 1.96963 -37.0
1 5.32598 -44.0
0 1.96963 -37.0
1 5.32598 -44.0
1 5.30757 -44.0
0 1.96350 -37.0
1 5.29530 -44.0
0 1.96963 -37.0
0 1.96350 -37.0
1 5.31985 -44.0
1 5.33212 -44.0
0 1.96963 -37.0
1 5.31371 -44.0
0 1.96963 -37.0
0 1.95736 -37.0
1 5.30757 -44.0
0 1.96350 -37.0
1 5.33212 -44.0
0 1.97577 -37.0
1 5.32598 -44.0
1 5.30144 -44.0
0 1.95736 -37.0
0 1.97577 -37.0
1 5.33212 -44.0
0 1.97577 -37.0
1 5.31985 -44.0
0 1.98190 -37.0
1 5.31985 -44.0
0 1.98190 -37.0
1 5.33825 -44.0
0 1.98190 -37.0
1 5.31371 -44.0
1 5.31371 -44.0
0 1.98190 -37.0
0 1.98804 -37.0
1 5.30757 -44.0
1 5.30757 -44.0
0 1.98804 -37.0
0 1.98190 -37.0
1 5.33212 -44.0
0 1.98804 -37.0
1 5.33825 -44.0
0 1.97577 -37.0
1 5.32598 -44.0
0 1.98190 -37.0
1 5.33825 -44.0
1 5.34439 -44.0
0 1.98804 -37.0
1 5.32598 -44.0
0 1.97577 -37.0
1 5.31985 -44.0
0 1.98190 -37.0
0 1.98190 -37.0
1 5.31985 -44.0
0 1.97577 -37.0
1 5.32598 -44.0
0 1.97577 -37.0
1 5.33825 -44.0
1 5.33212 -44.0
0 1.97577 -37.0
0 1.97577 -37.0
1 5.31985 -44.0
0 1.98804 -37.0
1 5.33212 -44.0
0 1.98804 -37.0
1 5.33825 -44.0
0 1.99418 -37.0
1 5.32598 -44.0
0 1.98190 -37.0
1 5.35666 -44.0
0 1.98190 -37.0
1 5.33825 -44.0
0 1.98804 -37.0
1 5.33212 -44.0
0 1.98190 -37.0
1 5.33212 -44.0
1 5.33825 -44.0
0 1.96963 -37.0
1 5.33212 -44.0
0 1.98190 -37.0
1 5.31371 -44.0
0 1.97577 -37.0
0 1.98804 -37.0
1 5.32598 -44.0
0 1.96963 -37.0
1 5.32598 -44.0
0 1.96963 -37.0
1 5.31371 -44.0
0 1.97577 -37.0
1 5.37507 -44.0
0 1.97577 -37.0
1 5.33825 -44.0
0 1.98804 -37.0
1 5.33825 -44.0
1 5.33212 -44.0
0 1.97577 -37.0
1 5.33825 -44.0
0 1.97577 -37.0
0 1.95736 -37.0
1 5.33825 -44.0
1 5.33212 -44.0
0 1.97577 -37.0
1 5.33212 -44.0
0 1.98804 -37.0
0 1.98804 -37.0
1 5.32598 -44.0
0 1.98804 -37.0
1 5.32598 -44.0
0 1.97577 -37.0
1 5.31371 -44.0
0 1.97577 -37.0
1 5.33212 -44.0
0 1.98190 -37.0
1 5.33825 -44.0
1 5.33825 -44.0
0 1.97577 -37.0
0 1.98190 -37.0
1 5.33825 -44.0
0 1.98190 -37.0
1 5.34439 -44.0
1 5.30757 -44.0
0 1.96963 -37.0
0 1.96963 -37.0
1 5.33212 -44.0
1 5.32598 -44.0
0 1.96963 -37.0
0 1.96963 -37.0
1 5.33825 -44.0
0 1.96963 -37.0
1 5.33825 -44.0
0 1.97577 -37.0
1 5.33212 -44.0
0 1.96963 -37.0
1 5.34439 -44.0
1 5.33212 -44.0
0 1.96963 -37.0
0 1.96963 -37.0
1 5.33825 -44.0
1 5.34439 -44.0
0 1.96963 -37.0
0 1.96963 -37.0
1 5.34439 -44.0
0 1.98190 -37.0
1 5.31371 -44.0
0 1.96350 -37.0
1 5.32598 -44.0
0 1.97577 -37.0
1 5.31371 -44.0
0 1.97577 -37.0
1 5.33825 -44.0
1 5.33212 -44.0
0 1.96963 -37.0
0 1.98190 -37.0
1 5.32598 -44.0
0 1.97577 -37.0
1 5.31985 -44.0
0 1.97577 -37.0
1 5.32598 -44.0
0 1.97577 -37.0
1 5.31371 -44.0
0 1.97577 -37.0
1 5.31371 -44.0
1 5.33212 -44.0
0 1.97577 -37.0
0 1.98190 -37.0
1 5.33825 -44.0
0 1.98190 -37.0
1 5.33212 -44.0
0 1.97577 -37.0
1 5.31371 -44.0
1 5.32598 -44.0
0 1.97577 -37.0
0 1.96963 -37.0
1 5.30757 -44.0
0 1.97577 -37.0
1 5.33825 -44.0
0 1.96963 -37.0
1 5.33825 -44.0
1 5.33825 -44.0
0 1.96963 -37.0
0 1.96963 -37.0
1 5.30757 -44.0
0 1.97577 -37.0
1 5.33212 -44.0
1 5.31985 -44.0
0 1.97577 -37.0
1 5.32598 -44.0
0 1.95122 -37.0
1 5.31985 -44.0
1 5.31371 -44.0
0 1.96350 -37.0
0 1.95736 -37.0
1 5.31371 -44.0
1 5.29530 -44.0
0 1.96350 -37.0
1 5.28917 -44.0
0 1.97577 -37.0
0 1.95736 -37.0
1 5.31371 -44.0
0 1.95736 -37.0
1 5.30757 -44.0
0 1.96350 -37.0
1 5.33212 -44.0
0 1.96963 -37.0
1 5.30757 -44.0
0 1.96350 -37.0
1 5.30757 -44.0
0 1.96963 -37.0
1 5.29530 -44.0
0 1.97577 -37.0
1 5.33212 -44.0
1 5.31371 -44.0
0 1.96350 -37.0
0 1.96963 -37.0
1 5.31371 -44.0
1 5.31985 -44.0
0 1.97577 -37.0
0 1.98190 -37.0
1 5.33212 -44.0
0 1.96963 -37.0
1 5.32598 -44.0
0 1.96963 -37.0
1 5.32598 -44.0
1 5.29530 -44.0
0 1.96963 -37.0
0 1.98190 -37.0
1 5.31985 -44.0
1 5.31985 -44.0
0 1.96963 -37.0
0 1.96963 -37.0
1 5.32598 -44.0
1 5.30144 -44.0
0 1.96350 -37.0
1 5.32598 -44.0
0 1.96963 -37.0
0 1.96963 -37.0
1 5.30144 -44.0
0 1.96963 -37.0
1 5.30757 -44.0
0 1.96350 -37.0
1 5.30144 -44.0
0 1.96963 -37.0
1 5.30144 -44.0
0 1.96350 -37.0
1 5.31371 -44.0
0 1.96963 -37.0
1 5.30144 -44.0
0 1.96350 -37.0
1 5.33212 -44.0
0 1.97577 -37.0
1 5.30144 -44.0
0 1.96350 -37.0
1 5.32598 -44.0
1 5.31985 -44.0
0 1.97577 -37.0
0 1.96963 -37.0
1 5.31371 -44.0
0 1.96963 -37.0
1 5.31985 -44.0
1 5.30144 -44.0
0 1.96350 -37.0
0 1.96963 -37.0
1 5.31371 -44.0
1 5.31371 -44.0
0 1.96963 -37.0
1 5.32598 -44.0
0 1.96350 -37.0
0 1.96963 -37.0
1 5.32598 -44.0
0 1.96963 -37.0
1 5.30144 -44.0
0 1.97577 -37.0
1 5.33212 -44.0
1 5.30144 -44.0
0 1.96350 -37.0
0 1.96963 -37.0
1 5.30757 -44.0
1 5.31985 -44.0
0 1.96963 -37.0
0 1.96350 -37.0
1 5.31371 -44.0
0 1.97577 -37.0
1 5.31985 -44.0
0 1.97577 -37.0
1 5.30757 -44.0
0 1.96350 -37.0
1 5.32598 -44.0
0 1.96963 -37.0
1 5.30144 -44.0
1 5.31371 -44.0
0 1.96963 -37.0
0 1.96350 -37.0
1 5.33212 -44.0
0 1.97577 -37.0
1 5.28917 -44.0
0 1.96963 -37.0
1 5.33212 -44.0
0 1.96350 -37.0
1 5.33212 -44.0
0 1.96963 -37.0
1 5.32598 -44.0
1 5.32598 -44.0
0 1.96963 -37.0
0 1.96963 -37.0
1 5.31985 -44.0
0 1.96350 -37.0
1 5.32598 -44.0
1 5.30144 -44.0
0 1.96350 -37.0
0 1.96963 -37.0
1 5.33212 -44.0
0 1.96963 -37.0
1 5.31985 -44.0
0 1.97577 -37.0
1 5.33212 -44.0
0 1.96963 -37.0
1 5.31985 -44.0
0 1.96963 -37.0
1 5.31371 -44.0
0 1.96963 -37.0
1 5.31985 -44.0
0 1.96963 -37.0
1 5.31985 -44.0
0 1.96963 -37.0
1 5.30757 -44.0
0 1.97577 -37.0
1 5.30757 -44.0
1 5.31985 -44.0
0 1.97577 -37.0
0 1.96963 -37.0
1 5.31985 -44.0
0 1.97577 -37.0
1 5.28917 -44.0
1 5.31985 -44.0
0 1.97577 -37.0
