1 5.47324 -44.0
0 2.05553 -39.0
1 5.45484 -44.0
0 2.05553 -39.0
0 2.05553 -39.0
1 5.43029 -44.0
0 2.06781 -39.0
1 5.46097 -44.0
1 5.45484 -44.0
0 2.06781 -39.5
0 2.06781 -39.0
1 5.45484 -44.0
0 2.06167 -39.5
1 5.44256 -44.0
0 2.06167 -39.0
1 5.47938 -44.0
0 2.05553 -39.0
1 5.44870 -44.0
1 5.45484 -44.0
0 2.06781 -39.0
0 2.06167 -39.5
1 5.46097 -44.0
0 2.06167 -39.0
1 5.46097 -44.0
0 2.06781 -39.0
1 5.44870 -44.0
0 2.06781 -39.0
1 5.46711 -44.0
0 2.07394 -39.5
1 5.46711 -44.0
0 2.06167 -39.0
1 5.45484 -44.0
0 2.06167 -39.5
1 5.46097 -44.0
0 2.06167 -39.0
1 5.46711 -44.0
0 2.08008 -39.5
1 5.46711 -44.0
0 2.07394 -39.5
1 5.46097 -44.0
1 5.47324 -44.0
0 2.08008 -39.5
1 5.47938 -44.0
0 2.08008 -39.5
1 5.47324 -44.0
0 2.06781 -39.0
1 5.45484 -44.0
0 2.08008 -39.0
0 2.06781 -39.5
1 5.46711 -44.0
0 2.07394 -39.0
1 5.46097 -44.0
0 2.07394 -39.0
1 5.47938 -44.0
1 5.48552 -44.0
0 2.08008 -39.0
0 2.07394 -39.5
1 5.47938 -44.0
0 2.07394 -39.5
1 5.46711 -44.0
0 2.08008 -39.5
1 5.48552 -44.0
0 2.07394 -39.5
1 5.49165 -44.0
0 2.06781 -39.0
1 5.46711 -44.0
1 5.46711 -44.0
0 2.07394 -39.0
1 5.49165 -44.0
0 2.06781 -39.5
1 5.47324 -44.0
0 2.08008 -39.5
1 5.47324 -44.0
0 2.08008 -39.5
0 2.08008 -39.5
1 5.47324 -44.0
0 2.08621 -39.5
1 5.51006 -44.0
0 2.08621 -39.5
1 5.45484 -44.0
0 2.08621 -39.0
1 5.48552 -44.0
1 5.48552 -44.0
0 2.08621 -39.5
0 2.07394 -39.0
1 5.46097 -44.0
0 2.08008 -39.5
1 5.49165 -44.0
0 2.08621 -39.5
1 5.47938 -44.0
0 2.07394 -39.5
1 5.47938 -44.0
0 2.07394 -39.5
1 5.47324 -44.0
1 5.48552 -44.0
0 2.08008 -39.5
0 2.08008 -39.5
1 5.49779 -44.0
0 2.08621 -39.5
1 5.47938 -44.0
0 2.07394 -39.5
1 5.46711 -44.0
1 5.48552 -44.0
0 2.08008 -39.5
0 2.08621 -39.5
1 5.48552 -44.0
0 2.08008 -39.5
1 5.47324 -44.0
0 2.08008 -39.5
1 5.48552 -44.0
1 5.48552 -44.0
0 2.08008 -39.5
1 5.49165 -44.0
0 2.08008 -39.5
1 5.47324 -44.0
0 2.09235 -39.5
1 5.48552 -44.0
0 2.08621 -39.5
1 5.49165 -44.0
0 2.08621 -39.0
0 2.08621 -39.5
1 5.48552 -44.0
1 5.48552 -44.0
0 2.08008 -39.5
1 5.48552 -44.0
0 2.09235 -39.5
1 5.49165 -44.0
0 2.09235 -39.5
0 2.08621 -39.5
1 5.48552 -44.0
0 2.09235 -39.5
1 5.48552 -44.0
1 5.49165 -44.0
0 2.09235 -39.5
0 2.09235 -39.5
1 5.47324 -44.0
0 2.09235 -39.5
1 5.48552 -44.0
1 5.47324 -44.0
0 2.09235 -39.5
1 5.49165 -44.0
0 2.09849 -39.5
0 2.09849 -39.5
1 5.47324 -44.0
1 5.48552 -44.0
0 2.09849 -39.0
0 2.09235 -39.0
1 5.47938 -44.0
0 2.09849 -39.0
1 5.46711 -44.0
0 2.09849 -39.5
1 5.47324 -44.0
0 2.09849 -39.0
1 5.49165 -44.0
1 5.49779 -44.0
0 2.08621 -39.5
0 2.08621 -39.5
1 5.48552 -44.0
0 2.08621 -39.5
1 5.47938 -43.5
1 5.47324 -44.0
0 2.09235 -39.0
1 5.47938 -44.0
0 2.08621 -39.0
0 2.09849 -39.0
1 5.47938 -44.0
0 2.08621 -39.0
1 5.48552 -44.0
1 5.47938 -44.0
0 2.09235 -39.0
0 2.09235 -39.5
1 5.49779 -44.0
0 2.08621 -39.0
1 5.49165 -44.0
1 5.46711 -44.0
0 2.10462 -39.0
1 5.48552 -44.0
0 2.08621 -39.0
0 2.10462 -39.0
1 5.47938 -44.0
0 2.10462 -39.0
1 5.46097 -44.0
1 5.49165 -44.0
0 2.09235 -39.0
0 2.09849 -39.0
1 5.47324 -44.0
0 2.09849 -39.5
1 5.49779 -44.0
1 5.49779 -44.0
0 2.09849 -39.0
0 2.09849 -39.0
1 5.47938 -44.0
0 2.10462 -39.0
1 5.49165 -44.0
0 2.11689 -39.0
1 5.49165 -44.0
0 2.09849 -39.5
1 5.49779 -44.0
1 5.47938 -44.0
0 2.10462 -39.0
1 5.48552 -44.0
0 2.09849 -39.5
0 2.10462 -39.5
1 5.48552 -44.0
0 2.09235 -39.5
1 5.48552 -44.0
1 5.47324 -44.0
0 2.09235 -39.0
0 2.09849 -39.0
1 5.48552 -44.0
0 2.09235 -39.0
1 5.47938 -44.0
0 2.09235 -39.0
1 5.49165 -44.0
0 2.09235 -39.0
1 5.49165 -44.0
0 2.08621 -39.0
1 5.47938 -44.0
0 2.09849 -39.0
1 5.49165 -44.0
1 5.48552 -44.0
0 2.09235 -39.5
1 5.48552 -44.0
0 2.08621 -39.0
1 5.49165 -44.0
0 2.08621 -39.0
0 2.10462 -39.0
1 5.49165 -44.0
0 2.09235 -39.0
1 5.48552 -44.0
0 2.08621 -39.0
1 5.48552 -44.0
0 2.09849 -39.0
1 5.49165 -44.0
0 2.08621 -39.0
1 5.47938 -44.0
1 5.49165 -44.0
0 2.09849 -39.5
0 2.09235 -39.0
1 5.49779 -44.0
0 2.09849 -39.0
1 5.48552 -44.0
0 2.09235 -39.0
1 5.48552 -44.0
0 2.09849 -39.0
1 5.49165 -44.0
1 5.49165 -44.0
0 2.09235 -39.0
1 5.49779 -44.0
0 2.09849 -39.0
0 2.10462 -39.0
1 5.46711 -44.0
0 2.09235 -39.0
1 5.48552 -44.0
0 2.09849 -39.0
1 5.47324 -44.0
1 5.49165 -44.0
0 2.08621 -39.0
0 2.08621 -39.0
1 5.47938 -44.0
1 5.49779 -44.0
0 2.09235 -39.0
0 2.10462 -39.0
1 5.49165 -44.0
0 2.08008 -39.0
1 5.50392 -44.0
1 5.45484 -44.0
0 2.06781 -39.0
0 2.07394 -39.0
1 5.45484 -44.0
0 2.07394 -39.0
1 5.47938 -44.0
0 2.06781 -39.0
1 5.46097 -44.0
0 2.06781 -39.0
1 5.46097 -44.0
0 2.06781 -39.0
1 5.45484 -44.0
0 2.06167 -39.0
1 5.46097 -44.0
0 2.06781 -39.0
1 5.45484 -44.0
0 2.06781 -39.0
1 5.44870 -44.0
0 2.07394 -39.0
1 5.44870 -44.0
1 5.46097 -44.0
0 2.06781 -39.0
1 5.47324 -44.0
0 2.06781 -39.0
0 2.07394 -39.0
1 5.47324 -44.0
0 2.07394 -39.0
1 5.46097 -44.0
0 2.07394 -39.0
1 5.46097 -44.0
0 2.08621 -39.0
1 5.46711 -44.0
0 2.06781 -39.0
1 5.44256 -44.0
0 2.08008 -39.0
1 5.44870 -44.0
1 5.46097 -44.0
0 2.08008 -39.0
0 2.07394 -39.0
1 5.47324 -44.0
0 2.07394 -39.0
1 5.46097 -44.0
1 5.46711 -44.0
0 2.08008 -39.0
1 5.46711 -44.0
0 2.08621 -39.0
1 5.47324 -44.0
0 2.08621 -39.0
0 2.08621 -39.0
1 5.46711 -44.0
1 5.46711 -44.0
0 2.08008 -39.0
0 2.08008 -39.0
1 5.47324 -44.0
0 2.08008 -39.0
1 5.46711 -44.0
0 2.08008 -39.0
1 5.46097 -44.0
1 5.47324 -44.0
0 2.09849 -39.0
1 5.48552 -44.0
0 2.07394 -39.0
0 2.07394 -39.0
1 5.47324 -44.0
0 2.06167 -39.0
1 5.47324 -44.0
0 2.06781 -39.0
1 5.47938 -44.0
1 5.47938 -44.0
0 2.06781 -39.0
1 5.47938 -44.0
0 2.06781 -39.0
0 2.06781 -39.0
1 5.47324 -44.0
0 2.06781 -39.0
1 5.47938 -44.0
0 2.08008 -39.0
1 5.48552 -44.0
0 2.07394 -39.5
1 5.47324 -44.0
0 2.05553 -39.0
1 5.47938 -44.0
1 5.47938 -44.0
0 2.08008 -39.0
0 2.08008 -39.0
1 5.48552 -44.0
1 5.47324 -44.0
0 2.07394 -39.0
0 2.08621 -39.0
1 5.48552 -44.0
0 2.08621 -39.0
1 5.49165 -44.0
0 2.09235 -39.0
1 5.45484 -44.0
1 5.47324 -44.0
0 2.08621 -39.0
0 2.08621 -39.5
1 5.47324 -44.0
0 2.08008 -39.5
1 5.48552 -44.0
0 2.08621 -39.5
1 5.47324 -44.0
1 5.46097 -44.0
0 2.08621 -39.5
1 5.46711 -44.0
0 2.09235 -39.0
0 2.08008 -39.0
1 5.47324 -44.0
1 5.46711 -44.0
0 2.08621 -39.0
0 2.08621 -39.0
1 5.46711 -44.0
0 2.08008 -39.0
1 5.45484 -44.0
0 2.09235 -39.0
1 5.47324 -44.0
1 5.46097 -44.0
0 2.08621 -39.0
0 2.09849 -39.5
1 5.49165 -44.0
1 5.49165 -44.0
0 2.08621 -39.0
0 2.09235 -39.0
1 5.47324 -44.0
1 5.46711 -44.0
0 2.08621 -39.0
1 5.46097 -44.0
0 2.09235 -39.0
1 5.49165 -44.0
0 2.08008 -39.5
0 2.08621 -39.0
1 5.47324 -44.0
0 2.08621 -39.0
1 5.46097 -44.0
0 2.08621 -39.0
1 5.45484 -44.0
0 2.08621 -39.5
1 5.46097 -44.0
0 2.07394 -39.5
1 5.47324 -44.0
1 5.46711 -44.0
0 2.08621 -39.0
0 2.08621 -39.0
