0 2.11689 -42.5
1 5.59596 -43.5
0 2.12303 -42.5
1 5.58983 -43.5
1 5.60823 -43.5
0 2.11689 -42.5
1 5.60823 -43.5
0 2.12917 -42.5
0 2.13530 -42.5
1 5.58983 -43.5
1 5.60210 -43.5
0 2.13530 -42.0
1 5.62664 -43.5
0 2.12917 -42.0
0 2.14144 -42.0
1 5.60823 -43.5
0 2.13530 -42.5
1 5.60823 -43.5
0 2.13530 -42.5
1 5.61437 -43.5
1 5.62051 -43.5
0 2.14144 -42.5
1 5.60823 -43.5
0 2.12917 -42.5
1 5.60823 -43.5
0 2.12917 -42.5
1 5.60823 -43.5
0 2.13530 -42.5
1 5.60823 -43.5
0 2.12917 -42.5
0 2.13530 -42.5
1 5.62051 -43.5
1 5.62664 -43.5
0 2.14757 -42.5
0 2.14757 -42.5
1 5.63891 -43.5
1 5.62664 -43.5
0 2.15371 -42.5
0 2.15984 -42.5
1 5.62051 -43.5
1 5.60823 -43.5
0 2.14757 -42.5
0 2.15371 -42.5
1 5.60210 -43.5
0 2.14757 -42.5
1 5.62051 -43.5
1 5.62664 -43.5
0 2.15371 -42.5
0 2.15984 -42.5
1 5.60823 -43.5
1 5.61437 -43.5
0 2.16598 -42.5
1 5.60210 -43.5
0 2.16598 -42.5
1 5.61437 -43.5
0 2.14757 -42.0
0 2.16598 -42.0
1 5.62051 -43.5
0 2.15371 -42.0
1 5.61437 -43.5
0 2.14144 -42.0
1 5.62664 -43.5
0 2.14757 -42.0
1 5.60823 -43.5
0 2.14757 -42.0
1 5.60823 -43.5
1 5.60823 -43.5
0 2.14144 -42.0
1 5.61437 -43.5
0 2.13530 -42.0
0 2.14757 -42.5
1 5.60210 -44.0
0 2.12917 -42.5
1 5.62051 -43.5
1 5.58983 -44.0
0 2.14757 -42.5
0 2.12917 -42.5
1 5.60823 -43.5
1 5.59596 -43.5
0 2.13530 -42.5
1 5.62664 -43.5
0 2.12303 -42.5
1 5.61437 -43.5
0 2.13530 -42.5
1 5.62051 -43.5
0 2.12917 -42.5
1 5.62051 -43.5
0 2.13530 -42.5
1 5.62051 -43.5
0 2.15371 -42.5
0 2.11689 -42.5
1 5.61437 -43.5
1 5.62051 -44.0
0 2.14144 -42.5
0 2.14144 -42.5
1 5.60823 -43.5
1 5.62664 -43.5
0 2.14757 -42.5
1 5.60210 -43.5
0 2.12917 -42.5
1 5.60210 -43.5
0 2.14144 -42.5
0 2.14144 -42.5
1 5.62664 -43.5
1 5.63278 -43.5
0 2.14144 -42.5
1 5.60823 -43.5
0 2.13530 -42.5
1 5.59596 -43.5
0 2.14144 -42.5
1 5.60823 -43.5
0 2.13530 -42.5
1 5.62664 -43.5
0 2.13530 -42.5
1 5.60210 -43.5
0 2.12917 -42.5
1 5.62664 -43.5
0 2.13530 -42.5
0 2.14757 -42.5
1 5.63278 -43.5
0 2.14144 -42.5
1 5.61437 -43.5
0 2.14144 -42.5
1 5.61437 -43.5
1 5.61437 -44.0
0 2.14144 -42.5
1 5.60210 -43.5
0 2.12303 -42.5
0 2.14757 -42.5
1 5.60823 -44.0
1 5.62051 -43.5
0 2.13530 -42.5
0 2.13530 -43.0
1 5.60823 -44.0
0 2.14757 -42.5
1 5.62051 -43.5
0 2.13530 -42.5
1 5.60823 -43.5
0 2.13530 -42.5
1 5.61437 -43.5
0 2.13530 -42.5
1 5.63278 -43.5
0 2.13530 -42.5
1 5.58983 -44.0
0 2.13530 -42.5
1 5.60823 -43.5
1 5.60210 -43.5
0 2.14144 -42.5
0 2.13530 -42.5
1 5.60823 -43.5
1 5.63278 -43.5
0 2.14144 -42.5
1 5.60823 -43.5
0 2.14144 -42.5
1 5.62664 -43.5
0 2.14144 -42.5
0 2.13530 -43.0
1 5.60210 -43.5
0 2.13530 -42.5
1 5.61437 -43.5
1 5.61437 -43.5
0 2.14757 -42.5
1 5.63891 -44.0
0 2.14144 -42.5
1 5.62051 -43.5
0 2.14757 -42.5
1 5.62051 -44.0
0 2.14144 -42.5
1 5.62051 -43.5
0 2.14757 -42.5
0 2.14757 -42.5
1 5.62051 -44.0
0 2.14144 -42.5
1 5.62664 -43.5
0 2.14757 -42.5
1 5.64505 -43.5
0 2.14757 -42.5
1 5.61437 -43.5
0 2.13530 -42.5
1 5.63891 -43.5
0 2.13530 -42.5
1 5.61437 -44.0
1 5.60210 -43.5
0 2.14757 -42.5
0 2.14757 -42.5
1 5.62664 -43.5
1 5.60823 -43.5
0 2.15371 -42.5
1 5.62051 -43.5
0 2.14757 -42.5
1 5.62664 -44.0
0 2.13530 -42.5
1 5.62051 -43.5
0 2.14144 -42.5
0 2.14144 -42.5
1 5.62664 -43.5
0 2.14757 -42.5
1 5.62051 -43.5
1 5.62664 -43.5
0 2.14144 -42.5
0 2.14757 -42.5
1 5.62664 -43.5
0 2.14144 -42.5
1 5.61437 -43.5
1 5.62664 -43.5
0 2.14757 -42.5
1 5.62051 -43.5
0 2.14757 -42.5
1 5.62051 -43.5
0 2.14757 -42.5
0 2.13530 -42.5
1 5.62051 -43.5
1 5.61437 -44.0
0 2.13530 -42.5
0 2.13530 -42.5
1 5.61437 -43.5
1 5.62051 -43.5
0 2.15371 -42.5
0 2.14757 -42.5
1 5.62664 -44.0
1 5.61437 -43.5
0 2.14757 -42.5
0 2.13530 -42.5
1 5.62664 -43.5
0 2.13530 -42.5
1 5.62051 -43.5
0 2.13530 -42.5
1 5.60210 -43.5
1 5.60823 -43.5
0 2.14144 -43.0
0 2.13530 -42.5
1 5.61437 -43.5
1 5.62051 -43.5
0 2.13530 -42.5
0 2.13530 -42.5
1 5.62664 -43.5
0 2.13530 -42.5
1 5.63278 -44.0
1 5.61437 -43.5
0 2.13530 -42.5
1 5.63891 -43.5
0 2.15984 -42.5
0 2.14757 -42.5
1 5.63891 -43.5
0 2.15371 -42.5
1 5.60210 -43.5
1 5.60210 -43.5
0 2.14144 -42.5
1 5.61437 -43.5
0 2.14144 -42.5
0 2.14144 -42.5
1 5.60823 -43.5
1 5.62664 -43.5
0 2.14144 -42.5
1 5.63891 -43.5
0 2.15371 -42.5
0 2.12303 -42.5
1 5.60210 -43.5
1 5.58983 -44.0
0 2.13530 -42.5
1 5.59596 -43.5
0 2.12917 -42.5
1 5.60823 -43.5
0 2.13530 -42.5
0 2.12917 -42.5
1 5.59596 -43.5
0 2.12917 -42.5
1 5.61437 -43.5
1 5.59596 -44.0
0 2.12303 -42.5
0 2.12303 -42.5
1 5.59596 -43.5
1 5.58983 -43.5
0 2.12917 -42.5
1 5.58983 -43.5
0 2.12917 -42.5
1 5.61437 -43.5
0 2.13530 -42.5
0 2.13530 -42.5
1 5.61437 -43.5
0 2.12917 -42.5
1 5.58983 -43.5
0 2.12917 -42.5
1 5.61437 -44.0
1 5.62051 -43.5
0 2.13530 -42.5
1 5.61437 -43.5
0 2.14144 -42.5
0 2.14144 -42.5
1 5.60210 -44.0
0 2.12303 -42.5
1 5.61437 -43.5
0 2.13530 -42.5
1 5.59596 -43.5
0 2.12917 -42.5
1 5.59596 -43.5
0 2.12917 -42.5
1 5.61437 -44.0
1 5.61437 -43.5
0 2.13530 -42.5
0 2.14144 -42.5
1 5.60823 -43.5
1 5.60210 -44.0
0 2.12303 -42.5
1 5.60210 -43.5
0 2.11689 -42.5
1 5.61437 -43.5
0 2.13530 -42.5
1 5.60823 -43.5
0 2.12917 -42.5
0 2.14144 -42.5
1 5.60823 -43.5
1 5.61437 -43.5
0 2.12917 -42.5
1 5.60210 -43.5
0 2.12303 -42.5
1 5.62051 -44.0
0 2.11689 -42.5
0 2.12917 -42.5
1 5.60823 -43.5
1 5.59596 -44.0
0 2.12917 -42.5
1 5.62051 -44.0
0 2.12917 -42.5
1 5.60210 -43.5
0 2.12917 -42.5
1 5.59596 -43.5
0 2.13530 -42.5
1 5.61437 -43.5
0 2.14144 -42.5
0 2.12917 -42.5
1 5.59596 -44.0
1 5.60823 -43.5
0 2.12917 -42.5
0 2.13530 -42.5
1 5.59596 -43.5
1 5.61437 -44.0
0 2.12303 -42.5
1 5.60823 -43.5
0 2.14144 -42.5
0 2.12917 -42.5
1 5.61437 -43.5
1 5.60823 -43.5
0 2.12917 -42.5
0 2.12917 -42.5
1 5.60823 -43.5
1 5.59596 -44.0
0 2.12303 -42.5
1 5.61437 -43.5
0 2.12917 -42.5
0 2.12917 -42.5
1 5.60823 -43.5
1 5.62051 -44.0
0 2.12303 -42.5
1 5.61437 -43.5
0 2.12917 -42.5
1 5.60210 -43.5
0 2.12917 -42.5
0 2.12303 -42.5
1 5.60823 -43.5
0 2.14757 -42.5
1 5.61437 -43.5
0 2.14144 -42.5
1 5.62664 -44.0
0 2.14757 -42.5
1 5.60210 -43.5
0 2.15371 -42.5
1 5.61437 -43.5
1 5.60210 -44.0
0 2.13530 -42.5
1 5.61437 -43.5
0 2.13530 -42.5
0 2.11689 -42.5
1 5.59596 -43.5
0 2.14757 -42.5
1 5.62051 -43.5
1 5.61437 -43.5
0 2.13530 -42.5
0 2.14757 -42.5
1 5.63278 -43.5
0 2.13530 -42.5
1 5.62051 -43.5
1 5.60210 -43.5
0 2.13530 -42.5
0 2.14144 -42.5
1 5.60823 -43.5
0 2.12917 -42.5
1 5.62664 -44.0
1 5.58983 -43.5
0 2.13530 -42.5
1 5.61437 -43.5
0 2.13530 -42.5
0 2.11689 -42.5
1 5.60823 -43.5
0 2.12917 -42.5
1 5.60210 -44.0
1 5.60823 -43.5
0 2.12917 -42.5
1 5.62664 -43.5
