0 5.71254 -48.5 0
0 5.71254 -48.5 9
0 5.71254 -48.5 19
0 5.72482 -48.5 28
0 5.71868 -48.5 37
0 5.72482 -48.5 47
0 5.72482 -48.5 56
0 5.73709 -48.0 65
0 5.73709 -48.5 75
0 5.72482 -48.5 84
0 5.70641 -48.5 93
0 5.73709 -48.5 102
0 5.71254 -48.5 112
0 5.71254 -48.0 121
0 5.71868 -48.5 131
0 5.73095 -48.5 140
0 5.70027 -48.5 149
0 5.72482 -48.5 158
0 5.71868 -48.5 168
0 5.73095 -48.5 177
0 5.72482 -48.5 186
0 5.72482 -48.0 195
0 5.71254 -48.5 205
0 5.73095 -48.5 214
0 5.73095 -48.0 223
0 5.71868 -48.0 233
0 5.72482 -48.5 242
0 5.71254 -48.5 251
0 5.71254 -48.5 260
0 5.70641 -48.5 270
0 5.71868 -48.0 279
0 5.70641 -48.5 288
0 5.71868 -48.5 298
0 5.74322 -48.5 307
0 5.73709 -48.5 316
0 5.71868 -48.5 326
0 5.72482 -48.0 335
0 5.74322 -48.5 344
0 5.71868 -48.5 353
0 5.71254 -48.5 362
0 5.71254 -48.5 372
0 5.73709 -48.5 381
0 5.70641 -48.5 390
0 5.72482 -48.5 400
0 5.71254 -48.5 409
0 5.71254 -48.5 418
0 5.75550 -48.5 427
0 5.71868 -48.5 437
0 5.71254 -48.5 446
0 5.71254 -48.0 455
0 5.71254 -48.5 464
0 5.71868 -48.5 474
0 5.73709 -48.5 483
0 5.71254 -48.5 493
0 5.72482 -48.5 502
0 5.71868 -48.5 511
0 5.73709 -48.5 521
0 5.71868 -48.5 530
0 5.71868 -48.0 539
0 5.72482 -48.5 549
0 5.73709 -48.5 558
0 5.71868 -48.0 567
0 5.72482 -48.0 576
0 5.73095 -48.5 586
0 5.71868 -48.5 595
0 5.74936 -48.5 604
0 5.72482 -48.5 614
0 5.71868 -48.0 623
0 5.71254 -48.5 632
0 5.72482 -48.5 641
0 5.73095 -48.5 651
0 5.72482 -48.0 660
0 5.70641 -48.5 670
0 5.76163 -48.5 679
0 5.71868 -48.5 688
0 5.70027 -48.0 698
0 5.72482 -48.0 707
0 5.71868 -48.0 716
0 5.70641 -48.5 725
0 5.71254 -48.5 734
0 5.73709 -48.5 743
0 5.70641 -48.0 753
0 5.72482 -48.5 762
0 5.71868 -48.5 771
0 5.73095 -48.5 781
0 5.72482 -48.5 790
0 5.70641 -48.5 799
0 5.72482 -48.0 809
0 5.71868 -48.5 818
0 5.70027 -48.5 827
0 5.71868 -48.0 836
0 5.74322 -48.5 846
0 5.74936 -48.5 855
0 5.73095 -48.5 864
0 5.70641 -48.5 873
0 5.73095 -48.5 883
0 5.71868 -48.5 892
0 5.73709 -48.5 902
0 5.71868 -48.5 911
0 5.70641 -48.5 920
0 5.71868 -48.5 930
0 5.71868 -48.5 939
0 5.72482 -48.5 948
0 5.72482 -48.5 958
0 5.72482 -48.0 967
0 5.71254 -48.0 976
0 5.73709 -48.5 985
0 5.73709 -48.5 994
0 5.73709 -48.5 1004
0 5.73095 -48.5 1013
0 5.73095 -48.5 1022
0 5.70641 -48.5 1032
0 5.71868 -48.0 1041
0 5.71868 -48.5 1051
0 5.72482 -48.5 1060
0 5.71868 -48.5 1069
0 5.72482 -48.5 1078
0 5.74936 -48.5 1088
0 5.74322 -48.5 1097
0 5.72482 -48.5 1106
0 5.71868 -48.5 1116
0 5.71868 -48.5 1125
0 5.71254 -48.5 1134
0 5.72482 -48.5 1143
0 5.70641 -48.5 1153
0 5.74936 -48.5 1163
0 5.76777 -48.5 1172
0 5.76163 -48.5 1181
0 5.71254 -48.5 1191
0 5.73095 -48.5 1200
0 5.73709 -48.5 1209
0 5.70641 -48.5 1219
0 5.73095 -48.0 1228
0 5.73095 -48.5 1237
0 5.71868 -48.5 1246
0 5.71868 -48.5 1255
0 5.70027 -48.0 1265
0 5.73095 -48.5 1274
0 5.71254 -48.5 1283
0 5.71868 -48.5 1293
0 5.73709 -48.5 1302
0 5.72482 -48.5 1312
0 5.71254 -48.5 1321
0 5.70641 -48.5 1330
0 5.71868 -48.0 1339
0 5.73709 -48.5 1349
0 5.70641 -48.5 1357
0 5.71254 -48.0 1367
0 5.74322 -48.5 1376
0 5.69414 -48.0 1385
0 5.71868 -48.5 1395
0 5.72482 -48.5 1404
0 5.71868 -48.5 1413
0 5.73095 -48.5 1423
0 5.73095 -48.5 1432
0 5.76777 -48.5 1441
0 5.71868 -48.5 1450
0 5.71254 -48.5 1460
0 5.72482 -48.5 1469
0 5.74322 -48.5 1478
0 5.70641 -48.0 1488
0 5.71254 -48.5 1497
0 5.74322 -48.0 1506
0 5.72482 -48.5 1515
0 5.71868 -48.5 1525
0 5.71868 -48.5 1534
0 5.72482 -48.5 1544
0 5.73095 -48.0 1553
0 5.72482 -48.5 1562
0 5.72482 -48.5 1571
0 5.71254 -48.5 1580
0 5.73095 -48.5 1590
0 5.71254 -48.5 1599
0 5.73709 -48.5 1608
0 5.75550 -48.0 1618
0 5.73709 -48.5 1627
0 5.72482 -48.0 1636
0 5.73095 -48.5 1645
0 5.71254 -48.0 1654
0 5.74322 -48.0 1664
0 5.74322 -48.5 1673
0 5.74322 -48.5 1683
0 5.72482 -48.5 1692
0 5.74322 -48.5 1701
0 5.70027 -48.5 1710
0 5.73709 -48.0 1719
0 5.73709 -48.5 1728
0 5.72482 -48.0 1738
0 5.74322 -48.5 1747
0 5.73095 -48.5 1757
0 5.71254 -48.5 1766
0 5.73095 -48.5 1775
0 5.73095 -48.0 1784
0 5.73709 -48.5 1793
0 5.73709 -48.5 1802
0 5.74322 -48.0 1812
0 5.71868 -48.5 1821
0 5.71254 -48.0 1830
0 5.71868 -48.5 1840
0 5.69414 -48.5 1849
0 5.74322 -48.5 1858
0 5.71868 -49.0 1868
0 5.71868 -48.5 1877
0 5.74936 -48.5 1904
0 5.75550 -49.0 1913
0 5.74322 -48.5 1923
0 5.72482 -48.5 1932
0 5.73709 -48.5 1941
0 5.75550 -48.5 1951
0 5.75550 -48.5 1960
0 5.73709 -48.5 1969
0 5.74322 -48.5 1979
0 5.75550 -48.5 1988
