0 5.75550 -47.5 0
0 5.74936 -47.5 10
0 5.74936 -47.5 19
0 5.78004 -47.5 28
0 5.74322 -47.5 37
0 5.76777 -47.5 47
0 5.72482 -47.5 56
0 5.74322 -47.5 65
0 5.73709 -47.5 74
0 5.74322 -47.5 84
0 5.74936 -47.5 93
0 5.75550 -47.5 102
0 5.77390 -47.5 111
0 5.74322 -47.5 121
0 5.74322 -47.5 130
0 5.75550 -47.5 139
0 5.74322 -47.5 148
0 5.74936 -47.5 158
0 5.73709 -47.5 167
0 5.74936 -47.5 176
0 5.74322 -47.5 186
0 5.74936 -47.5 195
0 5.73095 -47.5 204
0 5.76163 -47.5 213
0 5.74322 -47.5 223
0 5.76163 -47.5 231
0 5.76163 -47.5 241
0 5.73709 -47.5 250
0 5.74322 -47.5 259
0 5.73709 -47.5 269
0 5.74936 -47.5 278
0 5.76163 -47.5 287
0 5.76163 -48.0 297
0 5.73709 -47.5 306
0 5.76777 -47.5 315
0 5.76163 -47.5 324
0 5.75550 -47.5 334
0 5.76163 -47.5 343
0 5.76163 -47.5 353
0 5.75550 -47.5 362
0 5.76163 -47.5 371
0 5.74322 -47.5 380
0 5.77390 -47.5 390
0 5.75550 -47.5 399
0 5.77390 -47.5 408
0 5.74936 -47.5 417
0 5.74322 -47.5 427
0 5.74936 -47.5 436
0 5.74322 -47.5 445
0 5.75550 -47.5 455
0 5.75550 -47.5 464
0 5.73709 -47.5 473
0 5.76163 -47.5 483
0 5.74322 -47.5 492
0 5.77390 -47.5 501
0 5.76163 -47.5 510
0 5.76777 -48.0 520
0 5.73709 -47.5 529
0 5.74936 -47.5 538
0 5.75550 -47.5 547
0 5.77390 -47.5 557
0 5.73709 -47.5 566
0 5.77390 -47.5 575
0 5.75550 -47.5 585
0 5.74322 -47.5 594
0 5.74322 -47.5 603
0 5.77390 -47.5 612
0 5.74936 -47.5 621
0 5.77390 -47.5 631
0 5.78618 -47.5 640
0 5.73709 -47.5 649
0 5.73709 -47.5 659
0 5.73095 -47.5 668
0 5.74322 -47.5 677
0 5.74936 -47.5 686
0 5.75550 -47.5 696
0 5.74322 -47.5 705
0 5.76777 -47.5 714
0 5.74936 -47.5 724
0 5.74322 -47.5 733
0 5.74322 -47.5 742
0 5.76163 -47.5 751
0 5.76163 -47.5 761
0 5.74322 -47.5 770
0 5.75550 -47.5 780
0 5.74936 -47.5 789
0 5.75550 -47.5 798
0 5.73709 -47.5 808
0 5.74936 -47.5 817
0 5.76163 -47.5 826
0 5.75550 -47.5 835
0 5.76777 -47.5 845
0 5.74936 -47.5 854
0 5.75550 -47.5 864
0 5.74322 -47.5 873
0 5.74322 -47.5 882
0 5.79845 -47.5 891
0 5.77390 -47.5 901
0 5.76777 -47.5 910
0 5.76163 -47.5 920
0 5.76163 -47.5 929
0 5.77390 -47.5 938
0 5.74322 -47.5 947
0 5.74936 -47.5 956
0 5.76163 -47.5 966
0 5.75550 -47.5 975
0 5.74936 -47.5 985
0 5.75550 -47.5 994
0 5.75550 -47.5 1003
0 5.76777 -47.5 1012
0 5.74322 -47.5 1021
0 5.76777 -47.5 1031
0 5.74936 -47.5 1040
0 5.74322 -47.5 1050
0 5.76777 -47.5 1059
0 5.74936 -47.5 1068
0 5.74322 -47.5 1077
0 5.76777 -47.5 1086
0 5.74936 -47.5 1096
0 5.76777 -47.5 1105
0 5.75550 -47.5 1115
0 5.76163 -47.5 1124
0 5.75550 -47.5 1133
0 5.76163 -47.5 1142
0 5.73709 -47.5 1152
0 5.75550 -47.5 1161
0 5.74936 -47.5 1170
0 5.74936 -47.5 1180
0 5.75550 -47.5 1189
0 5.75550 -47.0 1198
0 5.75550 -47.5 1208
0 5.74322 -47.5 1217
0 5.76163 -47.5 1226
0 5.76163 -47.5 1235
0 5.74936 -47.5 1244
0 5.74936 -47.5 1254
0 5.77390 -47.5 1263
0 5.77390 -47.5 1272
0 5.75550 -47.5 1282
0 5.74936 -47.5 1291
0 5.75550 -47.5 1301
0 5.75550 -47.5 1310
0 5.76777 -47.0 1319
0 5.74322 -47.5 1329
0 5.73095 -47.5 1338
0 5.74322 -47.5 1347
0 5.74936 -47.5 1356
0 5.75550 -47.5 1365
0 5.75550 -47.5 1375
0 5.74322 -47.5 1384
0 5.74936 -47.5 1393
0 5.76777 -47.5 1402
0 5.74322 -47.5 1412
0 5.74322 -47.5 1421
0 5.76163 -47.5 1430
0 5.74936 -47.5 1439
0 5.75550 -47.5 1449
0 5.74322 -47.5 1458
0 5.76777 -47.5 1467
0 5.75550 -47.5 1476
0 5.76163 -47.5 1485
0 5.78618 -47.5 1495
0 5.75550 -47.5 1504
0 5.78004 -47.5 1513
0 5.74322 -47.5 1522
0 5.75550 -47.5 1532
0 5.74322 -47.5 1541
0 5.76777 -47.5 1550
0 5.74322 -47.5 1560
0 5.77390 -47.5 1569
0 5.76163 -47.5 1578
0 5.74936 -47.5 1587
0 5.74936 -47.5 1597
0 5.74936 -47.5 1606
0 5.74322 -47.5 1616
0 5.74322 -47.5 1625
0 5.76163 -47.5 1634
0 5.74322 -47.5 1643
0 5.75550 -47.5 1653
0 5.74936 -47.5 1662
0 5.74936 -47.5 1671
0 5.76777 -47.5 1681
0 5.74322 -47.5 1689
0 5.78618 -47.5 1699
0 5.76777 -47.5 1708
0 5.74936 -47.5 1717
0 5.75550 -47.5 1726
0 5.74322 -47.5 1736
0 5.76163 -47.5 1745
0 5.74936 -47.5 1755
0 5.75550 -48.0 1764
0 5.77390 -47.5 1773
0 5.75550 -47.5 1783
0 5.76777 -47.5 1792
0 5.76163 -47.5 1801
0 5.74322 -47.5 1811
0 5.74322 -47.5 1820
0 5.77390 -47.5 1829
0 5.75550 -47.5 1838
0 5.75550 -47.5 1847
0 5.78618 -47.5 1857
0 5.74936 -47.5 1866
0 5.76777 -47.5 1875
0 5.76777 -47.5 1884
0 5.74936 -47.5 1903
0 5.74936 -47.5 1913
0 5.75550 -47.5 1922
0 5.75550 -47.5 1931
0 5.74936 -47.5 1940
0 5.74936 -47.5 1950
0 5.72482 -47.5 1960
0 5.74936 -47.5 1970
0 5.76163 -47.5 1979
0 5.75550 -47.5 1989
