0 5.66959 -50.0 0
0 5.66959 -50.0 9
0 5.66346 -50.0 19
0 5.68186 -50.5 28
0 5.68186 -50.5 37
0 5.65119 -50.0 46
0 5.68186 -50.0 56
0 5.68186 -50.5 65
0 5.65119 -50.0 74
0 5.65119 -50.5 83
0 5.65732 -50.5 93
0 5.68186 -50.0 102
0 5.69414 -50.5 111
0 5.68800 -50.0 120
0 5.68186 -50.5 130
0 5.67573 -50.5 139
0 5.65732 -50.5 148
0 5.66959 -50.0 158
0 5.68800 -50.5 167
0 5.67573 -50.0 176
0 5.68186 -50.0 186
0 5.68186 -50.0 195
0 5.66346 -50.0 204
0 5.68186 -50.5 213
0 5.65119 -50.0 222
0 5.66959 -50.0 232
0 5.68186 -50.5 241
0 5.66959 -50.5 250
0 5.72482 -50.0 260
0 5.69414 -50.0 269
0 5.70027 -51.0 278
0 5.65119 -50.0 287
0 5.63891 -50.0 297
0 5.70641 -50.5 306
0 5.68800 -50.0 315
0 5.70641 -50.0 324
0 5.68186 -50.0 333
0 5.66346 -50.0 343
0 5.70027 -50.5 352
0 5.66959 -50.0 362
0 5.69414 -50.0 371
0 5.66346 -50.5 380
0 5.65119 -50.0 389
0 5.67573 -50.0 398
0 5.66346 -50.5 408
0 5.65732 -50.0 417
0 5.66346 -50.0 426
0 5.67573 -50.5 435
0 5.70027 -50.5 445
0 5.68800 -50.0 454
0 5.63891 -50.0 463
0 5.70641 -50.5 473
0 5.65732 -50.5 482
0 5.69414 -50.5 491
0 5.66959 -50.0 500
0 5.66959 -50.0 509
0 5.67573 -50.0 519
0 5.67573 -50.0 528
0 5.65732 -50.5 538
0 5.66959 -50.5 547
0 5.66346 -50.5 556
0 5.66346 -50.0 565
0 5.68800 -50.5 575
0 5.69414 -50.0 584
0 5.68186 -50.0 593
0 5.66346 -51.0 602
0 5.67573 -50.0 612
0 5.67573 -50.0 621
0 5.68186 -50.0 631
0 5.69414 -50.0 640
0 5.66959 -50.5 649
0 5.68800 -50.5 658
0 5.66959 -50.5 668
0 5.66346 -50.0 677
0 5.65732 -51.0 686
0 5.69414 -50.0 695
0 5.66959 -50.0 705
0 5.70027 -50.5 714
0 5.68186 -50.5 723
0 5.68186 -50.0 733
0 5.68800 -50.0 742
0 5.68186 -50.5 751
0 5.66346 -50.0 760
0 5.66346 -50.5 769
0 5.69414 -50.5 779
0 5.66346 -50.5 788
0 5.68186 -50.5 797
0 5.69414 -50.0 807
0 5.68800 -50.0 816
0 5.70027 -50.5 825
0 5.67573 -50.5 835
0 5.66346 -50.0 844
0 5.65732 -50.5 853
0 5.68186 -50.5 862
0 5.67573 -50.5 872
0 5.67573 -50.5 881
0 5.65732 -50.5 890
0 5.66959 -50.5 900
0 5.68800 -50.5 909
0 5.68800 -50.5 918
0 5.67573 -50.5 927
0 5.66346 -50.5 936
0 5.68800 -50.0 946
0 5.66959 -50.0 955
0 5.66346 -50.5 964
0 5.68186 -50.5 973
0 5.66346 -50.0 982
0 5.67573 -50.0 992
0 5.67573 -50.5 1001
0 5.70027 -50.5 1010
0 5.71868 -50.5 1020
0 5.69414 -50.5 1029
0 5.65732 -50.0 1038
0 5.68800 -50.5 1047
0 5.68186 -50.0 1057
0 5.68186 -50.5 1066
0 5.69414 -50.5 1075
0 5.70027 -50.5 1084
0 5.68186 -50.0 1093
0 5.69414 -50.0 1103
0 5.66346 -50.5 1112
0 5.65732 -50.5 1122
0 5.67573 -50.5 1131
0 5.67573 -50.0 1140
0 5.68800 -50.0 1150
0 5.66346 -50.0 1159
0 5.65732 -50.5 1168
0 5.66959 -50.5 1177
0 5.68800 -50.5 1186
0 5.66959 -50.5 1196
0 5.70641 -50.5 1205
0 5.66959 -50.5 1214
0 5.66959 -50.0 1223
0 5.68800 -50.5 1233
0 5.67573 -50.5 1242
0 5.69414 -50.5 1251
0 5.66346 -50.0 1261
0 5.70027 -50.5 1270
0 5.68800 -50.0 1279
0 5.65732 -50.0 1289
0 5.68800 -50.5 1298
0 5.66959 -50.5 1308
0 5.67573 -50.5 1317
0 5.68186 -50.5 1326
0 5.71868 -50.5 1335
0 5.67573 -50.5 1344
0 5.68186 -50.0 1354
0 5.67573 -50.5 1363
0 5.67573 -50.5 1372
0 5.68186 -50.5 1382
0 5.67573 -50.5 1391
0 5.65732 -50.0 1401
0 5.69414 -50.0 1410
0 5.68800 -50.0 1419
0 5.66346 -50.0 1428
0 5.68186 -50.5 1438
0 5.67573 -50.0 1447
0 5.65119 -50.5 1456
0 5.66959 -50.0 1465
0 5.68186 -50.5 1475
0 5.68186 -50.0 1484
0 5.67573 -50.5 1493
0 5.66959 -50.0 1502
0 5.65119 -50.0 1512
0 5.69414 -50.0 1521
0 5.68186 -50.0 1530
0 5.69414 -50.0 1539
0 5.66346 -50.0 1549
0 5.69414 -50.0 1558
0 5.66346 -50.0 1567
0 5.66346 -50.0 1576
0 5.68800 -50.5 1586
0 5.70027 -50.5 1595
0 5.67573 -50.5 1604
0 5.68186 -50.5 1614
0 5.68800 -50.5 1623
0 5.67573 -50.0 1633
0 5.68186 -50.0 1642
0 5.66959 -50.5 1651
0 5.65732 -50.0 1660
0 5.70027 -50.0 1669
0 5.68800 -50.0 1679
0 5.71254 -50.5 1688
0 5.67573 -50.5 1698
0 5.67573 -50.0 1707
0 5.69414 -50.5 1716
0 5.66959 -50.5 1725
0 5.66346 -50.0 1735
0 5.70641 -50.5 1744
0 5.65732 -50.0 1753
0 5.66959 -50.5 1763
0 5.67573 -50.0 1772
0 5.66959 -50.5 1781
0 5.66346 -50.5 1790
0 5.67573 -50.0 1800
0 5.70027 -50.5 1809
0 5.65732 -50.0 1818
0 5.66959 -50.0 1828
0 5.70641 -50.0 1837
0 5.69414 -50.0 1846
0 5.66346 -50.0 1855
0 5.70027 -50.5 1864
0 5.68800 -50.0 1874
0 5.68186 -50.5 1883
0 5.65732 -50.5 1901
0 5.66346 -50.0 1911
0 5.65119 -50.5 1920
0 5.66346 -50.0 1929
0 5.67573 -50.5 1938
0 5.66959 -50.0 1947
0 5.65119 -50.5 1957
0 5.65732 -50.0 1966
0 5.66959 -50.0 1975
0 5.66346 -50.0 1984
0 5.67573 -50.5 1994
