0 5.56528 -54.5 0
0 5.57142 -54.0 10
0 5.56528 -54.0 19
0 5.60823 -54.5 29
0 5.57142 -54.5 38
0 5.58369 -54.0 47
0 5.59596 -54.0 57
0 5.62051 -54.5 66
0 5.58369 -54.0 75
0 5.56528 -54.5 85
0 5.58369 -54.5 94
0 5.59596 -54.5 103
0 5.55915 -54.5 112
0 5.60823 -54.0 121
0 5.57755 -54.0 131
0 5.57755 -54.5 140
0 5.55915 -54.0 150
0 5.60210 -54.5 159
0 5.57142 -54.5 168
0 5.57755 -54.0 177
0 5.59596 -54.0 187
0 5.58369 -54.5 196
0 5.57142 -54.5 205
0 5.55301 -54.0 214
0 5.57142 -54.0 223
0 5.60210 -54.5 232
0 5.57142 -54.5 242
0 5.59596 -54.0 251
0 5.61437 -54.5 260
0 5.58369 -54.5 270
0 5.56528 -54.5 279
0 5.56528 -54.5 288
0 5.61437 -54.5 297
0 5.63891 -54.5 307
0 5.56528 -54.0 316
0 5.61437 -54.5 325
0 5.58369 -54.0 335
0 5.57142 -54.5 344
0 5.56528 -54.5 353
0 5.58369 -54.5 362
0 5.56528 -54.5 372
0 5.57755 -54.5 381
0 5.59596 -54.0 390
0 5.58369 -54.0 399
0 5.56528 -54.0 408
0 5.54687 -54.5 418
0 5.62051 -54.0 427
0 5.58983 -54.0 437
0 5.55301 -54.5 445
0 5.59596 -54.0 455
0 5.58983 -54.0 464
0 5.58983 -54.0 473
0 5.58983 -54.0 483
0 5.59596 -54.5 492
0 5.60823 -54.0 502
0 5.57142 -54.5 511
0 5.56528 -54.0 520
0 5.54687 -54.5 529
0 5.59596 -54.5 539
0 5.55915 -54.5 548
0 5.64505 -54.5 558
0 5.57755 -54.5 567
0 5.57142 -54.5 576
0 5.57755 -54.5 586
0 5.60210 -54.5 595
0 5.55915 -54.5 604
0 5.55301 -54.5 613
0 5.57142 -55.0 623
0 5.58369 -54.5 632
0 5.56528 -54.5 642
0 5.59596 -54.0 651
0 5.62664 -54.0 660
0 5.54687 -54.0 669
0 5.59596 -54.0 679
0 5.57142 -54.5 688
0 5.58369 -54.0 697
0 5.57142 -54.5 706
0 5.57755 -54.5 716
0 5.58983 -54.5 725
0 5.58983 -54.5 734
0 5.58369 -54.0 743
0 5.58369 -54.5 753
0 5.57755 -54.5 762
0 5.60210 -54.5 772
0 5.56528 -54.5 781
0 5.58983 -54.0 790
0 5.57142 -54.0 799
0 5.63891 -54.5 808
0 5.56528 -54.0 817
0 5.58983 -54.5 827
0 5.58369 -54.0 836
0 5.59596 -54.5 845
0 5.57755 -54.5 854
0 5.60823 -54.0 863
0 5.59596 -54.0 873
0 5.57755 -54.5 882
0 5.59596 -54.5 891
0 5.58369 -54.5 900
0 5.58369 -54.5 909
0 5.57142 -54.5 918
0 5.57755 -54.5 928
0 5.58369 -54.5 937
0 5.60823 -54.5 946
0 5.57755 -54.5 956
0 5.57142 -54.5 965
0 5.60823 -54.0 974
0 5.58369 -54.5 983
0 5.55301 -54.0 993
0 5.60210 -54.0 1002
0 5.57142 -54.5 1012
0 5.57755 -54.0 1021
0 5.58983 -54.0 1030
0 5.60210 -54.5 1039
0 5.56528 -54.0 1049
0 5.60210 -54.0 1058
0 5.58983 -54.5 1067
0 5.60210 -54.5 1076
0 5.60823 -54.5 1085
0 5.58983 -54.5 1095
0 5.61437 -54.5 1104
0 5.55915 -54.0 1113
0 5.57142 -54.5 1123
0 5.56528 -54.0 1132
0 5.60210 -54.5 1142
0 5.60210 -54.0 1151
0 5.58983 -54.5 1160
0 5.57142 -54.5 1169
0 5.58983 -54.5 1179
0 5.56528 -54.0 1187
0 5.58369 -54.5 1197
0 5.56528 -54.5 1206
0 5.59596 -54.0 1215
0 5.60210 -54.5 1224
0 5.57142 -54.5 1234
0 5.57755 -54.5 1243
0 5.58983 -54.5 1252
0 5.60823 -54.0 1262
0 5.62051 -54.0 1271
0 5.55301 -54.5 1280
0 5.60823 -54.5 1289
0 5.55301 -54.5 1298
0 5.57755 -54.5 1307
0 5.56528 -54.0 1317
0 5.58983 -54.0 1326
0 5.57755 -54.0 1335
0 5.57142 -54.5 1344
0 5.57755 -54.5 1354
0 5.58983 -54.5 1363
0 5.57142 -54.5 1372
0 5.57142 -54.5 1382
0 5.56528 -54.5 1391
0 5.57755 -54.5 1400
0 5.55915 -54.5 1409
0 5.57755 -54.0 1419
0 5.58369 -54.5 1428
0 5.56528 -54.0 1437
0 5.58369 -54.0 1447
0 5.57142 -54.5 1456
0 5.59596 -54.5 1465
0 5.57142 -54.5 1474
0 5.56528 -54.5 1483
0 5.57755 -54.5 1493
0 5.58369 -54.0 1502
0 5.61437 -54.0 1511
0 5.56528 -54.0 1521
0 5.56528 -54.5 1530
0 5.57755 -54.5 1539
0 5.55301 -54.5 1548
0 5.54687 -54.5 1557
0 5.61437 -54.0 1567
0 5.57142 -54.5 1576
0 5.58369 -54.0 1586
0 5.56528 -54.5 1595
0 5.57755 -54.0 1604
0 5.57142 -54.0 1613
0 5.57755 -54.5 1623
0 5.57142 -54.5 1632
0 5.58369 -54.0 1641
0 5.58983 -54.0 1650
0 5.56528 -54.5 1659
0 5.57755 -54.0 1669
0 5.58369 -54.5 1678
0 5.55915 -54.0 1687
0 5.58983 -54.5 1697
0 5.62664 -54.5 1706
0 5.60210 -54.5 1715
0 5.55301 -54.5 1724
0 5.60210 -54.5 1733
0 5.60823 -54.5 1743
0 5.58369 -54.0 1752
0 5.58369 -54.5 1761
0 5.58983 -54.5 1771
0 5.58369 -54.5 1780
0 5.60823 -54.0 1789
0 5.58369 -54.5 1799
0 5.57755 -54.5 1808
0 5.57142 -54.0 1817
0 5.57142 -55.0 1826
0 5.58983 -54.5 1836
0 5.57142 -54.5 1845
0 5.56528 -54.5 1854
0 5.57755 -54.0 1864
0 5.56528 -54.0 1873
0 5.57755 -54.5 1882
0 5.56528 -54.0 1901
0 5.57755 -54.0 1910
0 5.55915 -54.5 1919
0 5.58369 -54.5 1928
0 5.55301 -54.0 1938
0 5.55915 -54.5 1947
0 5.55301 -54.0 1956
0 5.58983 -54.5 1966
0 5.55301 -54.5 1975
0 5.57142 -54.5 1984
0 5.55301 -54.5 1994
0 5.57755 -54.5 2003
