0 5.47324 -59.5 0
0 5.49779 -59.0 9
0 5.44870 -59.5 18
0 5.49165 -59.5 28
0 5.45484 -59.5 37
0 5.44870 -59.5 46
0 5.41802 -59.5 56
0 5.47938 -59.5 65
0 5.54687 -59.5 74
0 5.43029 -59.0 84
0 5.47324 -59.5 93
0 5.44870 -59.5 102
0 5.49165 -59.5 112
0 5.47324 -59.5 121
0 5.40575 -60.0 130
0 5.43029 -59.5 139
0 5.47938 -59.5 149
0 5.45484 -59.5 158
0 5.49165 -59.5 167
0 5.46711 -59.5 176
0 5.43643 -59.5 186
0 5.50392 -59.5 195
0 5.48552 -59.5 204
0 5.46097 -59.5 213
0 5.48552 -59.5 223
0 5.46097 -59.5 232
0 5.44256 -59.5 241
0 5.43029 -59.0 251
0 5.51619 -59.0 260
0 5.46711 -59.5 269
0 5.46097 -59.0 279
0 5.48552 -59.0 288
0 5.44870 -59.5 297
0 5.47324 -59.5 306
0 5.47938 -59.5 315
0 5.48552 -59.5 324
0 5.50392 -59.0 334
0 5.49165 -59.5 343
0 5.46711 -59.5 352
0 5.44256 -59.5 361
0 5.47938 -59.5 371
0 5.46711 -59.5 380
0 5.47938 -59.5 390
0 5.51619 -59.5 399
0 5.48552 -59.5 408
0 5.50392 -59.5 418
0 5.45484 -59.5 427
0 5.46097 -59.5 436
0 5.49779 -60.0 445
0 5.43643 -59.0 454
0 5.49779 -59.5 464
0 5.44870 -59.5 473
0 5.46711 -59.5 482
0 5.50392 -59.5 491
0 5.47324 -59.5 501
0 5.46711 -60.0 510
0 5.49165 -59.5 519
0 5.50392 -59.5 528
0 5.44870 -60.0 537
0 5.52233 -60.0 546
0 5.48552 -59.5 555
0 5.43643 -60.0 565
0 5.46711 -59.5 574
0 5.47324 -59.5 583
0 5.46711 -59.5 593
0 5.46097 -59.5 602
0 5.47324 -59.5 611
0 5.49165 -59.5 620
0 5.44256 -59.5 630
0 5.51006 -60.0 639
0 5.46711 -59.5 648
0 5.49779 -60.0 658
0 5.47324 -59.0 667
0 5.44870 -59.5 676
0 5.48552 -60.0 686
0 5.48552 -59.5 695
0 5.46097 -59.5 704
0 5.46097 -59.5 713
0 5.46711 -59.5 722
0 5.46097 -59.5 732
0 5.49779 -59.5 741
0 5.49165 -60.0 750
0 5.51006 -59.5 759
0 5.45484 -59.5 769
0 5.45484 -59.5 778
0 5.49779 -59.5 787
0 5.45484 -59.5 796
0 5.47938 -59.5 805
0 5.48552 -59.5 815
0 5.47938 -59.5 824
0 5.47324 -59.5 833
0 5.48552 -59.5 842
0 5.48552 -59.5 852
0 5.47324 -59.5 861
0 5.49165 -59.5 870
0 5.47938 -59.5 880
0 5.46097 -59.5 889
0 5.45484 -59.0 898
0 5.47938 -59.5 908
0 5.49165 -59.5 917
0 5.50392 -59.5 926
0 5.47938 -59.5 936
0 5.49779 -59.5 944
0 5.47324 -59.5 954
0 5.50392 -59.5 963
0 5.48552 -59.0 973
0 5.43643 -59.5 982
0 5.49779 -60.0 991
0 5.47324 -59.5 1000
0 5.47324 -60.0 1009
0 5.48552 -59.5 1019
0 5.45484 -59.5 1028
0 5.47938 -59.5 1037
0 5.44870 -59.5 1047
0 5.46711 -59.5 1056
0 5.49165 -60.0 1065
0 5.51006 -59.5 1074
0 5.43643 -59.5 1083
0 5.46711 -59.5 1093
0 5.50392 -59.5 1102
0 5.47324 -60.0 1111
0 5.43643 -59.5 1121
0 5.48552 -59.5 1130
0 5.48552 -60.0 1140
0 5.51006 -59.5 1149
0 5.47324 -59.5 1158
0 5.52233 -59.5 1167
0 5.47324 -59.5 1176
0 5.46711 -60.0 1186
0 5.46097 -59.5 1195
0 5.50392 -59.5 1204
0 5.47324 -59.5 1213
0 5.46097 -59.5 1223
0 5.51006 -59.5 1232
0 5.48552 -59.5 1241
0 5.47938 -59.0 1251
0 5.52233 -59.5 1260
0 5.46097 -59.5 1269
0 5.49779 -59.5 1279
0 5.46711 -59.5 1288
0 5.49165 -59.0 1297
0 5.45484 -59.5 1307
0 5.47324 -59.5 1316
0 5.44870 -60.0 1325
0 5.41188 -59.5 1334
0 5.47324 -60.0 1344
0 5.49165 -60.0 1353
0 5.44256 -59.5 1362
0 5.48552 -59.5 1371
0 5.46711 -60.0 1381
0 5.49165 -59.5 1390
0 5.45484 -60.0 1399
0 5.47324 -59.5 1409
0 5.47938 -59.5 1418
0 5.45484 -59.5 1427
0 5.46711 -59.5 1436
0 5.47324 -59.5 1446
0 5.45484 -59.5 1455
0 5.43643 -59.5 1465
0 5.47324 -59.5 1474
0 5.44256 -59.5 1483
0 5.49779 -60.0 1492
0 5.46711 -59.5 1502
0 5.48552 -59.0 1511
0 5.44870 -59.5 1520
0 5.44870 -59.5 1530
0 5.47324 -59.5 1539
0 5.44256 -59.5 1548
0 5.44870 -60.0 1558
0 5.48552 -59.5 1567
0 5.49165 -60.0 1576
0 5.47324 -59.5 1586
0 5.47938 -59.5 1595
0 5.46097 -59.5 1604
0 5.46711 -59.5 1614
0 5.48552 -59.5 1623
0 5.47938 -59.5 1632
0 5.47324 -59.5 1641
0 5.47324 -60.0 1650
0 5.47938 -59.5 1660
0 5.44870 -59.5 1669
0 5.48552 -60.0 1678
0 5.47938 -59.5 1687
0 5.46097 -59.5 1697
0 5.48552 -59.5 1706
0 5.48552 -60.0 1715
0 5.44870 -59.5 1725
0 5.48552 -59.5 1734
0 5.47938 -59.5 1743
0 5.51006 -59.5 1752
0 5.46097 -60.0 1762
0 5.46097 -59.5 1771
0 5.47938 -59.5 1780
0 5.47324 -59.5 1790
0 5.46711 -59.0 1799
0 5.48552 -59.5 1809
0 5.43643 -59.5 1818
0 5.50392 -59.5 1827
0 5.46711 -59.5 1836
0 5.47324 -59.5 1846
0 5.51619 -60.0 1855
0 5.49779 -59.5 1864
0 5.49779 -59.5 1873
0 5.48552 -59.5 1883
0 5.46711 -59.5 1901
0 5.46711 -60.0 1910
0 5.46711 -59.5 1919
0 5.47938 -59.5 1929
0 5.44870 -59.5 1938
0 5.45484 -59.5 1947
0 5.51619 -59.5 1956
0 5.51006 -60.0 1966
0 5.41188 -60.0 1975
0 5.48552 -59.5 1984
0 5.48552 -59.5 1993
0 5.51006 -60.0 2003
