0 6.19728 -66.0 0
0 6.27705 -65.5 9
0 6.11138 -65.5 18
0 6.24637 -66.5 27
0 6.08070 -66.0 37
0 6.15433 -65.5 47
0 6.19115 -65.5 56
0 6.24637 -65.0 65
0 6.16047 -66.5 74
0 6.23410 -65.5 84
0 6.21569 -66.0 93
0 6.18501 -65.5 102
0 0.03068 -66.0 111
0 6.14819 -66.0 120
0 6.24023 -66.0 130
0 0.01227 -66.5 139
0 6.19728 -66.0 148
0 6.12979 -65.5 158
0 6.14206 -66.0 167
0 6.21569 -65.5 176
0 6.19728 -65.5 185
0 6.19728 -65.5 195
0 6.19115 -66.0 204
0 6.16047 -65.5 213
0 6.16660 -66.5 222
0 6.10524 -66.5 232
0 6.13592 -66.0 241
0 6.17887 -66.0 250
0 6.24023 -65.0 260
0 6.22796 -65.5 268
0 6.19115 -65.5 278
0 6.10524 -66.0 287
0 6.14206 -65.5 296
0 6.14206 -66.0 306
0 6.17274 -65.5 315
0 6.22796 -66.5 324
0 6.16660 -66.0 334
0 6.11138 -66.5 343
0 6.16047 -66.0 352
0 6.20342 -66.0 361
0 6.10524 -66.5 371
0 6.17887 -66.0 380
0 6.16660 -65.5 390
0 6.12365 -66.0 399
0 0.00614 -66.0 408
0 6.15433 -65.5 417
0 6.16660 -65.5 427
0 6.20955 -66.0 436
0 6.14819 -65.5 446
0 6.15433 -66.0 455
0 6.13592 -66.0 464
0 6.14206 -66.0 473
0 6.15433 -66.0 483
0 6.17887 -66.0 492
0 6.12365 -66.0 501
0 6.15433 -66.5 510
0 6.20955 -66.0 519
0 6.17887 -65.0 529
0 6.17887 -66.5 538
0 6.25864 -66.0 548
0 6.25864 -66.5 557
0 6.18501 -66.0 566
0 6.19728 -66.0 576
0 6.14819 -66.0 585
0 6.22183 -66.0 595
0 6.19115 -66.0 604
0 6.16047 -65.5 613
0 6.16047 -66.0 622
0 6.25864 -66.0 632
0 6.25864 -65.5 641
0 6.15433 -66.0 650
0 6.20342 -66.0 659
0 6.18501 -66.0 668
0 6.20955 -66.0 678
0 6.25251 -66.5 687
0 6.22796 -66.0 696
0 6.12979 -65.5 705
0 6.22183 -66.0 715
0 6.17274 -66.0 724
0 6.16047 -66.5 733
0 6.20342 -66.0 742
0 6.18501 -65.5 752
0 6.18501 -66.5 761
0 6.15433 -66.0 770
0 6.18501 -66.0 779
0 6.17887 -65.5 789
0 6.22183 -66.0 798
0 6.15433 -66.0 807
0 6.19728 -65.5 817
0 6.13592 -66.5 826
0 6.18501 -66.5 836
0 6.17274 -66.0 844
0 6.23410 -66.5 854
0 6.22796 -66.0 863
0 6.15433 -66.0 872
0 6.14819 -66.0 882
0 6.22183 -66.0 891
0 6.16047 -65.5 900
0 6.24637 -66.0 909
0 6.26478 -66.0 919
0 6.22796 -65.5 928
0 6.16660 -66.5 937
0 6.14819 -65.5 947
0 6.15433 -66.0 956
0 6.22183 -66.0 966
0 6.20955 -66.0 975
0 6.19115 -66.0 985
0 6.14206 -66.0 994
0 6.19728 -65.5 1003
0 6.08070 -66.5 1012
0 6.19115 -65.5 1022
0 6.19728 -66.0 1031
0 0.00614 -66.5 1041
0 6.16660 -65.5 1050
0 6.16660 -65.5 1059
0 6.26478 -65.5 1068
0 6.17887 -66.0 1078
0 6.20955 -65.5 1087
0 6.12979 -66.0 1096
0 6.22183 -66.0 1106
0 6.19728 -66.0 1115
0 6.15433 -66.0 1124
0 6.14206 -66.5 1134
0 6.14206 -66.0 1143
0 6.20955 -66.0 1152
0 6.16660 -66.5 1161
0 6.14206 -66.0 1171
0 6.25251 -66.0 1180
0 6.23410 -65.5 1189
0 6.20955 -66.0 1198
0 6.20342 -66.0 1208
0 6.15433 -66.0 1217
0 6.17274 -66.0 1226
0 6.16047 -66.0 1235
0 6.23410 -66.0 1245
0 6.24637 -66.0 1254
0 6.09297 -66.5 1263
0 6.13592 -66.5 1273
0 6.13592 -66.0 1282
0 6.19728 -66.0 1291
0 6.16660 -65.5 1300
0 6.23410 -65.5 1310
0 6.25251 -65.5 1319
0 6.14819 -66.0 1328
0 0.06750 -66.0 1337
0 6.19115 -66.0 1347
0 6.17274 -66.0 1356
0 6.14206 -65.5 1365
0 6.20955 -66.0 1375
0 6.19115 -66.0 1384
0 6.16660 -65.5 1393
0 6.21569 -66.5 1402
0 6.19115 -66.5 1412
0 6.14819 -66.0 1421
0 6.15433 -65.5 1430
0 6.17274 -66.0 1440
0 0.00614 -66.0 1449
0 6.22183 -66.0 1458
0 6.22796 -66.0 1467
0 6.19115 -65.5 1477
0 6.17274 -66.0 1486
0 6.20342 -66.0 1495
0 6.23410 -66.0 1504
0 6.16660 -66.0 1514
0 6.14206 -66.5 1523
0 6.25251 -66.5 1532
0 6.19728 -66.0 1541
0 6.20342 -66.0 1551
0 6.16660 -66.0 1559
0 6.19115 -65.5 1569
0 0.04295 -66.5 1578
0 6.19115 -66.0 1587
0 6.20955 -66.0 1597
0 6.27705 -66.5 1606
0 6.12979 -66.5 1615
0 6.17887 -65.5 1624
0 6.19728 -66.5 1634
0 6.12365 -66.5 1643
0 0.03068 -66.0 1652
0 6.23410 -66.0 1661
0 6.18501 -66.0 1671
0 6.19115 -66.0 1680
0 6.22183 -66.5 1689
0 0.01227 -66.0 1698
0 6.20342 -66.5 1708
0 6.26478 -65.5 1717
0 6.20955 -66.0 1726
0 6.22183 -66.5 1735
0 6.19728 -66.0 1745
0 0.00000 -66.5 1754
0 6.15433 -66.0 1763
0 6.20342 -66.0 1773
0 6.16660 -66.5 1782
0 0.00000 -65.5 1791
0 6.16660 -66.0 1800
0 6.24023 -66.0 1810
0 6.20342 -66.0 1819
0 6.18501 -66.5 1828
0 6.25251 -66.5 1838
0 6.17887 -66.0 1847
0 6.20342 -66.0 1856
0 6.17274 -66.5 1865
0 6.22183 -65.5 1875
0 6.11752 -65.5 1902
0 6.12979 -65.5 1912
0 6.16047 -66.5 1921
0 6.14206 -66.5 1930
0 6.15433 -66.0 1939
0 6.03161 -66.0 1949
0 6.09297 -66.5 1958
0 6.24023 -66.0 1968
0 6.20955 -66.5 1977
0 6.12979 -66.0 1986
