0 5.74322 -56.5 0
0 5.76163 -57.0 9
0 5.74322 -56.5 18
0 5.78618 -56.5 28
0 5.78004 -57.0 37
0 5.79231 -56.5 46
0 5.75550 -56.5 56
0 5.78004 -56.5 65
0 5.73709 -56.5 74
0 5.79231 -57.0 83
0 5.76777 -56.5 93
0 5.75550 -56.5 102
0 5.78618 -56.5 111
0 5.76163 -56.5 121
0 5.77390 -56.5 130
0 5.78618 -57.0 139
0 5.76777 -56.5 148
0 5.81686 -56.5 157
0 5.78004 -56.5 167
0 5.76777 -56.5 176
0 5.76163 -56.5 185
0 5.79231 -57.0 194
0 5.78618 -56.5 204
0 5.76777 -56.5 213
0 5.76163 -56.5 222
0 5.79231 -56.5 232
0 5.78618 -57.0 241
0 5.79845 -57.0 250
0 5.78618 -56.5 260
0 5.82299 -56.5 269
0 5.76163 -56.5 278
0 5.78618 -57.0 287
0 5.79845 -56.5 296
0 5.76163 -56.5 306
0 5.76777 -56.5 315
0 5.79845 -56.5 324
0 5.79231 -56.5 333
0 5.80458 -56.5 343
0 5.78004 -56.5 352
0 5.78004 -56.5 361
0 5.78618 -56.5 371
0 5.78004 -56.5 380
0 5.78004 -56.5 389
0 5.75550 -57.0 398
0 5.74936 -56.5 408
0 5.76163 -56.5 417
0 5.78004 -56.5 426
0 5.79845 -56.5 435
0 5.77390 -56.5 445
0 5.79845 -56.5 454
0 5.78618 -56.5 463
0 5.78004 -56.5 472
0 5.79845 -57.0 482
0 5.77390 -56.5 491
0 5.78004 -56.5 500
0 5.76777 -56.5 510
0 5.79845 -56.5 519
0 5.78004 -56.5 528
0 5.80458 -56.5 537
0 5.76163 -57.0 547
0 5.79845 -56.5 556
0 5.83526 -57.0 565
0 5.78004 -56.5 574
0 5.77390 -57.0 584
0 5.77390 -56.5 593
0 5.77390 -57.0 602
0 5.78618 -57.0 612
0 5.78618 -56.5 621
0 5.79845 -56.5 630
0 5.81072 -56.5 639
0 5.76777 -57.0 648
0 5.79845 -57.0 658
0 5.79845 -57.0 667
0 5.80458 -57.0 676
0 5.78004 -56.5 686
0 5.79845 -56.5 695
0 5.80458 -57.0 704
0 5.79231 -57.0 714
0 5.75550 -57.0 723
0 5.79845 -56.5 733
0 5.78618 -56.5 741
0 5.81072 -57.0 751
0 5.78004 -56.5 760
0 5.79845 -56.5 769
0 5.79231 -57.0 778
0 5.78004 -56.5 788
0 5.80458 -56.5 797
0 5.79231 -57.0 806
0 5.76163 -56.5 815
0 5.73709 -57.0 825
0 5.78004 -56.5 834
0 5.82299 -56.5 844
0 5.78004 -56.5 853
0 5.78618 -56.5 862
0 5.77390 -57.0 871
0 5.75550 -57.0 881
0 5.78618 -56.5 890
0 5.77390 -56.5 899
0 5.79845 -56.5 908
0 5.79231 -56.5 918
0 5.78618 -56.5 927
0 5.81072 -57.0 936
0 5.82299 -57.0 945
0 5.76777 -56.5 954
0 5.79231 -56.5 964
0 5.81072 -57.0 973
0 5.80458 -56.5 983
0 5.80458 -56.5 992
0 5.76777 -57.0 1001
0 5.77390 -56.5 1010
0 5.80458 -56.5 1019
0 5.79231 -56.5 1029
0 5.74936 -56.5 1038
0 5.79231 -57.0 1047
0 5.79845 -57.0 1056
0 5.81072 -56.5 1066
0 5.76777 -57.0 1076
0 5.79845 -57.0 1084
0 5.77390 -56.5 1094
0 5.76777 -57.0 1103
0 5.79845 -56.5 1112
0 5.79231 -56.5 1121
0 5.77390 -57.0 1131
0 5.79231 -56.5 1140
0 5.76163 -57.0 1149
0 5.76163 -57.0 1158
0 5.79231 -56.5 1167
0 5.77390 -57.0 1177
0 5.78618 -57.0 1186
0 5.78004 -56.5 1195
0 5.76163 -56.5 1205
0 5.78618 -57.0 1214
0 5.78618 -56.5 1223
0 5.76163 -56.5 1232
0 5.76163 -56.5 1242
0 5.79231 -57.0 1251
0 5.79845 -57.0 1260
0 5.78618 -56.5 1269
0 5.79845 -57.0 1279
0 5.82913 -56.5 1288
0 5.76777 -57.0 1297
0 5.79231 -57.0 1307
0 5.79231 -56.5 1316
0 5.77390 -56.5 1325
0 5.79231 -57.0 1334
0 5.74936 -57.0 1344
0 5.78618 -56.5 1353
0 5.78618 -56.5 1363
0 5.82299 -56.5 1372
0 5.78618 -56.5 1381
0 5.77390 -56.5 1391
0 5.79231 -56.5 1400
0 5.78618 -56.5 1409
0 5.81072 -57.0 1418
0 5.77390 -57.0 1428
0 5.76163 -56.5 1437
0 5.79231 -56.5 1447
0 5.78004 -56.5 1456
0 5.76777 -56.5 1465
0 5.81072 -57.0 1475
0 5.79231 -57.0 1484
0 5.82913 -56.5 1493
0 5.79231 -57.0 1503
0 5.77390 -56.5 1512
0 5.79231 -57.0 1521
0 5.83526 -56.5 1530
0 5.82299 -57.0 1540
0 5.74322 -56.5 1549
0 5.79231 -56.5 1558
0 5.80458 -57.0 1568
0 5.78004 -57.0 1577
0 5.80458 -56.5 1586
0 5.74322 -57.0 1596
0 5.78004 -57.0 1605
0 5.81686 -57.0 1614
0 5.82299 -56.5 1624
0 5.81072 -57.0 1633
0 5.77390 -56.5 1642
0 5.79231 -56.5 1651
0 5.81072 -57.0 1661
0 5.76163 -56.5 1670
0 5.81686 -57.0 1680
0 5.79231 -56.5 1689
0 5.78618 -57.0 1698
0 5.79231 -56.5 1707
0 5.77390 -56.5 1717
0 5.78004 -57.0 1726
0 5.78004 -57.0 1735
0 5.81072 -57.0 1745
0 5.80458 -57.0 1754
0 5.76163 -57.0 1763
0 5.76777 -57.0 1772
0 5.78004 -56.5 1782
0 5.78618 -57.0 1791
0 5.79845 -57.0 1800
0 5.78618 -57.0 1810
0 5.78004 -56.5 1819
0 5.81072 -57.0 1828
0 5.75550 -57.0 1837
0 5.79231 -56.5 1847
0 5.79231 -56.5 1856
0 5.78004 -56.5 1865
0 5.78004 -57.0 1874
0 5.77390 -56.5 1884
0 5.77390 -57.0 1902
0 5.75550 -56.5 1911
0 5.78004 -56.5 1920
0 5.76777 -57.0 1930
0 5.79845 -57.0 1939
0 5.80458 -57.0 1948
0 5.75550 -56.5 1957
0 5.76777 -56.5 1967
0 5.79231 -56.5 1976
0 5.79845 -57.0 1985
0 5.81686 -56.5 1994
0 5.76777 -57.0 2004
