0 5.72482 -52.0 0
0 5.72482 -52.0 10
0 5.74936 -52.0 19
0 5.75550 -52.0 28
0 5.72482 -52.0 37
0 5.74322 -52.0 47
0 5.74322 -52.0 56
0 5.72482 -52.0 65
0 5.75550 -52.0 74
0 5.76777 -52.5 83
0 5.74322 -52.0 93
0 5.76777 -52.0 102
0 5.73095 -52.0 111
0 5.74936 -52.5 120
0 5.74936 -52.0 130
0 5.71868 -52.5 139
0 5.75550 -52.0 148
0 5.75550 -52.0 157
0 5.76777 -52.0 167
0 5.76777 -52.5 176
0 5.73095 -52.0 185
0 5.74936 -52.5 194
0 5.73095 -52.0 204
0 5.74322 -52.5 213
0 5.75550 -52.0 223
0 5.74322 -52.0 232
0 5.73709 -52.5 241
0 5.75550 -52.0 250
0 5.73095 -52.0 260
0 5.74322 -52.5 269
0 5.76163 -52.0 278
0 5.77390 -52.0 287
0 5.73095 -52.0 296
0 5.73095 -52.0 306
0 5.74322 -52.0 315
0 5.74936 -52.0 325
0 5.74936 -52.5 334
0 5.73709 -52.0 343
0 5.73709 -52.5 352
0 5.74936 -52.0 362
0 5.75550 -52.0 371
0 5.74936 -52.0 380
0 5.74936 -52.0 389
0 5.76163 -52.0 399
0 5.74322 -52.0 408
0 5.76163 -52.0 417
0 5.76777 -52.5 427
0 5.77390 -52.0 436
0 5.73709 -52.0 445
0 5.73709 -52.5 454
0 5.75550 -52.0 464
0 5.74322 -52.0 473
0 5.73709 -52.0 482
0 5.73709 -52.5 491
0 5.74322 -52.0 501
0 5.76163 -52.5 510
0 5.74322 -52.5 519
0 5.73095 -52.0 529
0 5.74936 -52.0 537
0 5.75550 -52.5 547
0 5.76163 -52.0 556
0 5.73095 -52.0 566
0 5.73709 -52.0 575
0 5.74322 -52.5 584
0 5.73709 -52.5 593
0 5.73709 -52.0 603
0 5.76163 -52.5 612
0 5.74322 -52.0 621
0 5.75550 -52.0 630
0 5.74936 -52.5 639
0 5.74936 -52.0 649
0 5.78618 -52.5 658
0 5.73095 -52.5 667
0 5.74936 -52.5 677
0 5.74936 -52.0 686
0 5.74936 -52.0 695
0 5.75550 -52.5 705
0 5.73095 -52.5 713
0 5.74322 -52.0 723
0 5.73709 -52.5 732
0 5.77390 -52.0 742
0 5.76777 -52.0 751
0 5.74322 -52.5 760
0 5.76163 -52.0 769
0 5.73095 -52.0 778
0 5.73095 -52.0 788
0 5.74322 -52.0 797
0 5.74322 -52.0 807
0 5.73709 -52.0 816
0 5.73709 -52.0 825
0 5.76777 -52.0 834
0 5.74322 -52.5 844
0 5.76777 -52.0 853
0 5.75550 -52.5 862
0 5.74936 -52.5 871
0 5.73095 -52.0 881
0 5.73095 -52.0 890
0 5.74936 -52.0 899
0 5.74322 -52.0 908
0 5.74322 -52.5 917
0 5.73709 -52.5 927
0 5.76777 -52.0 936
0 5.73709 -52.0 945
0 5.74322 -52.0 955
0 5.74322 -52.0 964
0 5.71254 -52.5 973
0 5.74936 -52.0 982
0 5.74322 -52.5 992
0 5.74936 -52.0 1001
0 5.74322 -52.5 1010
0 5.73095 -52.0 1020
0 5.73709 -52.0 1029
0 5.74936 -52.0 1038
0 5.72482 -52.0 1047
0 5.73709 -52.0 1057
0 5.73709 -52.0 1066
0 5.74322 -52.5 1075
0 5.75550 -52.0 1084
0 5.75550 -52.0 1094
0 5.73095 -52.0 1103
0 5.74322 -52.0 1112
0 5.73709 -52.5 1123
0 5.74936 -52.0 1132
0 5.74936 -52.0 1141
0 5.74322 -52.0 1150
0 5.73095 -52.5 1160
0 5.75550 -52.0 1169
0 5.73095 -52.0 1179
0 5.74322 -52.0 1188
0 5.74936 -52.0 1197
0 5.78618 -52.0 1206
0 5.76163 -52.0 1216
0 5.74322 -52.5 1225
0 5.73095 -52.5 1235
0 5.78004 -52.0 1244
0 5.73095 -52.0 1253
0 5.72482 -52.0 1262
0 5.73095 -52.0 1272
0 5.73709 -52.0 1281
0 5.75550 -52.0 1290
0 5.74322 -52.5 1299
0 5.73709 -52.0 1309
0 5.74322 -52.0 1318
0 5.73709 -52.0 1327
0 5.75550 -52.0 1336
0 5.77390 -52.0 1346
0 5.72482 -52.5 1355
0 5.75550 -52.0 1364
0 5.72482 -52.0 1373
0 5.73095 -52.5 1383
0 5.74322 -52.0 1392
0 5.73709 -52.0 1401
0 5.72482 -52.0 1410
0 5.74322 -52.0 1419
0 5.75550 -52.0 1429
0 5.75550 -52.0 1438
0 5.73095 -52.5 1447
0 5.72482 -52.5 1456
0 5.75550 -52.5 1466
0 5.74322 -52.0 1475
0 5.74322 -52.5 1484
0 5.72482 -52.0 1493
0 5.74322 -52.0 1503
0 5.74322 -52.5 1512
0 5.74322 -52.0 1521
0 5.74322 -52.0 1531
0 5.74936 -52.5 1540
0 5.74322 -52.0 1549
0 5.74322 -52.0 1559
0 5.74936 -52.0 1568
0 5.76163 -52.0 1577
0 5.76777 -52.0 1586
0 5.73709 -52.0 1596
0 5.72482 -52.0 1605
0 5.74322 -52.5 1614
0 5.76777 -52.5 1624
0 5.74322 -52.5 1633
0 5.74322 -52.0 1642
0 5.74322 -52.5 1653
0 5.74936 -52.5 1662
0 5.76163 -52.0 1672
0 5.73709 -52.0 1681
0 5.73095 -52.0 1690
0 5.74322 -52.0 1699
0 5.74936 -52.0 1708
0 5.74322 -52.0 1718
0 5.73095 -52.0 1727
0 5.74936 -52.0 1736
0 5.74322 -52.0 1745
0 5.74936 -52.0 1755
0 5.73709 -52.0 1764
0 5.74322 -52.0 1773
0 5.73095 -52.5 1783
0 5.74322 -52.5 1792
0 5.74936 -52.0 1801
0 5.73709 -52.0 1810
0 5.72482 -52.5 1820
0 5.74936 -52.0 1829
0 5.73095 -52.5 1838
0 5.76163 -52.5 1848
0 5.74322 -52.0 1857
0 5.75550 -52.5 1866
0 5.74322 -52.0 1876
0 5.74936 -52.0 1885
0 5.74322 -52.0 1900
0 5.72482 -52.0 1910
0 5.75550 -52.0 1919
0 5.74936 -52.0 1928
0 5.73095 -52.0 1937
0 5.73709 -52.5 1946
0 5.73095 -52.0 1956
0 5.73709 -52.5 1965
0 5.75550 -52.0 1974
0 5.74322 -52.0 1983
0 5.76163 -52.5 1993
0 5.74936 -52.0 2002
