0 5.78004 -49.5 0
0 5.80458 -49.5 9
0 5.77390 -49.5 18
0 5.78618 -49.5 28
0 5.77390 -49.5 37
0 5.78004 -49.5 46
0 5.79845 -49.5 55
0 5.79231 -49.5 65
0 5.76163 -49.5 74
0 5.78618 -49.5 83
0 5.77390 -50.0 92
0 5.78004 -49.5 102
0 5.81686 -49.5 112
0 5.76777 -49.5 121
0 5.79231 -49.5 130
0 5.78004 -49.5 139
0 5.78618 -49.5 149
0 5.78618 -49.5 158
0 5.78004 -49.5 167
0 5.80458 -49.5 177
0 5.79845 -49.5 186
0 5.80458 -49.5 195
0 5.77390 -49.5 204
0 5.80458 -49.5 214
0 5.77390 -49.5 223
0 5.78618 -49.5 232
0 5.80458 -49.5 242
0 5.79231 -49.5 251
0 5.81072 -49.5 260
0 5.75550 -49.5 270
0 5.78618 -49.5 279
0 5.77390 -49.5 288
0 5.79231 -49.5 297
0 5.82299 -49.5 307
0 5.78004 -49.5 316
0 5.78618 -49.5 325
0 5.78004 -49.5 335
0 5.77390 -49.5 344
0 5.78004 -49.5 353
0 5.78004 -49.5 363
0 5.81686 -49.5 372
0 5.81072 -49.5 381
0 5.81072 -49.5 390
0 5.79231 -49.5 400
0 5.79231 -49.5 409
0 5.80458 -49.5 419
0 5.81072 -50.0 428
0 5.79845 -49.5 437
0 5.78004 -49.5 446
0 5.81072 -49.5 455
0 5.75550 -49.5 465
0 5.77390 -49.5 474
0 5.79845 -49.5 483
0 5.81686 -49.5 493
0 5.78004 -49.5 502
0 5.78618 -49.5 512
0 5.78618 -49.5 521
0 5.78004 -49.5 530
0 5.79845 -49.5 540
0 5.78004 -49.5 549
0 5.78004 -49.5 558
0 5.80458 -49.5 567
0 5.76777 -49.5 577
0 5.78004 -49.5 586
0 5.78618 -49.5 595
0 5.80458 -49.5 605
0 5.77390 -49.5 614
0 5.80458 -49.5 624
0 5.78004 -49.5 633
0 5.80458 -49.5 642
0 5.77390 -49.5 651
0 5.78004 -49.5 661
0 5.78618 -49.5 670
0 5.80458 -49.5 679
0 5.78618 -49.5 688
0 5.78004 -49.5 698
0 5.77390 -49.5 707
0 5.78618 -49.5 716
0 5.79845 -49.5 726
0 5.78004 -49.5 735
0 5.78004 -49.5 744
0 5.78618 -49.5 753
0 5.79231 -49.5 763
0 5.79845 -49.5 772
0 5.81686 -49.5 781
0 5.82913 -49.5 791
0 5.79231 -49.5 800
0 5.79845 -49.5 809
0 5.80458 -49.5 819
0 5.78004 -49.5 828
0 5.79845 -49.5 837
0 5.77390 -49.5 846
0 5.79845 -49.5 856
0 5.82299 -49.5 865
0 5.78618 -49.5 874
0 5.79231 -49.5 883
0 5.78618 -49.5 893
0 5.80458 -49.5 903
0 5.79845 -49.5 912
0 5.79231 -49.5 921
0 5.78618 -49.5 930
0 5.78004 -49.5 940
0 5.78004 -49.5 949
0 5.79231 -49.5 958
0 5.77390 -49.5 967
0 5.76777 -49.5 977
0 5.77390 -49.5 986
0 5.78618 -49.5 995
0 5.79231 -49.5 1004
0 5.78004 -50.0 1014
0 5.80458 -49.5 1023
0 5.81072 -49.5 1032
0 5.80458 -49.5 1041
0 5.78618 -49.5 1051
0 5.79845 -49.5 1060
0 5.79231 -49.5 1069
0 5.79845 -49.5 1078
0 5.79845 -49.5 1088
0 5.79845 -49.5 1097
0 5.80458 -49.5 1106
0 5.79231 -49.5 1115
0 5.81072 -49.5 1125
0 5.78618 -49.5 1134
0 5.81072 -49.5 1143
0 5.78004 -49.5 1153
0 5.79231 -49.5 1162
0 5.76163 -49.5 1171
0 5.80458 -49.5 1180
0 5.78004 -49.5 1190
0 5.76777 -49.5 1199
0 5.78004 -49.5 1208
0 5.78004 -49.5 1217
0 5.79231 -49.5 1227
0 5.78004 -49.5 1236
0 5.78618 -49.5 1245
0 5.78004 -49.5 1254
0 5.79231 -49.5 1264
0 5.78004 -50.0 1273
0 5.79845 -49.5 1282
0 5.79845 -49.5 1292
0 5.80458 -49.5 1301
0 5.82913 -49.5 1310
0 5.78618 -49.5 1319
0 5.79231 -49.5 1328
0 5.78618 -49.5 1337
0 5.79231 -49.5 1347
0 5.79231 -49.5 1356
0 5.78618 -49.5 1365
0 5.78618 -49.5 1374
0 5.76777 -49.5 1384
0 5.79231 -49.5 1393
0 5.79231 -49.5 1402
0 5.78618 -49.5 1412
0 5.79231 -49.5 1421
0 5.78618 -49.5 1430
0 5.78618 -49.5 1439
0 5.79231 -49.5 1449
0 5.79231 -49.5 1458
0 5.76777 -49.5 1467
0 5.76163 -49.5 1476
0 5.79845 -49.5 1485
0 5.82913 -49.5 1495
0 5.81072 -49.5 1504
0 5.78618 -49.5 1513
0 5.76777 -49.5 1523
0 5.79231 -49.5 1532
0 5.77390 -49.5 1541
0 5.79231 -49.5 1550
0 5.78618 -49.5 1559
0 5.80458 -49.5 1569
0 5.79845 -49.5 1578
0 5.78618 -49.5 1587
0 5.81072 -49.5 1596
0 5.80458 -49.5 1606
0 5.79231 -49.5 1615
0 5.81686 -49.5 1624
0 5.81072 -49.5 1634
0 5.78004 -49.5 1643
0 5.79231 -49.5 1652
0 5.81072 -49.5 1662
0 5.80458 -49.5 1671
0 5.78618 -49.5 1681
0 5.78618 -49.5 1690
0 5.77390 -49.5 1699
0 5.78618 -49.5 1708
0 5.79845 -49.5 1717
0 5.77390 -49.5 1726
0 5.78618 -49.5 1736
0 5.77390 -49.5 1745
0 5.81686 -49.5 1754
0 5.77390 -49.5 1763
0 5.78004 -49.5 1773
0 5.77390 -49.5 1782
0 5.79231 -49.5 1791
0 5.78618 -49.5 1801
0 5.78618 -49.5 1810
0 5.78618 -49.5 1819
0 5.79231 -49.5 1828
0 5.81072 -49.5 1838
0 5.79845 -49.5 1847
0 5.79845 -49.5 1856
0 5.79845 -49.5 1866
0 5.80458 -49.5 1875
0 5.77390 -49.5 1884
0 5.76777 -49.5 1900
0 5.79231 -49.5 1910
0 5.78618 -49.5 1919
0 5.81072 -49.5 1928
0 5.79231 -49.5 1937
0 5.78004 -49.5 1947
0 5.78004 -49.5 1956
0 5.77390 -49.5 1966
0 5.76777 -49.5 1975
0 5.80458 -49.5 1984
0 5.78618 -49.5 1993
