0 5.81072 -48.5 0
0 5.78004 -48.5 9
0 5.78618 -48.5 18
0 5.78004 -48.5 28
0 5.79231 -48.0 37
0 5.79231 -48.5 46
0 5.76777 -48.0 55
0 5.82299 -48.5 65
0 5.78618 -48.5 74
0 5.78618 -48.5 83
0 5.78618 -48.0 93
0 5.80458 -48.0 102
0 5.80458 -48.5 111
0 5.78618 -48.5 120
0 5.78004 -48.0 130
0 5.78618 -48.5 139
0 5.79845 -48.5 148
0 5.78004 -48.5 158
0 5.78618 -48.0 167
0 5.76777 -48.5 176
0 5.78004 -48.5 185
0 5.79845 -48.5 195
0 5.78004 -48.0 204
0 5.79845 -48.5 213
0 5.79845 -48.0 222
0 5.78004 -48.0 232
0 5.79231 -48.0 241
0 5.77390 -48.0 250
0 5.79845 -48.5 260
0 5.79845 -48.5 269
0 5.78618 -48.0 278
0 5.78618 -48.5 288
0 5.79231 -48.5 297
0 5.78618 -48.0 306
0 5.78004 -48.0 315
0 5.78618 -48.5 325
0 5.78618 -48.5 334
0 5.77390 -48.0 343
0 5.78004 -48.0 352
0 5.78618 -48.0 362
0 5.77390 -48.5 371
0 5.79231 -48.5 381
0 5.78004 -48.5 390
0 5.79845 -48.0 399
0 5.79845 -48.5 408
0 5.78618 -48.5 418
0 5.79845 -48.0 427
0 5.78618 -48.0 436
0 5.79231 -48.5 446
0 5.79231 -48.0 455
0 5.81072 -48.5 464
0 5.80458 -48.5 473
0 5.78004 -48.0 483
0 5.78618 -48.0 492
0 5.80458 -48.0 502
0 5.79231 -48.5 511
0 5.80458 -48.0 520
0 5.80458 -48.5 529
0 5.81072 -48.0 539
0 5.79231 -48.5 548
0 5.79845 -48.0 557
0 5.78004 -48.5 567
0 5.80458 -48.5 576
0 5.78004 -48.5 585
0 5.80458 -48.5 594
0 5.78004 -48.5 604
0 5.79231 -48.0 613
0 5.78004 -48.5 622
0 5.78618 -48.5 631
0 5.79845 -48.0 641
0 5.77390 -48.0 650
0 5.79231 -48.0 659
0 5.80458 -48.5 669
0 5.78004 -48.0 678
0 5.79231 -48.5 687
0 5.78618 -48.5 696
0 5.76163 -48.0 705
0 5.79231 -48.5 715
0 5.79231 -48.5 724
0 5.79231 -48.0 733
0 5.80458 -48.5 743
0 5.79845 -48.5 752
0 5.79845 -48.5 761
0 5.80458 -48.0 770
0 5.80458 -48.0 779
0 5.79231 -48.0 789
0 5.78004 -48.5 798
0 5.78618 -48.5 808
0 5.79845 -48.0 817
0 5.79845 -48.5 826
0 5.78618 -48.5 835
0 5.80458 -48.5 844
0 5.80458 -48.5 854
0 5.79845 -48.5 863
0 5.79845 -48.5 872
0 5.79845 -48.5 882
0 5.78004 -48.5 891
0 5.79231 -48.0 900
0 5.79231 -48.5 910
0 5.78618 -48.5 919
0 5.78618 -48.5 928
0 5.80458 -48.5 937
0 5.79231 -48.5 947
0 5.77390 -48.5 956
0 5.78004 -48.5 966
0 5.78618 -48.5 975
0 5.78618 -48.5 984
0 5.78618 -48.5 993
0 5.78004 -48.0 1003
0 5.79231 -48.0 1012
0 5.79845 -48.0 1021
0 5.78618 -48.5 1031
0 5.78618 -48.0 1040
0 5.77390 -48.0 1049
0 5.78618 -48.0 1058
0 5.77390 -48.0 1068
0 5.78618 -48.5 1077
0 5.78004 -48.5 1086
0 5.78004 -48.5 1096
0 5.79231 -48.0 1105
0 5.78004 -48.5 1114
0 5.79231 -48.5 1124
0 5.78618 -48.5 1133
0 5.78618 -48.0 1142
0 5.78004 -48.0 1151
0 5.78618 -48.5 1161
0 5.79231 -48.0 1170
0 5.78004 -48.5 1179
0 5.76777 -48.0 1188
0 5.76777 -48.0 1198
0 5.81072 -48.0 1207
0 5.79845 -48.5 1216
0 5.79231 -48.0 1225
0 5.80458 -48.5 1235
0 5.78618 -48.5 1244
0 5.79231 -48.5 1253
0 5.80458 -48.0 1262
0 5.78618 -48.5 1272
0 5.79231 -48.0 1281
0 5.79231 -48.0 1290
0 5.79231 -48.5 1299
0 5.78004 -48.5 1309
0 5.79231 -48.0 1318
0 5.78618 -48.5 1327
0 5.77390 -48.0 1336
0 5.79231 -48.5 1346
0 5.79231 -48.5 1355
0 5.78618 -48.5 1365
0 5.79231 -48.5 1374
0 5.77390 -48.5 1383
0 5.79231 -48.0 1393
0 5.78618 -48.5 1402
0 5.77390 -48.0 1412
0 5.78618 -48.0 1421
0 5.80458 -48.5 1430
0 5.78004 -48.5 1439
0 5.78618 -48.5 1449
0 5.79845 -48.5 1458
0 5.78004 -48.5 1467
0 5.79845 -48.5 1476
0 5.78004 -48.0 1486
0 5.77390 -48.5 1495
0 5.78618 -48.5 1504
0 5.77390 -48.5 1514
0 5.78618 -48.0 1523
0 5.78618 -48.0 1533
0 5.78618 -48.5 1542
0 5.79231 -48.5 1551
0 5.79231 -48.5 1560
0 5.79231 -48.5 1569
0 5.79845 -48.0 1579
0 5.78618 -48.5 1588
0 5.80458 -48.5 1597
0 5.82299 -48.5 1607
0 5.79231 -48.5 1616
0 5.79231 -48.5 1625
0 5.80458 -48.5 1634
0 5.81686 -48.5 1644
0 5.78618 -48.0 1653
0 5.79231 -48.0 1663
0 5.79845 -48.0 1672
0 5.80458 -48.0 1681
0 5.79845 -48.0 1690
0 5.78618 -48.0 1700
0 5.79845 -48.0 1709
0 5.79845 -48.5 1719
0 5.79231 -48.5 1729
0 5.80458 -48.0 1739
0 5.81072 -48.0 1748
0 5.78618 -48.0 1757
0 5.79845 -48.0 1766
0 5.81686 -48.5 1776
0 5.78004 -48.5 1785
0 5.79845 -48.0 1794
0 5.78618 -48.5 1803
0 5.78618 -48.5 1813
0 5.79231 -48.5 1822
0 5.79845 -48.0 1831
0 5.79845 -48.5 1840
0 5.80458 -48.5 1850
0 5.79231 -48.5 1859
0 5.76777 -48.0 1868
0 5.81072 -48.5 1878
0 5.78618 -48.5 1906
0 5.77390 -48.5 1914
0 5.79845 -48.5 1924
0 5.79845 -48.5 1933
0 5.81072 -48.5 1943
0 5.79231 -48.5 1952
0 5.79231 -48.5 1961
0 5.78004 -48.5 1970
0 5.78618 -48.0 1980
0 5.79231 -48.5 1989
0 5.78618 -48.5 1998
0 5.78618 -48.0 2007
