0 5.79845 -47.0 0
0 5.76777 -47.0 9
0 5.79231 -47.5 19
0 5.77390 -47.5 28
0 5.78004 -47.5 37
0 5.77390 -47.5 47
0 5.78004 -47.5 56
0 5.79845 -47.5 65
0 5.77390 -47.5 74
0 5.78004 -47.5 83
0 5.79231 -47.0 93
0 5.78618 -47.0 102
0 5.80458 -47.5 111
0 5.79845 -47.0 121
0 5.79231 -47.5 130
0 5.80458 -47.0 139
0 5.81686 -47.5 148
0 5.79845 -47.0 158
0 5.78618 -47.0 167
0 5.79231 -47.0 176
0 5.79231 -47.5 186
0 5.80458 -47.0 195
0 5.78618 -47.0 204
0 5.79231 -47.5 213
0 5.81686 -47.5 223
0 5.81072 -47.5 232
0 5.79231 -47.5 242
0 5.79845 -47.0 251
0 5.79231 -47.5 260
0 5.81686 -47.5 269
0 5.81686 -47.0 278
0 5.80458 -47.5 288
0 5.78618 -47.5 297
0 5.81072 -47.0 306
0 5.79231 -47.5 315
0 5.81686 -47.5 324
0 5.79845 -47.5 334
0 5.81072 -47.5 343
0 5.80458 -47.0 353
0 5.81686 -47.0 362
0 5.81686 -47.0 371
0 5.79231 -47.0 381
0 5.80458 -47.0 390
0 5.81686 -47.0 399
0 5.81686 -47.0 408
0 5.80458 -47.5 418
0 5.81072 -47.0 427
0 5.81686 -47.0 436
0 5.80458 -47.0 445
0 5.79845 -47.5 455
0 5.79231 -47.0 464
0 5.81072 -47.5 473
0 5.80458 -47.5 482
0 5.79845 -47.0 492
0 5.81686 -47.5 501
0 5.79231 -47.5 510
0 5.82299 -47.5 519
0 5.80458 -47.5 529
0 5.79845 -47.0 538
0 5.81072 -47.5 547
0 5.81686 -47.0 556
0 5.81072 -47.5 566
0 5.79231 -47.0 576
0 5.81686 -47.0 585
0 5.80458 -47.0 594
0 5.81072 -47.0 603
0 5.78004 -47.0 613
0 5.82913 -47.0 623
0 5.80458 -47.0 632
0 5.80458 -47.5 641
0 5.79231 -47.0 650
0 5.79845 -47.5 660
0 5.82299 -47.5 669
0 5.79231 -47.5 678
0 5.79845 -47.0 687
0 5.80458 -47.0 697
0 5.79845 -47.5 706
0 5.82299 -47.5 715
0 5.80458 -47.5 724
0 5.80458 -47.0 734
0 5.80458 -47.5 743
0 5.82299 -47.0 752
0 5.81686 -47.5 761
0 5.81686 -47.5 771
0 5.84140 -47.0 780
0 5.80458 -47.5 789
0 5.81072 -47.5 799
0 5.79231 -47.5 808
0 5.79845 -47.0 817
0 5.81072 -47.5 826
0 5.80458 -47.5 836
0 5.81072 -47.0 845
0 5.80458 -47.0 854
0 5.81686 -47.5 863
0 5.81072 -47.0 872
0 5.80458 -47.0 882
0 5.81072 -47.0 891
0 5.80458 -47.0 900
0 5.81686 -47.0 909
0 5.81072 -47.5 919
0 5.80458 -47.5 928
0 5.81072 -47.0 937
0 5.80458 -47.0 946
0 5.80458 -47.0 956
0 5.82913 -47.0 966
0 5.82299 -47.0 975
0 5.81686 -47.0 985
0 5.81686 -47.0 994
0 5.81072 -47.0 1003
0 5.82913 -47.0 1012
0 5.79231 -47.5 1022
0 5.79845 -47.5 1031
0 5.81072 -47.0 1040
0 5.81072 -47.0 1050
0 5.81072 -47.0 1059
0 5.81072 -47.5 1068
0 5.81072 -47.5 1077
0 5.80458 -47.0 1087
0 5.81072 -47.0 1096
0 5.81072 -47.0 1105
0 5.80458 -47.5 1115
0 5.79845 -47.0 1124
0 5.80458 -47.0 1133
0 5.79231 -47.0 1142
0 5.79845 -47.0 1152
0 5.81072 -47.0 1161
0 5.80458 -47.0 1170
0 5.80458 -47.0 1180
0 5.79845 -47.5 1189
0 5.81686 -47.5 1198
0 5.78618 -47.5 1207
0 5.79231 -47.5 1217
0 5.81072 -47.0 1226
0 5.79845 -47.0 1235
0 5.80458 -47.0 1244
0 5.79845 -47.5 1253
0 5.81072 -47.0 1263
0 5.81686 -47.5 1272
0 5.78618 -47.5 1281
0 5.79231 -47.5 1291
0 5.81072 -47.0 1300
0 5.78618 -47.5 1309
0 5.82299 -47.0 1319
0 5.82299 -47.0 1328
0 5.81072 -47.0 1337
0 5.82913 -47.0 1346
0 5.80458 -47.0 1355
0 5.79845 -47.0 1365
0 5.81072 -47.0 1374
0 5.81686 -47.0 1383
0 5.78618 -47.0 1392
0 5.80458 -47.0 1402
0 5.80458 -47.0 1411
0 5.80458 -47.0 1420
0 5.81686 -47.0 1430
0 5.83526 -47.0 1439
0 5.82299 -47.5 1449
0 5.79845 -47.5 1458
0 5.79845 -47.5 1467
0 5.81072 -47.5 1476
0 5.81686 -47.5 1485
0 5.81072 -47.0 1495
0 5.81686 -47.5 1504
0 5.80458 -47.5 1513
0 5.81072 -47.5 1523
0 5.79845 -47.0 1533
0 5.79231 -47.0 1543
0 5.80458 -47.5 1552
0 5.82299 -47.0 1562
0 5.79845 -47.5 1571
0 5.81072 -47.0 1580
0 5.80458 -47.0 1589
0 5.82299 -47.5 1599
0 5.82299 -47.0 1608
0 5.79231 -47.0 1618
0 5.81072 -47.5 1627
0 5.82299 -47.0 1636
0 5.80458 -47.0 1646
0 5.81072 -47.0 1655
0 5.81072 -47.0 1664
0 5.80458 -47.0 1675
0 5.80458 -47.0 1684
0 5.81072 -47.0 1693
0 5.79845 -47.5 1703
0 5.82299 -47.5 1712
0 5.81686 -47.0 1721
0 5.78618 -47.0 1731
0 5.79845 -47.0 1740
0 5.81072 -47.5 1749
0 5.81072 -47.5 1759
0 5.80458 -47.0 1768
0 5.81072 -47.5 1777
0 5.81072 -47.0 1787
0 5.82299 -47.0 1796
0 5.81686 -47.5 1805
0 5.82913 -47.0 1815
0 5.82299 -47.0 1824
0 5.80458 -47.5 1834
0 5.80458 -47.5 1843
0 5.79845 -47.5 1852
0 5.81686 -47.0 1862
0 5.79845 -47.0 1871
0 5.81072 -47.0 1880
0 5.80458 -47.5 1907
0 5.78004 -47.5 1918
0 5.81072 -47.5 1927
0 5.79231 -47.5 1936
0 5.80458 -47.5 1946
0 5.79845 -47.5 1955
0 5.79231 -47.5 1964
0 5.78618 -47.5 1974
0 5.79231 -47.5 1983
0 5.81686 -47.0 0
0 5.79231 -47.5 10
0 5.82299 -47.0 19
0 5.79231 -47.5 28
0 5.79845 -47.0 37
0 5.82299 -47.5 46
0 5.82299 -47.5 56
0 5.78004 -47.0 65
0 5.80458 -47.0 74
0 5.81072 -47.0 83
0 5.80458 -47.5 92
0 5.81072 -47.0 102
0 5.79845 -47.0 111
0 5.79231 -47.0 121
0 5.79231 -47.0 130
0 5.79231 -47.0 139
0 5.79231 -47.0 149
0 5.79845 -47.0 158
0 5.82913 -47.0 167
0 5.81686 -47.0 177
0 5.82913 -47.0 186
0 5.79231 -47.5 195
0 5.82299 -47.5 204
0 5.80458 -47.0 214
0 5.78004 -47.0 223
0 5.80458 -47.5 232
0 5.82299 -47.0 242
0 5.82299 -47.0 251
0 5.79845 -47.0 260
0 5.81686 -47.5 270
0 5.81072 -47.5 279
0 5.80458 -47.0 288
0 5.81072 -47.0 298
0 5.82913 -47.5 307
0 5.81072 -47.5 316
0 5.81072 -47.5 326
0 5.80458 -47.5 335
0 5.79231 -47.0 344
0 5.84140 -47.5 353
0 5.84753 -47.0 363
0 5.82299 -47.5 372
0 5.81686 -47.0 381
0 5.79845 -47.0 391
0 5.82299 -47.0 400
0 5.82913 -47.0 409
0 5.81686 -47.0 418
0 5.81686 -47.5 428
0 5.80458 -47.0 437
0 5.85981 -47.0 446
0 5.79231 -47.0 455
0 5.81072 -47.0 464
0 5.81686 -47.0 474
0 5.82913 -47.5 483
0 5.83526 -47.0 493
0 5.79845 -47.0 502
0 5.79845 -47.0 511
0 5.81686 -47.0 520
0 5.82299 -47.5 530
0 5.83526 -47.0 539
0 5.82299 -47.5 548
0 5.82299 -47.0 557
0 5.82299 -47.0 567
0 5.81072 -47.0 576
0 5.80458 -47.0 586
0 5.81686 -47.0 595
0 5.81686 -47.0 604
0 5.80458 -47.0 614
0 5.83526 -47.0 623
0 5.82299 -47.5 632
0 5.81072 -47.0 641
0 5.81686 -47.5 651
0 5.82299 -47.0 660
0 5.81072 -47.0 669
0 5.81072 -47.0 679
0 5.81072 -47.5 688
0 5.81072 -47.5 697
0 5.81072 -47.0 706
0 5.81686 -47.0 716
0 5.82299 -47.0 725
0 5.83526 -47.5 735
0 5.79231 -47.0 744
0 5.81072 -47.0 753
0 5.81686 -47.0 763
0 5.82299 -47.0 772
0 5.80458 -47.0 781
0 5.81072 -47.0 790
0 5.81072 -47.0 800
0 5.82913 -47.0 809
0 5.82299 -47.0 818
0 5.82299 -47.0 827
0 5.82299 -47.0 836
0 5.82913 -47.0 846
0 5.80458 -47.0 855
0 5.81686 -47.0 864
0 5.82913 -47.0 874
0 5.81686 -47.0 883
0 5.81072 -47.0 892
0 5.82299 -47.5 902
0 5.80458 -47.0 911
0 5.84140 -47.0 920
0 5.81686 -47.0 930
0 5.81686 -47.0 939
0 5.82299 -47.5 948
0 5.81686 -47.0 957
0 5.81072 -47.0 967
0 5.81686 -47.5 976
0 5.81072 -47.0 985
0 5.81686 -47.5 994
0 5.81686 -47.0 1004
0 5.81686 -47.0 1013
0 5.83526 -47.5 1023
0 5.82299 -47.0 1032
0 5.80458 -47.0 1041
0 5.81686 -47.0 1050
0 5.82299 -47.0 1059
0 5.81072 -47.0 1069
0 5.83526 -47.5 1078
0 5.82913 -47.0 1087
0 5.80458 -47.0 1096
0 5.82299 -47.5 1106
0 5.80458 -47.5 1115
0 5.81686 -47.0 1124
0 5.82299 -47.5 1134
0 5.82913 -47.0 1143
0 5.82913 -47.0 1152
0 5.84753 -47.5 1161
0 5.81686 -47.5 1171
0 5.81686 -47.5 1180
0 5.82913 -47.5 1189
0 5.80458 -47.5 1199
0 5.81072 -47.0 1208
0 5.82299 -47.5 1217
0 5.81072 -47.0 1226
0 5.81686 -47.0 1235
0 5.82299 -47.0 1245
0 5.81072 -47.0 1254
0 5.80458 -47.0 1263
0 5.81072 -47.0 1272
0 5.83526 -47.5 1282
0 5.81072 -47.0 1291
0 5.82913 -47.5 1300
0 5.82913 -47.0 1309
0 5.82299 -47.0 1319
0 5.82299 -47.0 1328
0 5.84140 -47.5 1337
0 5.79845 -47.0 1347
0 5.82299 -47.0 1357
0 5.82913 -47.0 1367
0 5.82299 -47.0 1376
0 5.82299 -47.0 1385
0 5.81686 -47.5 1395
0 5.82299 -47.0 1404
0 5.81072 -47.0 1414
0 5.83526 -47.0 1423
0 5.82299 -47.0 1432
0 5.82299 -47.5 1441
0 5.79231 -47.0 1451
0 5.81072 -47.0 1460
0 5.82913 -47.0 1469
0 5.81072 -47.0 1478
0 5.84140 -48.0 1488
0 5.82913 -47.5 1497
0 5.82913 -47.0 1506
0 5.82913 -47.0 1516
0 5.81686 -47.0 1525
0 5.80458 -47.5 1534
0 5.84140 -47.0 1544
0 5.81072 -47.0 1553
0 5.81686 -47.0 1562
0 5.82913 -47.0 1572
0 5.82299 -47.5 1581
0 5.82913 -47.0 1590
0 5.82913 -47.0 1600
0 5.82913 -47.0 1609
0 5.82913 -47.0 1618
0 5.82299 -47.0 1627
0 5.82913 -47.0 1637
0 5.81686 -47.0 1646
0 5.81686 -47.0 1655
0 5.81072 -47.0 1665
0 5.80458 -47.5 1674
0 5.81686 -47.0 1683
0 5.81686 -47.0 1692
0 5.79845 -47.5 1702
0 5.81686 -47.0 1711
0 5.81686 -47.0 1721
0 5.81072 -47.0 1730
0 5.82299 -47.5 1739
0 5.81686 -47.0 1749
0 5.84140 -47.5 1758
0 5.81072 -47.0 1767
0 5.81686 -47.0 1776
0 5.81072 -47.0 1785
0 5.84753 -47.5 1795
0 5.81686 -47.5 1804
0 5.82913 -47.0 1813
0 5.82299 -47.5 1822
0 5.82913 -47.5 1832
0 5.81072 -47.5 1841
0 5.82299 -47.0 1850
0 5.82913 -48.0 1860
0 5.81072 -47.0 1869
0 5.81072 -47.0 1878
0 5.80458 -47.5 1905
0 5.81072 -47.5 1914
0 5.82913 -47.0 1924
0 5.80458 -47.5 1933
0 5.80458 -47.5 1943
0 5.79845 -47.5 1952
0 5.81072 -47.5 1961
0 5.81072 -47.0 1971
0 5.81686 -47.5 1980
0 5.79845 -47.5 1990
