0 5.74936 -46.5 0
0 5.73709 -47.0 9
0 5.75550 -47.0 19
0 5.73095 -46.5 28
0 5.74322 -47.0 37
0 5.75550 -46.5 47
0 5.76163 -46.5 56
0 5.74936 -47.0 65
0 5.75550 -46.5 74
0 5.76163 -46.5 84
0 5.75550 -46.5 93
0 5.76777 -46.5 102
0 5.75550 -47.0 112
0 5.74322 -46.5 121
0 5.76163 -46.5 130
0 5.74936 -46.5 139
0 5.76163 -47.0 148
0 5.78004 -47.0 157
0 5.75550 -46.5 167
0 5.75550 -46.5 176
0 5.75550 -47.0 185
0 5.74322 -47.0 194
0 5.76777 -46.5 204
0 5.78004 -46.5 213
0 5.75550 -46.5 222
0 5.75550 -46.5 231
0 5.74936 -46.5 241
0 5.76163 -46.5 250
0 5.77390 -46.5 259
0 5.78004 -46.5 269
0 5.75550 -46.5 278
0 5.78004 -46.5 287
0 5.75550 -46.5 296
0 5.75550 -46.5 306
0 5.76163 -46.5 315
0 5.76163 -46.5 324
0 5.74936 -46.5 334
0 5.75550 -46.5 343
0 5.75550 -46.5 352
0 5.78004 -47.0 361
0 5.74936 -46.5 371
0 5.77390 -46.5 380
0 5.75550 -46.5 390
0 5.75550 -46.5 399
0 5.75550 -46.5 408
0 5.76777 -46.5 417
0 5.76163 -46.5 426
0 5.76163 -47.0 436
0 5.74936 -46.5 445
0 5.74936 -46.5 454
0 5.75550 -46.5 464
0 5.76777 -46.5 473
0 5.78004 -46.5 483
0 5.78618 -46.5 492
0 5.74322 -47.0 501
0 5.76777 -46.5 510
0 5.75550 -46.5 519
0 5.76163 -46.5 529
0 5.76777 -46.5 538
0 5.74322 -46.5 547
0 5.75550 -46.5 557
0 5.75550 -46.5 566
0 5.74936 -46.5 575
0 5.78004 -46.5 585
0 5.75550 -46.5 594
0 5.76163 -46.5 604
0 5.76163 -46.5 613
0 5.75550 -46.5 622
0 5.77390 -47.0 632
0 5.74322 -46.5 641
0 5.75550 -47.0 650
0 5.74322 -46.5 659
0 5.74936 -46.5 669
0 5.74936 -46.5 678
0 5.74936 -46.5 687
0 5.76163 -46.5 696
0 5.75550 -46.5 706
0 5.77390 -46.5 715
0 5.75550 -46.5 724
0 5.76777 -46.5 734
0 5.76163 -46.5 743
0 5.75550 -46.5 752
0 5.76163 -46.5 762
0 5.74936 -46.5 771
0 5.74322 -46.5 780
0 5.76163 -46.5 789
0 5.77390 -46.5 798
0 5.76777 -46.5 808
0 5.75550 -46.5 817
0 5.75550 -46.5 826
0 5.76163 -46.5 836
0 5.76777 -46.5 845
0 5.77390 -46.5 854
0 5.76163 -46.5 864
0 5.76163 -46.5 873
0 5.76777 -46.5 882
0 5.76777 -46.5 891
0 5.74936 -46.5 901
0 5.76163 -46.5 910
0 5.75550 -46.5 919
0 5.74936 -46.5 928
0 5.75550 -46.5 937
0 5.77390 -46.5 946
0 5.78004 -46.5 956
0 5.78004 -46.5 965
0 5.77390 -46.5 975
0 5.76163 -46.5 984
0 5.76163 -46.5 993
0 5.76163 -46.5 1003
0 5.76777 -46.5 1012
0 5.76163 -46.5 1021
0 5.74936 -46.5 1031
0 5.76163 -46.5 1040
0 5.75550 -46.5 1049
0 5.76163 -46.5 1059
0 5.79231 -46.5 1068
0 5.77390 -46.5 1077
0 5.76163 -46.5 1086
0 5.76163 -47.0 1095
0 5.76163 -46.5 1105
0 5.76163 -46.5 1114
0 5.77390 -47.0 1124
0 5.76163 -46.5 1133
0 5.77390 -47.0 1142
0 5.76163 -46.5 1152
0 5.76777 -47.0 1161
0 5.76163 -46.5 1170
0 5.75550 -46.5 1179
0 5.76163 -46.5 1189
0 5.76777 -46.5 1197
0 5.76163 -46.5 1207
0 5.76163 -46.5 1216
0 5.76163 -46.5 1225
0 5.75550 -46.5 1235
0 5.76777 -46.5 1244
0 5.75550 -46.5 1253
0 5.76163 -46.5 1263
0 5.74936 -46.5 1272
0 5.76163 -46.5 1281
0 5.77390 -46.5 1290
0 5.76777 -46.5 1300
0 5.76777 -46.5 1309
0 5.76163 -46.5 1318
0 5.75550 -46.5 1328
0 5.76163 -46.5 1337
0 5.76777 -46.5 1346
0 5.76777 -46.5 1355
0 5.76163 -46.5 1365
0 5.75550 -46.5 1374
0 5.77390 -46.5 1383
0 5.76163 -46.5 1392
0 5.78004 -46.5 1402
0 5.76777 -46.5 1412
0 5.76163 -46.5 1421
0 5.76777 -46.5 1430
0 5.76163 -46.5 1440
0 5.74322 -46.5 1449
0 5.76163 -46.5 1458
0 5.76163 -46.5 1467
0 5.75550 -46.5 1476
0 5.74936 -46.5 1486
0 5.74936 -46.5 1495
0 5.76777 -46.5 1504
0 5.77390 -46.5 1514
0 5.76163 -46.5 1523
0 5.74936 -46.5 1533
0 5.76163 -47.0 1542
0 5.77390 -46.5 1551
0 5.76777 -46.5 1560
0 5.74936 -46.5 1570
0 5.76777 -46.5 1579
0 5.74936 -46.5 1588
0 5.75550 -47.0 1598
0 5.76163 -46.5 1607
0 5.74936 -46.5 1616
0 5.74936 -46.5 1625
0 5.78004 -46.5 1634
0 5.76163 -46.5 1644
0 5.77390 -46.5 1653
0 5.74936 -46.5 1662
0 5.76163 -46.5 1672
0 5.77390 -46.5 1681
0 5.75550 -46.5 1691
0 5.74322 -46.5 1700
0 5.76163 -46.5 1709
0 5.76163 -46.5 1719
0 5.75550 -46.5 1727
0 5.76777 -46.5 1737
0 5.74936 -47.0 1746
0 5.74322 -46.5 1756
0 5.74322 -46.5 1765
0 5.75550 -46.5 1774
0 5.75550 -46.5 1783
0 5.76163 -46.5 1792
0 5.76777 -46.5 1802
0 5.76163 -46.5 1811
0 5.75550 -46.5 1820
0 5.74936 -46.5 1830
0 5.77390 -46.5 1839
0 5.77390 -46.5 1848
0 5.76163 -46.5 1857
0 5.75550 -46.5 1867
0 5.76163 -46.5 1876
0 5.76777 -46.5 1903
0 5.73709 -46.5 1913
0 5.75550 -46.5 1922
0 5.76163 -46.5 1931
0 5.74322 -47.0 1940
0 5.74936 -46.5 1950
0 5.74936 -47.0 1959
0 5.74322 -47.0 1968
0 5.73709 -46.5 1977
0 5.76163 -46.5 1987
0 5.76163 -47.0 1996
