0 5.73095 -46.5 0
0 5.72482 -46.5 9
0 5.73709 -47.0 19
0 5.72482 -46.5 28
0 5.74936 -47.0 37
0 5.73095 -47.0 47
0 5.74322 -47.0 56
0 5.74322 -47.0 65
0 5.73709 -47.0 74
0 5.74936 -47.0 83
0 5.72482 -47.0 92
0 5.74936 -47.0 102
0 5.73709 -46.5 111
0 5.73095 -46.5 121
0 5.76163 -46.5 130
0 5.74322 -47.0 139
0 5.73709 -47.0 148
0 5.74936 -46.5 158
0 5.74322 -46.5 167
0 5.74936 -47.0 177
0 5.75550 -46.5 186
0 5.73709 -46.5 195
0 5.74322 -46.5 204
0 5.76163 -47.0 214
0 5.73709 -46.5 223
0 5.73095 -47.0 232
0 5.73709 -46.5 242
0 5.74322 -46.5 251
0 5.73095 -47.0 260
0 5.73709 -47.0 270
0 5.72482 -46.5 279
0 5.73709 -46.5 288
0 5.73709 -47.0 297
0 5.74936 -46.5 307
0 5.73709 -46.5 316
0 5.73709 -46.5 325
0 5.74936 -46.5 335
0 5.74936 -47.0 344
0 5.74936 -47.0 353
0 5.73709 -47.0 362
0 5.73709 -46.5 372
0 5.73709 -47.0 381
0 5.73709 -46.5 390
0 5.74322 -46.5 399
0 5.74322 -47.0 409
0 5.72482 -46.5 418
0 5.75550 -46.5 427
0 5.72482 -46.5 436
0 5.74322 -47.0 445
0 5.74936 -46.5 455
0 5.75550 -46.5 464
0 5.74322 -46.5 474
0 5.76163 -47.0 483
0 5.75550 -46.5 492
0 5.74936 -46.5 501
0 5.73709 -46.5 512
0 5.74936 -47.0 521
0 5.76163 -46.5 531
0 5.74936 -47.0 540
0 5.73709 -47.0 549
0 5.74936 -47.0 558
0 5.74936 -46.5 567
0 5.74322 -47.0 577
0 5.76777 -47.0 587
0 5.74322 -46.5 596
0 5.74936 -46.5 606
0 5.73709 -46.5 615
0 5.74322 -47.0 624
0 5.73709 -46.5 634
0 5.74936 -46.5 643
0 5.76163 -47.0 652
0 5.72482 -47.0 661
0 5.75550 -46.5 671
0 5.74322 -47.0 680
0 5.73095 -47.0 689
0 5.74322 -47.0 699
0 5.73095 -47.0 708
0 5.74936 -47.0 717
0 5.75550 -46.5 726
0 5.74936 -46.5 736
0 5.74936 -47.0 745
0 5.74322 -46.5 755
0 5.75550 -47.0 764
0 5.72482 -46.5 773
0 5.73095 -46.5 782
0 5.74936 -46.5 791
0 5.75550 -46.5 800
0 5.73709 -47.0 810
0 5.74322 -46.5 819
0 5.74322 -46.5 828
0 5.73095 -47.0 838
0 5.74936 -46.5 847
0 5.73709 -46.5 856
0 5.74936 -46.5 865
0 5.73095 -47.0 875
0 5.76777 -46.5 884
0 5.73709 -46.5 893
0 5.75550 -46.5 903
0 5.74936 -47.0 912
0 5.73095 -47.0 921
0 5.76163 -46.5 930
0 5.76777 -46.5 940
0 5.75550 -47.0 949
0 5.73709 -47.0 958
0 5.75550 -46.5 967
0 5.73709 -46.5 977
0 5.73709 -46.5 986
0 5.74322 -47.0 995
0 5.75550 -47.0 1005
0 5.76163 -47.0 1014
0 5.74322 -47.0 1023
0 5.74322 -46.5 1033
0 5.73709 -46.5 1042
0 5.75550 -46.5 1051
0 5.73709 -46.5 1060
0 5.75550 -46.5 1069
0 5.74322 -47.0 1078
0 5.74936 -46.5 1088
0 5.74936 -47.0 1097
0 5.73709 -46.5 1106
0 5.74322 -46.5 1116
0 5.75550 -46.5 1125
0 5.73709 -46.5 1134
0 5.75550 -47.0 1143
0 5.74936 -47.0 1152
0 5.75550 -46.5 1162
0 5.75550 -47.0 1171
0 5.74322 -47.0 1180
0 5.75550 -46.5 1190
0 5.73709 -46.5 1199
0 5.74936 -46.5 1208
0 5.74936 -47.0 1217
0 5.75550 -46.5 1227
0 5.74322 -46.5 1236
0 5.74322 -46.5 1245
0 5.73095 -46.5 1255
0 5.74322 -46.5 1264
0 5.75550 -47.0 1273
0 5.74936 -47.0 1283
0 5.73709 -46.5 1292
0 5.74322 -46.5 1301
0 5.73709 -46.5 1310
0 5.74936 -47.0 1319
0 5.74322 -46.5 1329
0 5.74322 -46.5 1338
0 5.73709 -46.5 1347
0 5.74936 -46.5 1356
0 5.74322 -46.5 1366
0 5.73709 -46.5 1375
0 5.73709 -47.0 1384
0 5.72482 -47.0 1393
0 5.76163 -47.0 1403
0 5.74936 -47.0 1412
0 5.73095 -46.5 1422
0 5.72482 -46.5 1431
0 5.73709 -47.0 1440
0 5.73709 -47.0 1449
0 5.73709 -47.0 1459
0 5.74936 -47.0 1468
0 5.74322 -46.5 1477
0 5.73709 -46.5 1486
0 5.73709 -46.5 1496
0 5.74322 -46.5 1505
0 5.76163 -46.5 1514
0 5.74322 -47.0 1523
0 5.74322 -46.5 1533
0 5.74322 -47.0 1542
0 5.73709 -46.5 1551
0 5.74322 -46.5 1560
0 5.74322 -46.5 1570
0 5.73095 -46.5 1579
0 5.74322 -46.5 1588
0 5.76163 -46.5 1597
0 5.76777 -46.5 1607
0 5.73709 -47.0 1616
0 5.75550 -46.5 1628
0 5.74936 -47.0 1637
0 5.73095 -46.5 1647
0 5.73709 -46.5 1656
0 5.74322 -46.5 1665
0 5.74322 -47.0 1674
0 5.75550 -46.5 1684
0 5.74936 -47.0 1693
0 5.76163 -46.5 1702
0 5.73095 -46.5 1712
0 5.76163 -47.0 1721
0 5.76163 -47.0 1730
0 5.74936 -47.0 1740
0 5.75550 -47.0 1749
0 5.73709 -46.5 1758
0 5.77390 -46.5 1767
0 5.74936 -46.5 1777
0 5.74936 -47.0 1786
0 5.75550 -46.5 1795
0 5.73709 -47.0 1804
0 5.76777 -46.5 1814
0 5.74322 -46.5 1823
0 5.74322 -46.5 1833
0 5.74936 -46.5 1842
0 5.73709 -46.5 1851
0 5.74936 -46.5 1860
0 5.74936 -46.5 1870
0 5.74322 -46.5 1879
0 5.72482 -47.0 1907
0 5.72482 -47.0 1916
0 5.76163 -47.0 1925
0 5.74936 -47.0 1934
0 5.74936 -47.0 1944
0 5.73709 -47.0 1953
0 5.74936 -47.0 1963
0 5.73095 -47.0 1972
0 5.73709 -47.0 1981
0 5.73095 -47.0 1990
