0 5.72482 -46.5 0
0 5.73095 -46.5 9
0 5.70027 -46.5 19
0 5.71254 -46.5 28
0 5.73095 -46.5 37
0 5.71868 -46.5 46
0 5.72482 -46.5 56
0 5.73095 -46.5 65
0 5.73095 -46.5 74
0 5.74936 -46.5 83
0 5.73709 -46.5 92
0 5.70641 -46.5 102
0 5.71868 -46.5 111
0 5.73095 -46.5 121
0 5.72482 -46.5 130
0 5.71868 -46.5 139
0 5.72482 -46.5 148
0 5.73095 -46.5 157
0 5.71868 -46.5 167
0 5.71868 -46.5 176
0 5.71254 -46.5 185
0 5.73095 -46.5 195
0 5.73709 -46.5 204
0 5.72482 -46.5 213
0 5.73095 -46.5 223
0 5.74936 -46.5 232
0 5.72482 -46.5 241
0 5.70641 -46.5 251
0 5.73095 -46.5 260
0 5.71868 -46.5 269
0 5.71868 -46.5 278
0 5.72482 -46.5 288
0 5.72482 -46.5 297
0 5.73709 -46.5 306
0 5.73709 -46.5 315
0 5.71254 -46.5 325
0 5.73095 -46.5 334
0 5.74936 -46.5 343
0 5.73095 -46.5 352
0 5.73095 -46.5 362
0 5.74936 -46.5 371
0 5.73095 -46.5 380
0 5.73095 -46.5 389
0 5.71868 -46.5 399
0 5.71254 -46.5 408
0 5.75550 -46.5 418
0 5.73709 -46.5 427
0 5.72482 -46.5 436
0 5.74322 -46.5 445
0 5.71868 -46.5 454
0 5.73095 -46.5 464
0 5.71254 -46.5 473
0 5.71868 -46.5 482
0 5.74322 -46.5 492
0 5.73095 -46.5 501
0 5.73095 -46.5 510
0 5.74322 -46.5 520
0 5.73095 -46.5 529
0 5.74322 -46.5 538
0 5.73095 -46.5 547
0 5.73095 -46.5 557
0 5.73095 -46.5 566
0 5.72482 -46.5 575
0 5.73095 -46.5 584
0 5.74936 -46.5 593
0 5.73095 -46.5 603
0 5.71868 -46.5 612
0 5.74322 -46.5 621
0 5.71868 -46.5 630
0 5.71868 -46.5 640
0 5.73095 -46.5 649
0 5.73709 -46.5 658
0 5.72482 -46.5 667
0 5.72482 -46.5 677
0 5.73709 -46.5 686
0 5.73709 -46.5 697
0 5.74936 -46.5 706
0 5.73095 -46.5 715
0 5.75550 -46.5 724
0 5.76163 -46.5 733
0 5.74936 -46.5 743
0 5.73095 -46.5 752
0 5.72482 -46.5 761
0 5.75550 -46.5 771
0 5.75550 -46.5 780
0 5.73709 -46.5 789
0 5.73095 -46.5 798
0 5.72482 -46.5 808
0 5.73095 -46.5 817
0 5.73709 -46.5 826
0 5.73709 -46.5 836
0 5.74322 -46.5 845
0 5.73095 -46.5 854
0 5.73709 -46.5 863
0 5.73709 -46.5 872
0 5.71868 -46.5 882
0 5.73095 -46.5 891
0 5.72482 -46.5 900
0 5.75550 -46.5 909
0 5.71868 -46.5 918
0 5.72482 -46.5 928
0 5.73709 -46.5 937
0 5.73095 -46.5 946
0 5.74936 -46.5 956
0 5.76777 -46.5 965
0 5.75550 -46.5 974
0 5.73709 -46.5 983
0 5.73095 -46.5 993
0 5.73095 -46.5 1002
0 5.75550 -46.5 1012
0 5.73709 -46.5 1021
0 5.74936 -46.5 1030
0 5.72482 -46.5 1039
0 5.72482 -46.5 1049
0 5.72482 -46.5 1058
0 5.71868 -46.5 1067
0 5.74322 -46.5 1076
0 5.73095 -46.5 1085
0 5.73709 -46.5 1095
0 5.74322 -46.5 1104
0 5.76163 -46.5 1113
0 5.73095 -46.5 1123
0 5.74936 -46.5 1132
0 5.74936 -46.5 1141
0 5.72482 -46.5 1150
0 5.74322 -46.5 1159
0 5.72482 -46.5 1169
0 5.74936 -46.5 1178
0 5.73095 -46.5 1187
0 5.74936 -46.5 1196
0 5.71868 -46.5 1206
0 5.75550 -46.5 1215
0 5.73709 -46.5 1224
0 5.72482 -46.5 1235
0 5.72482 -46.5 1244
0 5.74322 -46.5 1253
0 5.73095 -46.5 1263
0 5.73709 -46.5 1272
0 5.73095 -46.5 1281
0 5.74322 -46.5 1291
0 5.73095 -46.5 1300
0 5.74322 -46.5 1309
0 5.72482 -46.5 1319
0 5.71868 -46.5 1328
0 5.74936 -46.5 1337
0 5.72482 -46.5 1347
0 5.73709 -46.5 1356
0 5.74322 -46.5 1365
0 5.74322 -46.5 1374
0 5.74936 -46.5 1384
0 5.75550 -46.5 1393
0 5.75550 -46.5 1402
0 5.74322 -46.5 1413
0 5.74936 -46.5 1422
0 5.74936 -46.5 1431
0 5.73095 -46.5 1441
0 5.73095 -46.5 1450
0 5.74936 -46.5 1459
0 5.73709 -46.5 1469
0 5.73095 -46.5 1478
0 5.73095 -46.5 1487
0 5.73709 -46.5 1496
0 5.73095 -46.5 1506
0 5.73095 -46.5 1515
0 5.72482 -46.5 1524
0 5.73709 -46.5 1534
0 5.74322 -46.5 1543
0 5.73709 -46.5 1552
0 5.73709 -46.0 1561
0 5.73709 -46.5 1571
0 5.73709 -46.5 1580
0 5.73095 -46.5 1589
0 5.74936 -46.5 1598
0 5.72482 -46.5 1608
0 5.72482 -47.0 1617
0 5.73709 -46.5 1626
0 5.73709 -46.5 1635
0 5.74322 -46.5 1645
0 5.73709 -46.5 1654
0 5.72482 -46.5 1663
0 5.73709 -46.5 1673
0 5.74322 -46.5 1682
0 5.75550 -46.5 1691
0 5.74936 -46.5 1701
0 5.73095 -46.5 1710
0 5.75550 -46.5 1719
0 5.76163 -46.5 1729
0 5.73709 -46.5 1738
0 5.71868 -46.5 1747
0 5.73709 -46.5 1756
0 5.74322 -46.5 1765
0 5.73095 -46.5 1775
0 5.73095 -47.0 1784
0 5.73095 -46.5 1793
0 5.74322 -46.5 1802
0 5.73709 -46.5 1812
0 5.73095 -46.5 1821
0 5.74322 -46.5 1830
0 5.71868 -46.5 1839
0 5.73095 -46.5 1849
0 5.72482 -46.5 1858
0 5.73709 -46.0 1867
0 5.73709 -46.5 1877
0 5.72482 -46.5 1904
0 5.71868 -46.5 1913
0 5.71868 -46.5 1922
0 5.73095 -46.5 1932
0 5.70641 -46.5 1941
0 5.71868 -46.5 1951
0 5.71868 -46.5 1960
0 5.75550 -46.5 1969
0 5.73709 -46.5 1979
0 5.71254 -46.5 1988
0 5.72482 -46.5 1997
