0 5.73709 -46.5 0
0 5.74322 -46.5 9
0 5.74322 -46.5 19
0 5.74322 -46.5 28
0 5.74322 -46.5 37
0 5.73095 -46.0 47
0 5.74322 -46.5 56
0 5.74936 -46.5 65
0 5.73095 -46.0 74
0 5.75550 -46.5 84
0 5.73709 -46.0 93
0 5.74322 -46.5 102
0 5.74322 -46.5 112
0 5.74936 -46.0 121
0 5.73709 -46.5 130
0 5.74322 -46.5 140
0 5.73709 -46.0 149
0 5.74322 -46.0 158
0 5.75550 -46.0 167
0 5.75550 -46.0 177
0 5.75550 -46.5 186
0 5.73709 -46.5 195
0 5.77390 -46.0 205
0 5.76163 -46.0 214
0 5.74936 -46.0 223
0 5.73095 -46.0 232
0 5.75550 -46.5 242
0 5.77390 -46.0 251
0 5.75550 -46.0 261
0 5.74322 -46.5 270
0 5.76163 -46.0 279
0 5.75550 -46.0 288
0 5.73095 -46.5 298
0 5.74322 -46.5 307
0 5.74322 -46.5 316
0 5.75550 -46.0 325
0 5.74936 -46.0 335
0 5.76777 -46.0 344
0 5.76777 -46.0 354
0 5.75550 -46.0 363
0 5.75550 -46.5 372
0 5.74936 -46.5 382
0 5.76163 -46.0 391
0 5.74322 -46.5 400
0 5.75550 -46.0 410
0 5.74936 -46.0 419
0 5.74936 -46.0 428
0 5.75550 -46.0 437
0 5.76163 -46.0 447
0 5.75550 -46.0 456
0 5.74322 -46.0 465
0 5.75550 -46.5 474
0 5.75550 -46.0 483
0 5.79845 -46.0 493
0 5.77390 -46.0 502
0 5.75550 -46.0 512
0 5.73095 -46.0 521
0 5.74936 -46.5 530
0 5.73709 -46.0 539
0 5.74936 -46.0 549
0 5.74322 -46.0 558
0 5.74936 -46.0 568
0 5.74936 -46.0 577
0 5.77390 -46.0 586
0 5.75550 -46.0 596
0 5.76163 -46.0 605
0 5.75550 -46.5 614
0 5.76163 -46.0 623
0 5.76777 -46.0 633
0 5.76163 -46.5 642
0 5.76163 -46.0 651
0 5.75550 -46.0 661
0 5.76777 -46.0 670
0 5.74936 -46.0 679
0 5.75550 -46.0 689
0 5.76163 -46.5 698
0 5.76163 -46.0 707
0 5.74322 -46.0 717
0 5.74322 -46.5 726
0 5.76163 -46.5 735
0 5.74936 -46.5 744
0 5.75550 -46.0 754
0 5.77390 -46.5 763
0 5.77390 -46.0 773
0 5.77390 -46.0 782
0 5.74322 -46.0 791
0 5.74322 -46.5 801
0 5.74936 -46.5 810
0 5.73095 -46.0 819
0 5.74936 -46.0 829
0 5.74936 -46.0 838
0 5.76163 -46.0 847
0 5.76163 -46.0 856
0 5.75550 -46.5 866
0 5.76163 -46.5 875
0 5.74322 -46.0 884
0 5.75550 -46.0 893
0 5.76163 -46.0 903
0 5.75550 -46.5 912
0 5.76777 -46.5 921
0 5.74322 -46.0 930
0 5.75550 -46.0 940
0 5.76163 -46.5 949
0 5.74322 -46.0 958
0 5.74936 -46.5 967
0 5.74322 -46.0 977
0 5.77390 -46.5 986
0 5.74936 -46.0 995
0 5.76777 -46.0 1004
0 5.73709 -46.5 1014
0 5.73709 -46.0 1023
0 5.74936 -46.5 1032
0 5.74322 -46.5 1042
0 5.74936 -46.5 1051
0 5.76777 -46.0 1060
0 5.76163 -46.0 1070
0 5.75550 -46.0 1079
0 5.76163 -46.5 1088
0 5.76163 -46.0 1097
0 5.74936 -46.0 1107
0 5.74936 -46.0 1116
0 5.75550 -46.0 1125
0 5.75550 -46.0 1134
0 5.75550 -46.0 1144
0 5.74322 -46.0 1153
0 5.74936 -46.5 1162
0 5.75550 -46.0 1171
0 5.74936 -46.0 1181
0 5.77390 -46.5 1190
0 5.74322 -46.5 1199
0 5.76163 -46.5 1208
0 5.75550 -46.5 1218
0 5.75550 -46.5 1227
0 5.75550 -46.5 1237
0 5.75550 -46.0 1246
0 5.76163 -46.5 1255
0 5.76163 -46.5 1264
0 5.75550 -46.0 1274
0 5.76777 -46.0 1283
0 5.75550 -46.0 1292
0 5.73095 -46.0 1301
0 5.74322 -46.0 1311
0 5.74936 -46.0 1320
0 5.76163 -46.0 1330
0 5.76777 -46.5 1339
0 5.76777 -46.5 1348
0 5.74322 -46.0 1357
0 5.77390 -46.5 1367
0 5.74936 -46.0 1376
0 5.76163 -46.5 1385
0 5.76777 -46.5 1394
0 5.74936 -46.0 1404
0 5.75550 -46.0 1413
0 5.76163 -46.0 1422
0 5.74936 -46.5 1431
0 5.74322 -46.5 1441
0 5.74936 -46.5 1450
0 5.76163 -46.5 1459
0 5.75550 -46.5 1469
0 5.75550 -46.5 1478
0 5.75550 -46.0 1487
0 5.74322 -46.0 1497
0 5.74936 -46.5 1506
0 5.74936 -46.0 1515
0 5.76777 -46.0 1525
0 5.77390 -46.0 1534
0 5.75550 -46.0 1543
0 5.75550 -46.0 1553
0 5.76163 -46.0 1562
0 5.74322 -46.5 1571
0 5.75550 -46.0 1580
0 5.74322 -46.0 1590
0 5.74322 -46.0 1599
0 5.74936 -46.0 1608
0 5.75550 -46.5 1618
0 5.73709 -46.5 1627
0 5.76163 -46.0 1636
0 5.74936 -46.0 1645
0 5.76777 -46.0 1655
0 5.76163 -46.0 1664
0 5.75550 -46.0 1674
0 5.74936 -46.5 1683
0 5.73709 -46.0 1692
0 5.77390 -46.0 1701
0 5.73709 -46.0 1710
0 5.76163 -46.5 1720
0 5.78004 -46.0 1729
0 5.76777 -46.0 1738
0 5.74322 -46.5 1748
0 5.73709 -46.5 1757
0 5.76163 -46.0 1766
0 5.76163 -46.0 1775
0 5.74936 -46.0 1784
0 5.73709 -46.5 1794
0 5.76777 -46.0 1803
0 5.74322 -46.5 1813
0 5.74322 -46.5 1822
0 5.73709 -46.0 1831
0 5.76163 -46.0 1841
0 5.77390 -46.5 1850
0 5.74322 -46.5 1859
0 5.75550 -46.5 1868
0 5.75550 -46.0 1878
0 5.74322 -46.5 1905
0 5.74936 -46.5 1915
0 5.74322 -46.5 1923
0 5.73709 -46.5 1933
0 5.74936 -46.5 1942
0 5.75550 -46.0 1951
0 5.73709 -46.0 1960
0 5.73709 -46.5 1970
0 5.76777 -46.0 1979
0 5.74322 -46.5 1988
