0 5.74322 -46.5 0
0 5.74936 -46.5 9
0 5.73709 -46.5 19
0 5.71868 -46.5 28
0 5.71868 -46.5 38
0 5.73709 -46.5 47
0 5.72482 -46.0 56
0 5.73095 -46.5 65
0 5.72482 -46.5 74
0 5.73709 -46.5 84
0 5.73709 -46.5 93
0 5.74322 -46.5 103
0 5.73709 -46.0 112
0 5.73095 -46.5 121
0 5.73709 -46.5 130
0 5.73709 -46.5 140
0 5.73095 -46.5 149
0 5.74936 -46.5 158
0 5.74936 -46.5 168
0 5.73709 -46.0 177
0 5.74322 -46.5 186
0 5.74322 -46.5 195
0 5.73709 -46.0 205
0 5.74322 -46.0 214
0 5.74322 -46.5 223
0 5.74936 -46.5 233
0 5.72482 -46.5 242
0 5.72482 -46.5 251
0 5.73095 -46.5 261
0 5.72482 -46.5 270
0 5.74936 -46.5 279
0 5.72482 -46.0 288
0 5.74322 -46.0 298
0 5.71868 -46.5 307
0 5.72482 -46.0 316
0 5.74322 -46.5 326
0 5.74936 -46.5 335
0 5.73709 -46.5 344
0 5.74322 -46.0 353
0 5.74936 -46.5 364
0 5.72482 -46.0 373
0 5.73095 -46.0 382
0 5.73709 -46.5 392
0 5.73709 -46.5 401
0 5.72482 -46.5 410
0 5.73095 -46.5 419
0 5.71868 -46.5 429
0 5.73709 -46.5 438
0 5.73095 -46.5 447
0 5.74936 -46.5 456
0 5.72482 -46.5 466
0 5.73709 -46.5 475
0 5.73095 -46.5 484
0 5.73095 -46.0 494
0 5.74322 -46.0 503
0 5.71868 -46.5 512
0 5.73709 -46.5 521
0 5.72482 -46.5 531
0 5.73095 -46.5 540
0 5.73709 -46.0 549
0 5.75550 -46.5 558
0 5.74936 -46.0 568
0 5.74936 -46.0 577
0 5.74936 -46.0 586
0 5.74322 -46.0 595
0 5.73095 -46.5 605
0 5.73709 -46.5 614
0 5.72482 -46.5 623
0 5.76163 -46.5 632
0 5.73095 -46.0 642
0 5.72482 -46.5 651
0 5.73095 -46.5 660
0 5.73709 -46.5 670
0 5.73095 -46.5 679
0 5.73709 -46.5 688
0 5.73095 -46.5 697
0 5.74936 -46.0 707
0 5.73095 -46.5 716
0 5.74322 -46.5 725
0 5.73095 -46.5 734
0 5.74322 -46.5 743
0 5.74322 -46.0 753
0 5.73095 -46.5 762
0 5.75550 -46.0 771
0 5.73709 -46.5 781
0 5.73709 -46.0 790
0 5.76163 -46.5 799
0 5.73095 -46.5 808
0 5.74936 -46.0 818
0 5.73095 -46.0 827
0 5.74322 -46.0 837
0 5.73095 -46.5 846
0 5.73709 -46.5 855
0 5.74322 -46.5 864
0 5.73095 -46.0 873
0 5.74322 -46.5 883
0 5.73709 -46.5 892
0 5.72482 -46.5 901
0 5.73709 -46.5 910
0 5.73709 -46.0 920
0 5.72482 -46.5 929
0 5.71868 -46.5 938
0 5.74936 -46.0 948
0 5.74322 -46.5 957
0 5.74936 -46.5 966
0 5.74322 -46.5 975
0 5.74322 -46.0 985
0 5.74936 -46.5 994
0 5.73709 -46.5 1003
0 5.73709 -46.5 1012
0 5.73095 -46.5 1021
0 5.74936 -46.0 1031
0 5.74936 -46.5 1040
0 5.74322 -46.5 1049
0 5.75550 -46.0 1059
0 5.76163 -46.5 1068
0 5.73709 -46.0 1077
0 5.71868 -46.5 1086
0 5.73709 -46.5 1096
0 5.74322 -46.0 1105
0 5.76163 -46.5 1114
0 5.73095 -46.5 1124
0 5.72482 -46.0 1133
0 5.76163 -46.5 1142
0 5.73095 -46.0 1152
0 5.74322 -46.0 1161
0 5.74936 -46.0 1170
0 5.73709 -46.5 1179
0 5.75550 -46.5 1188
0 5.74322 -46.5 1198
0 5.73709 -46.5 1207
0 5.74322 -46.5 1216
0 5.73709 -46.5 1226
0 5.73709 -46.0 1235
0 5.73709 -46.0 1244
0 5.76163 -46.5 1254
0 5.73095 -46.5 1263
0 5.73095 -46.0 1272
0 5.73709 -46.5 1282
0 5.73095 -46.5 1291
0 5.73709 -46.5 1300
0 5.73709 -46.5 1309
0 5.74322 -46.5 1318
0 5.75550 -46.5 1327
0 5.74936 -46.0 1337
0 5.74936 -46.0 1346
0 5.74936 -46.5 1355
0 5.74322 -46.0 1365
0 5.73709 -46.0 1374
0 5.72482 -46.5 1384
0 5.74936 -46.5 1393
0 5.72482 -46.0 1402
0 5.73095 -46.0 1412
0 5.73095 -46.5 1421
0 5.73709 -46.0 1430
0 5.73709 -46.0 1440
0 5.74936 -46.5 1449
0 5.74322 -46.0 1458
0 5.74936 -46.5 1468
0 5.73709 -46.5 1477
0 5.74936 -46.5 1486
0 5.72482 -46.0 1495
0 5.76163 -46.5 1505
0 5.74322 -46.0 1514
0 5.76163 -46.0 1523
0 5.74322 -46.0 1532
0 5.73709 -46.5 1542
0 5.75550 -46.5 1551
0 5.75550 -46.5 1560
0 5.74936 -46.5 1570
0 5.73709 -46.0 1579
0 5.73709 -46.5 1588
0 5.73095 -46.0 1597
0 5.73709 -46.5 1607
0 5.74322 -46.0 1616
0 5.73709 -46.5 1625
0 5.74936 -46.5 1635
0 5.73709 -46.0 1644
0 5.73709 -46.0 1653
0 5.74936 -46.5 1662
0 5.73709 -46.0 1672
0 5.74322 -46.0 1681
0 5.77390 -46.5 1690
0 5.74322 -46.0 1700
0 5.72482 -46.5 1709
0 5.73709 -46.5 1718
0 5.73709 -46.5 1728
0 5.74936 -46.0 1737
0 5.76163 -46.0 1746
0 5.73095 -46.0 1756
0 5.75550 -46.5 1765
0 5.74322 -46.5 1774
0 5.73709 -46.5 1784
0 5.72482 -46.5 1793
0 5.74322 -46.0 1802
0 5.74322 -46.5 1812
0 5.73095 -46.5 1821
0 5.73095 -46.5 1830
0 5.73709 -46.0 1839
0 5.73709 -46.0 1849
0 5.73095 -46.5 1858
0 5.73095 -46.0 1867
0 5.76777 -46.0 1877
0 5.73095 -46.5 1904
0 5.76777 -46.5 1913
0 5.73095 -46.5 1923
0 5.76163 -46.5 1932
0 5.74322 -46.5 1941
0 5.73709 -46.5 1951
0 5.73709 -46.5 1960
0 5.73095 -46.5 1969
0 5.74322 -46.5 1979
0 5.72482 -46.5 1988
