0 5.74936 -46.5 0
0 5.70027 -46.5 10
0 5.73095 -46.5 19
0 5.71254 -46.5 28
0 5.71868 -46.5 37
0 5.72482 -46.5 46
0 5.73095 -46.5 56
0 5.74322 -46.5 65
0 5.71868 -46.5 74
0 5.72482 -46.5 84
0 5.72482 -46.5 93
0 5.73095 -46.5 102
0 5.74322 -46.5 112
0 5.72482 -47.0 121
0 5.72482 -46.5 130
0 5.73095 -46.5 139
0 5.74322 -46.5 149
0 5.73709 -46.5 158
0 5.72482 -46.5 167
0 5.75550 -46.5 176
0 5.73095 -46.5 186
0 5.73709 -46.5 195
0 5.73709 -46.5 204
0 5.74322 -46.5 214
0 5.75550 -46.5 223
0 5.73709 -46.5 233
0 5.73709 -46.5 242
0 5.73709 -46.5 251
0 5.73709 -46.5 261
0 5.72482 -46.5 270
0 5.74936 -46.5 279
0 5.73709 -46.5 288
0 5.72482 -46.5 297
0 5.73095 -46.5 307
0 5.73095 -46.5 316
0 5.75550 -46.5 325
0 5.73095 -46.5 334
0 5.76163 -46.5 344
0 5.71254 -46.5 353
0 5.74936 -46.5 362
0 5.74322 -46.5 372
0 5.74936 -46.5 381
0 5.71868 -46.5 390
0 5.73709 -46.5 400
0 5.72482 -46.5 409
0 5.74322 -46.5 418
0 5.74936 -46.5 427
0 5.72482 -46.5 437
0 5.73709 -46.5 446
0 5.75550 -46.5 455
0 5.73095 -46.5 464
0 5.73095 -46.5 474
0 5.75550 -46.5 483
0 5.73095 -46.5 492
0 5.74936 -46.5 502
0 5.74322 -46.5 511
0 5.73095 -46.5 521
0 5.75550 -46.5 530
0 5.73709 -46.5 539
0 5.73095 -46.5 549
0 5.71868 -46.5 558
0 5.74936 -46.5 567
0 5.73709 -46.5 576
0 5.73709 -46.5 586
0 5.74322 -46.5 595
0 5.72482 -46.5 604
0 5.74936 -46.5 614
0 5.73709 -46.5 623
0 5.75550 -46.5 632
0 5.72482 -46.5 642
0 5.73709 -46.5 651
0 5.74936 -46.5 661
0 5.73095 -46.5 670
0 5.74322 -46.5 679
0 5.74322 -46.5 689
0 5.73095 -47.0 698
0 5.73709 -46.5 707
0 5.73709 -46.5 717
0 5.74936 -46.5 726
0 5.73709 -46.5 735
0 5.74322 -46.5 744
0 5.75550 -46.5 754
0 5.74936 -46.5 763
0 5.73709 -46.5 772
0 5.77390 -46.5 782
0 5.73709 -46.5 791
0 5.74936 -46.5 800
0 5.75550 -46.5 810
0 5.76163 -46.5 819
0 5.73095 -46.5 828
0 5.73709 -46.5 838
0 5.72482 -46.5 847
0 5.73095 -46.5 856
0 5.74936 -46.5 866
0 5.74322 -46.5 875
0 5.72482 -46.5 884
0 5.75550 -46.5 893
0 5.75550 -46.5 902
0 5.74322 -46.5 912
0 5.74322 -46.5 922
0 5.73095 -46.5 931
0 5.72482 -46.5 940
0 5.75550 -46.5 949
0 5.74322 -46.5 959
0 5.73095 -46.5 968
0 5.73095 -46.5 977
0 5.74322 -46.5 986
0 5.73095 -46.5 995
0 5.74322 -46.5 1005
0 5.73709 -46.5 1014
0 5.73709 -46.5 1023
0 5.74936 -46.5 1033
0 5.75550 -46.5 1042
0 5.72482 -46.5 1051
0 5.73709 -46.5 1060
0 5.73709 -46.5 1069
0 5.74936 -46.5 1078
0 5.76163 -46.5 1088
0 5.73709 -46.5 1097
0 5.74322 -46.5 1106
0 5.73095 -46.5 1115
0 5.73095 -46.5 1124
0 5.75550 -46.5 1134
0 5.73709 -46.5 1143
0 5.73095 -46.5 1152
0 5.73095 -46.5 1162
0 5.73095 -46.5 1171
0 5.73709 -46.5 1180
0 5.74322 -46.5 1189
0 5.72482 -46.5 1199
0 5.73709 -46.5 1208
0 5.74936 -46.5 1217
0 5.72482 -46.5 1226
0 5.73095 -46.5 1236
0 5.73095 -46.5 1245
0 5.73095 -46.5 1254
0 5.77390 -47.0 1263
0 5.73709 -47.0 1273
0 5.73709 -46.5 1282
0 5.75550 -46.5 1291
0 5.74936 -46.5 1300
0 5.73095 -46.5 1310
0 5.73095 -46.5 1318
0 5.73095 -46.5 1328
0 5.76163 -46.5 1337
0 5.73095 -46.5 1347
0 5.75550 -46.5 1356
0 5.74322 -46.5 1366
0 5.73709 -46.5 1375
0 5.72482 -46.5 1384
0 5.74322 -46.5 1393
0 5.73095 -46.5 1403
0 5.74322 -46.5 1412
0 5.71254 -46.5 1421
0 5.73709 -46.5 1431
0 5.74936 -46.5 1440
0 5.73095 -46.5 1449
0 5.73709 -46.5 1459
0 5.73095 -46.5 1468
0 5.72482 -46.5 1477
0 5.73095 -46.5 1486
0 5.71868 -46.5 1496
0 5.74322 -46.5 1505
0 5.75550 -46.5 1514
0 5.73095 -46.5 1523
0 5.73709 -46.5 1533
0 5.73709 -46.5 1542
0 5.73709 -46.5 1551
0 5.74936 -46.5 1561
0 5.74936 -46.5 1570
0 5.73095 -46.5 1579
0 5.73709 -46.5 1588
0 5.73095 -46.5 1598
0 5.73709 -46.5 1607
0 5.73709 -46.5 1616
0 5.73709 -46.5 1625
0 5.73095 -46.5 1635
0 5.72482 -46.5 1644
0 5.73709 -46.5 1653
0 5.74936 -46.5 1662
0 5.73709 -46.5 1672
0 5.74322 -46.5 1681
0 5.75550 -46.5 1690
0 5.73709 -46.5 1699
0 5.74322 -46.5 1708
0 5.71868 -46.5 1718
0 5.74322 -46.5 1727
0 5.74322 -46.5 1736
0 5.74322 -46.5 1745
0 5.71868 -46.5 1755
0 5.73095 -46.5 1764
0 5.72482 -46.5 1773
0 5.75550 -46.5 1783
0 5.74322 -46.5 1792
0 5.74322 -46.5 1802
0 5.74936 -46.5 1811
0 5.74322 -46.5 1820
0 5.72482 -46.5 1829
0 5.74322 -46.5 1838
0 5.74322 -46.5 1848
0 5.73709 -46.5 1857
0 5.74936 -46.5 1866
0 5.74936 -46.5 1875
0 5.73095 -46.5 1885
0 5.71254 -47.0 1903
0 5.72482 -46.5 1912
0 5.73709 -46.5 1921
0 5.72482 -47.0 1931
0 5.71254 -46.5 1940
0 5.71868 -46.5 1949
0 5.73095 -46.5 1959
0 5.73709 -47.0 1968
0 5.72482 -46.5 1977
0 5.71868 -46.5 1986
0 5.73709 -47.0 1996
