0 5.66959 -47.0 0
0 5.66959 -46.5 10
0 5.66346 -46.5 19
0 5.67573 -47.0 28
0 5.68800 -47.0 38
0 5.68186 -46.5 47
0 5.66959 -46.5 56
0 5.66959 -47.0 66
0 5.69414 -47.0 75
0 5.68186 -46.5 84
0 5.67573 -47.0 94
0 5.68186 -47.0 103
0 5.66346 -46.5 112
0 5.66346 -46.5 122
0 5.70641 -46.5 131
0 5.66346 -46.5 140
0 5.68186 -46.5 149
0 5.68186 -46.5 159
0 5.67573 -46.5 168
0 5.69414 -47.0 177
0 5.67573 -46.5 187
0 5.68800 -47.0 196
0 5.67573 -46.5 205
0 5.69414 -47.0 214
0 5.68800 -46.5 224
0 5.67573 -46.5 233
0 5.69414 -46.5 242
0 5.69414 -47.0 251
0 5.68800 -46.5 261
0 5.67573 -46.5 270
0 5.68186 -46.5 279
0 5.66959 -46.5 288
0 5.70027 -47.0 298
0 5.68186 -46.5 307
0 5.71254 -46.5 316
0 5.68800 -47.0 325
0 5.68186 -47.0 335
0 5.68186 -46.5 344
0 5.68186 -46.5 353
0 5.68186 -46.5 363
0 5.70027 -46.5 372
0 5.68186 -46.5 382
0 5.67573 -46.5 391
0 5.67573 -46.5 400
0 5.70027 -46.5 410
0 5.70641 -46.5 419
0 5.69414 -46.5 428
0 5.68800 -47.0 438
0 5.69414 -47.0 446
0 5.69414 -46.5 456
0 5.70027 -46.5 465
0 5.68800 -46.5 474
0 5.69414 -47.0 483
0 5.68186 -46.5 493
0 5.66959 -46.5 502
0 5.68186 -47.0 511
0 5.68186 -46.5 520
0 5.66959 -46.5 530
0 5.67573 -46.5 539
0 5.68800 -47.0 548
0 5.68800 -46.5 558
0 5.67573 -46.5 567
0 5.70027 -46.5 576
0 5.68800 -46.5 585
0 5.67573 -46.5 594
0 5.68186 -46.5 604
0 5.70027 -46.5 614
0 5.68186 -46.5 623
0 5.69414 -46.5 633
0 5.68186 -47.5 642
0 5.67573 -46.5 651
0 5.69414 -46.5 661
0 5.68186 -46.5 670
0 5.68800 -46.5 679
0 5.66959 -46.5 688
0 5.68186 -47.0 698
0 5.68186 -46.5 707
0 5.68186 -47.0 716
0 5.69414 -46.5 725
0 5.69414 -47.0 735
0 5.69414 -46.5 744
0 5.69414 -46.5 753
0 5.70027 -46.5 762
0 5.68186 -46.5 772
0 5.69414 -46.5 782
0 5.68186 -46.5 791
0 5.67573 -46.5 800
0 5.68186 -46.5 809
0 5.68186 -46.5 819
0 5.66346 -46.5 828
0 5.70641 -46.5 837
0 5.68186 -46.5 846
0 5.68186 -46.5 855
0 5.67573 -47.0 865
0 5.68186 -46.5 874
0 5.68800 -46.5 883
0 5.68186 -47.0 892
0 5.70027 -46.5 902
0 5.68800 -46.5 911
0 5.68800 -47.0 920
0 5.68800 -47.0 930
0 5.68800 -46.5 939
0 5.68800 -47.0 949
0 5.68186 -46.5 958
0 5.67573 -46.5 967
0 5.66959 -46.5 976
0 5.68186 -46.5 985
0 5.68800 -46.5 994
0 5.68800 -46.5 1004
0 5.68800 -46.5 1013
0 5.70027 -47.0 1023
0 5.68800 -47.0 1032
0 5.68186 -46.5 1041
0 5.68186 -46.5 1050
0 5.70027 -46.5 1061
0 5.68186 -46.5 1070
0 5.69414 -46.5 1079
0 5.71254 -46.5 1088
0 5.68186 -46.5 1097
0 5.68800 -46.5 1107
0 5.70641 -46.5 1116
0 5.68800 -46.5 1125
0 5.69414 -46.5 1134
0 5.68800 -46.5 1144
0 5.68186 -46.5 1153
0 5.67573 -46.5 1162
0 5.70027 -47.0 1171
0 5.68186 -47.0 1181
0 5.68800 -46.5 1190
0 5.68800 -46.5 1199
0 5.70027 -46.5 1208
0 5.68800 -46.5 1218
0 5.70027 -47.0 1227
0 5.70641 -46.5 1236
0 5.69414 -46.5 1245
0 5.68800 -46.5 1255
0 5.66959 -46.5 1264
0 5.69414 -46.5 1273
0 5.69414 -46.5 1282
0 5.70027 -46.5 1292
0 5.70027 -46.5 1301
0 5.68800 -46.5 1310
0 5.68800 -46.5 1320
0 5.68186 -46.5 1329
0 5.68186 -46.5 1338
0 5.68800 -46.5 1347
0 5.68800 -47.0 1356
0 5.68800 -46.5 1366
0 5.68800 -46.5 1375
0 5.70027 -46.5 1384
0 5.68800 -47.0 1394
0 5.68800 -47.0 1403
0 5.69414 -46.5 1413
0 5.69414 -46.5 1422
0 5.68800 -46.5 1431
0 5.68186 -46.5 1441
0 5.71254 -46.5 1450
0 5.69414 -46.5 1459
0 5.69414 -46.5 1468
0 5.70641 -47.0 1478
0 5.70027 -46.5 1487
0 5.68800 -46.5 1496
0 5.68800 -46.5 1505
0 5.68800 -46.5 1515
0 5.70027 -46.5 1524
0 5.68800 -46.5 1533
0 5.68800 -46.5 1542
0 5.68186 -46.5 1552
0 5.69414 -46.5 1561
0 5.69414 -46.5 1570
0 5.69414 -46.5 1579
0 5.69414 -47.0 1589
0 5.67573 -47.0 1598
0 5.70027 -46.5 1607
0 5.68186 -46.5 1616
0 5.68186 -46.5 1626
0 5.69414 -46.5 1636
0 5.67573 -46.5 1645
0 5.68800 -47.0 1654
0 5.70027 -47.0 1664
0 5.70027 -46.5 1673
0 5.67573 -46.5 1682
0 5.69414 -46.5 1691
0 5.69414 -46.5 1700
0 5.69414 -46.5 1710
0 5.70027 -46.5 1719
0 5.70641 -46.5 1728
0 5.70027 -46.5 1737
0 5.68186 -46.5 1747
0 5.70641 -46.5 1756
0 5.68800 -46.5 1765
0 5.70641 -46.5 1775
0 5.70641 -47.0 1784
0 5.68800 -46.5 1793
0 5.68800 -46.5 1802
0 5.69414 -47.0 1812
0 5.71254 -46.5 1821
0 5.70641 -46.5 1832
0 5.70027 -46.5 1841
0 5.70641 -46.5 1850
0 5.70027 -46.5 1859
0 5.69414 -46.5 1869
0 5.69414 -46.5 1878
0 5.67573 -47.0 1906
0 5.68186 -47.0 1915
0 5.66959 -47.0 1924
0 5.69414 -47.0 1933
0 5.66959 -46.5 1942
0 5.68800 -47.0 1952
0 5.67573 -47.0 1961
0 5.68800 -46.5 1970
0 5.67573 -46.5 1979
0 5.68800 -47.0 1988
