0 5.68186 -47.5 0
0 5.68186 -47.5 9
0 5.66959 -47.5 19
0 5.66346 -47.5 28
0 5.68186 -47.5 37
0 5.70027 -47.5 47
0 5.68800 -47.5 56
0 5.67573 -47.5 65
0 5.66959 -47.5 74
0 5.69414 -47.5 83
0 5.69414 -47.5 93
0 5.71254 -47.0 102
0 5.69414 -47.5 112
0 5.67573 -47.5 121
0 5.67573 -47.5 130
0 5.66346 -47.5 140
0 5.68186 -47.5 149
0 5.69414 -47.0 158
0 5.68186 -47.5 167
0 5.68186 -47.5 177
0 5.68186 -47.5 186
0 5.70027 -47.5 195
0 5.70641 -47.5 205
0 5.68186 -47.5 214
0 5.70641 -47.5 224
0 5.68800 -47.5 233
0 5.70641 -47.5 242
0 5.68800 -47.5 251
0 5.66959 -47.5 261
0 5.67573 -47.5 270
0 5.66346 -47.5 279
0 5.67573 -47.5 288
0 5.68800 -47.5 298
0 5.70027 -47.5 307
0 5.67573 -47.5 316
0 5.68186 -47.5 326
0 5.66346 -47.5 335
0 5.70641 -47.5 344
0 5.68800 -47.5 353
0 5.66346 -47.5 363
0 5.68186 -47.5 372
0 5.67573 -47.5 381
0 5.70027 -48.0 391
0 5.68186 -47.5 400
0 5.67573 -47.5 409
0 5.70027 -47.5 418
0 5.69414 -47.5 427
0 5.66959 -47.5 436
0 5.68800 -47.5 446
0 5.69414 -47.5 455
0 5.67573 -47.5 464
0 5.68186 -47.5 473
0 5.68186 -47.5 483
0 5.67573 -47.5 492
0 5.70641 -47.5 501
0 5.69414 -47.5 511
0 5.68186 -47.5 520
0 5.70027 -47.5 529
0 5.68800 -47.5 538
0 5.68800 -47.5 547
0 5.68800 -47.5 557
0 5.70641 -47.5 566
0 5.66346 -47.5 575
0 5.68186 -47.5 584
0 5.67573 -47.5 594
0 5.66959 -47.5 603
0 5.67573 -47.5 612
0 5.68186 -47.5 622
0 5.69414 -47.5 631
0 5.69414 -47.5 640
0 5.68186 -47.5 649
0 5.67573 -47.5 658
0 5.68800 -47.5 668
0 5.69414 -47.5 677
0 5.69414 -47.5 686
0 5.69414 -47.5 695
0 5.68186 -47.5 705
0 5.70027 -47.5 714
0 5.68800 -47.5 723
0 5.69414 -47.5 733
0 5.67573 -47.5 742
0 5.70027 -47.5 751
0 5.66959 -47.0 760
0 5.68800 -47.5 770
0 5.67573 -47.5 779
0 5.68800 -47.5 788
0 5.65732 -47.5 798
0 5.67573 -47.5 807
0 5.67573 -47.5 816
0 5.70027 -47.5 825
0 5.68800 -47.5 835
0 5.70641 -47.5 844
0 5.67573 -47.5 853
0 5.71254 -47.5 863
0 5.68800 -47.5 872
0 5.68186 -47.5 882
0 5.69414 -47.5 891
0 5.68186 -47.5 900
0 5.70027 -47.5 909
0 5.71254 -47.5 918
0 5.70027 -47.5 928
0 5.68186 -47.5 937
0 5.70641 -47.5 946
0 5.67573 -47.5 956
0 5.69414 -47.5 965
0 5.68186 -47.5 974
0 5.66959 -47.5 984
0 5.69414 -47.5 993
0 5.66959 -47.5 1002
0 5.69414 -47.5 1012
0 5.67573 -47.5 1021
0 5.66959 -47.5 1030
0 5.68186 -47.5 1040
0 5.68186 -47.5 1049
0 5.69414 -47.5 1058
0 5.66959 -47.5 1067
0 5.69414 -47.5 1077
0 5.68186 -47.5 1086
0 5.68800 -47.5 1095
0 5.68186 -47.5 1104
0 5.68186 -47.5 1114
0 5.67573 -47.5 1123
0 5.69414 -47.5 1132
0 5.70027 -47.5 1142
0 5.66959 -47.5 1151
0 5.66959 -47.5 1160
0 5.69414 -47.5 1169
0 5.70027 -47.5 1178
0 5.69414 -47.5 1188
0 5.66959 -47.5 1197
0 5.69414 -47.5 1206
0 5.68800 -47.5 1216
0 5.67573 -47.5 1225
0 5.68186 -47.5 1234
0 5.69414 -47.5 1244
0 5.70641 -47.5 1253
0 5.68186 -47.5 1263
0 5.68186 -47.5 1272
0 5.68800 -47.5 1281
0 5.68186 -47.5 1290
0 5.68800 -47.5 1300
0 5.67573 -47.5 1309
0 5.66959 -47.5 1318
0 5.68800 -47.5 1327
0 5.66346 -47.5 1337
0 5.71254 -47.5 1346
0 5.71868 -47.5 1355
0 5.68800 -47.5 1364
0 5.67573 -47.5 1374
0 5.70641 -47.5 1383
0 5.70027 -47.5 1392
0 5.68186 -47.5 1402
0 5.69414 -47.5 1411
0 5.69414 -47.5 1420
0 5.68800 -47.5 1430
0 5.68800 -47.5 1439
0 5.70027 -47.5 1448
0 5.67573 -47.5 1457
0 5.68800 -47.5 1467
0 5.68800 -47.5 1476
0 5.67573 -47.5 1485
0 5.68800 -47.5 1495
0 5.71254 -47.5 1505
0 5.70027 -47.5 1514
0 5.70641 -47.5 1524
0 5.70027 -47.5 1533
0 5.68800 -47.5 1542
0 5.69414 -47.5 1551
0 5.68186 -47.5 1561
0 5.68800 -47.5 1570
0 5.68800 -47.5 1579
0 5.68800 -47.5 1588
0 5.68800 -47.5 1598
0 5.70027 -47.5 1607
0 5.68800 -47.5 1616
0 5.68186 -47.5 1626
0 5.68800 -47.5 1635
0 5.68186 -47.5 1644
0 5.68186 -47.5 1653
0 5.69414 -47.5 1663
0 5.70027 -47.5 1672
0 5.68186 -47.5 1682
0 5.68186 -47.5 1691
0 5.68186 -47.5 1700
0 5.68800 -47.5 1709
0 5.68186 -47.5 1718
0 5.70027 -47.0 1728
0 5.68800 -47.5 1737
0 5.68800 -47.5 1746
0 5.67573 -47.5 1755
0 5.68186 -47.5 1765
0 5.70027 -47.5 1774
0 5.71868 -47.5 1784
0 5.68800 -47.5 1793
0 5.70027 -47.5 1802
0 5.68800 -47.5 1811
0 5.68800 -47.5 1821
0 5.66959 -47.5 1830
0 5.68186 -47.5 1839
0 5.70641 -47.5 1849
0 5.70027 -47.5 1858
0 5.68186 -47.5 1867
0 5.67573 -47.5 1877
0 5.67573 -47.5 1904
0 5.66959 -47.5 1913
0 5.67573 -47.5 1923
0 5.68186 -47.5 1932
0 5.69414 -47.5 1941
0 5.68800 -47.5 1951
0 5.68186 -47.5 1960
0 5.68800 -47.5 1969
0 5.68186 -47.5 1978
0 5.67573 -48.0 1988
0 5.67573 -47.5 1997
