0 5.65732 -48.5 0
0 5.64505 -48.5 10
0 5.66959 -48.5 19
0 5.65732 -48.5 28
0 5.64505 -48.5 37
0 5.66346 -48.5 47
0 5.66959 -48.5 56
0 5.68800 -48.5 65
0 5.66959 -48.5 74
0 5.64505 -48.5 84
0 5.66959 -48.5 93
0 5.66959 -48.5 102
0 5.66959 -48.5 111
0 5.66959 -48.5 121
0 5.65732 -48.5 130
0 5.66959 -48.5 139
0 5.66959 -49.0 148
0 5.66346 -48.5 158
0 5.66346 -48.5 167
0 5.66346 -48.5 176
0 5.66959 -48.5 185
0 5.65732 -48.5 195
0 5.67573 -48.5 204
0 5.68186 -48.5 214
0 5.68186 -48.5 223
0 5.65732 -48.5 232
0 5.68186 -48.5 242
0 5.65119 -48.5 251
0 5.68800 -48.5 260
0 5.63891 -48.5 270
0 5.66959 -48.5 279
0 5.65732 -48.5 289
0 5.67573 -48.5 298
0 5.68186 -48.5 307
0 5.65732 -49.0 316
0 5.68186 -48.5 326
0 5.65732 -48.5 335
0 5.67573 -48.5 344
0 5.67573 -49.0 354
0 5.66959 -48.5 363
0 5.66346 -48.5 372
0 5.65119 -48.5 381
0 5.67573 -48.5 391
0 5.65119 -48.5 400
0 5.67573 -48.5 409
0 5.66959 -48.5 418
0 5.65732 -48.5 428
0 5.66959 -48.5 437
0 5.63891 -48.5 446
0 5.65732 -48.5 455
0 5.65732 -48.5 465
0 5.67573 -48.5 474
0 5.68800 -48.5 483
0 5.68186 -48.5 492
0 5.66959 -48.5 502
0 5.63891 -48.5 511
0 5.67573 -48.5 520
0 5.65732 -48.5 530
0 5.66346 -48.5 539
0 5.67573 -48.0 548
0 5.66959 -48.5 557
0 5.66346 -48.5 567
0 5.66346 -48.5 576
0 5.68186 -48.5 585
0 5.68186 -48.5 594
0 5.66346 -48.5 603
0 5.66346 -48.5 613
0 5.65732 -48.5 622
0 5.65732 -48.5 632
0 5.65732 -48.5 641
0 5.66959 -48.5 650
0 5.66346 -48.5 660
0 5.67573 -48.5 669
0 5.66346 -48.5 678
0 5.67573 -48.5 687
0 5.66959 -48.0 697
0 5.67573 -48.5 706
0 5.66959 -48.5 715
0 5.66959 -48.5 724
0 5.66959 -48.5 733
0 5.65119 -49.0 743
0 5.65119 -48.5 752
0 5.66346 -48.5 761
0 5.65119 -48.5 770
0 5.71254 -48.5 780
0 5.68186 -48.5 789
0 5.64505 -48.5 798
0 5.66346 -48.5 807
0 5.65732 -48.5 817
0 5.68800 -48.5 826
0 5.66346 -48.5 835
0 5.66346 -48.5 845
0 5.64505 -48.5 854
0 5.65119 -48.5 863
0 5.64505 -48.5 872
0 5.65732 -48.5 882
0 5.66346 -48.5 891
0 5.66346 -48.5 900
0 5.67573 -48.5 909
0 5.63891 -48.5 919
0 5.66346 -48.5 928
0 5.65732 -48.5 937
0 5.66959 -48.5 947
0 5.66346 -48.5 956
0 5.65732 -48.5 965
0 5.67573 -48.5 975
0 5.66959 -48.5 984
0 5.65119 -48.5 993
0 5.65732 -48.5 1003
0 5.66346 -48.5 1012
0 5.65732 -48.5 1021
0 5.66346 -48.5 1031
0 5.68186 -48.5 1040
0 5.65119 -48.5 1049
0 5.66346 -48.5 1058
0 5.67573 -48.5 1068
0 5.65119 -48.5 1076
0 5.64505 -48.5 1086
0 5.66346 -48.5 1095
0 5.66959 -48.5 1104
0 5.65732 -48.5 1114
0 5.66346 -48.5 1123
0 5.69414 -48.5 1132
0 5.65732 -48.5 1142
0 5.67573 -48.5 1151
0 5.67573 -48.5 1161
0 5.65119 -48.5 1170
0 5.66959 -48.5 1179
0 5.67573 -48.5 1188
0 5.68800 -48.5 1197
0 5.70027 -48.5 1206
0 5.65119 -48.5 1216
0 5.66959 -48.5 1225
0 5.68800 -48.5 1234
0 5.65119 -48.5 1244
0 5.65732 -48.5 1253
0 5.66959 -48.5 1262
0 5.68186 -48.5 1271
0 5.65119 -48.5 1281
0 5.68186 -48.5 1290
0 5.65732 -48.5 1299
0 5.68186 -48.5 1309
0 5.65119 -48.5 1318
0 5.68800 -48.5 1327
0 5.65732 -48.5 1336
0 5.66346 -48.5 1346
0 5.65119 -49.0 1355
0 5.67573 -48.5 1364
0 5.65732 -48.5 1374
0 5.66959 -48.5 1383
0 5.65732 -49.0 1392
0 5.68186 -48.5 1402
0 5.64505 -48.5 1411
0 5.68186 -48.5 1420
0 5.66346 -48.5 1429
0 5.65732 -48.5 1439
0 5.63891 -48.5 1448
0 5.64505 -48.5 1457
0 5.65732 -48.5 1467
0 5.67573 -48.5 1476
0 5.70027 -48.5 1485
0 5.66959 -48.5 1494
0 5.68186 -48.5 1503
0 5.65732 -48.5 1513
0 5.66959 -48.5 1522
0 5.66959 -48.5 1531
0 5.67573 -48.5 1541
0 5.69414 -48.5 1550
0 5.68186 -48.5 1559
0 5.66346 -48.5 1568
0 5.65119 -48.5 1577
0 5.70027 -48.5 1587
0 5.68186 -48.5 1596
0 5.67573 -48.5 1606
0 5.65119 -48.5 1615
0 5.65732 -48.5 1624
0 5.68800 -48.5 1633
0 5.66959 -48.5 1643
0 5.65119 -48.5 1652
0 5.64505 -48.5 1661
0 5.69414 -48.0 1671
0 5.68186 -48.5 1680
0 5.65119 -48.5 1689
0 5.66959 -48.5 1699
0 5.66959 -48.5 1708
0 5.68186 -48.5 1717
0 5.66959 -48.5 1726
0 5.70641 -48.5 1736
0 5.65119 -48.5 1745
0 5.66346 -48.5 1754
0 5.68800 -48.5 1763
0 5.68186 -48.5 1773
0 5.68186 -48.5 1782
0 5.65119 -48.5 1791
0 5.68800 -48.5 1800
0 5.67573 -48.5 1810
0 5.67573 -48.5 1819
0 5.67573 -48.5 1828
0 5.66346 -48.5 1838
0 5.66346 -48.5 1847
0 5.70027 -48.5 1856
0 5.65732 -48.5 1865
0 5.69414 -48.5 1875
0 5.66959 -48.5 1884
0 5.66346 -48.5 1902
0 5.63891 -48.5 1912
0 5.67573 -48.5 1921
0 5.65732 -48.5 1930
0 5.64505 -48.5 1940
0 5.63891 -48.5 1949
0 5.66346 -48.5 1958
0 5.65119 -49.0 1967
0 5.63891 -48.5 1977
0 5.63891 -48.5 1986
0 5.64505 -48.5 1995
