0 5.61437 -50.5 0
0 5.65119 -50.0 9
0 5.61437 -50.0 19
0 5.63278 -50.0 28
0 5.62664 -50.0 37
0 5.63891 -50.0 46
0 5.66346 -50.0 56
0 5.63278 -50.0 65
0 5.64505 -50.0 74
0 5.66959 -50.5 83
0 5.64505 -50.0 93
0 5.62664 -50.5 102
0 5.64505 -50.0 111
0 5.62664 -50.0 120
0 5.62664 -50.0 129
0 5.61437 -50.0 139
0 5.66346 -50.0 148
0 5.62051 -50.0 157
0 5.62664 -50.5 166
0 5.65119 -50.0 176
0 5.63891 -50.0 185
0 5.63278 -50.5 194
0 5.63891 -50.0 203
0 5.62664 -50.0 213
0 5.63278 -50.0 222
0 5.63278 -50.0 231
0 5.64505 -50.0 240
0 5.66959 -50.0 250
0 5.65732 -50.0 259
0 5.62051 -50.0 268
0 5.63891 -50.5 277
0 5.63891 -50.0 287
0 5.65732 -50.0 296
0 5.65732 -50.0 305
0 5.64505 -50.0 314
0 5.70641 -50.0 324
0 5.62051 -50.0 333
0 5.63891 -50.0 342
0 5.63891 -50.0 352
0 5.63891 -50.0 361
0 5.66959 -50.0 370
0 5.64505 -50.5 379
0 5.63278 -50.0 389
0 5.62051 -50.0 398
0 5.62051 -50.0 407
0 5.65732 -50.0 416
0 5.62664 -50.0 426
0 5.63278 -50.0 435
0 5.66346 -50.0 444
0 5.64505 -50.0 454
0 5.65119 -50.0 463
0 5.65119 -50.0 473
0 5.63891 -50.0 482
0 5.62664 -50.0 492
0 5.64505 -50.0 501
0 5.64505 -50.0 510
0 5.62051 -50.0 519
0 5.60823 -50.0 528
0 5.66346 -50.0 537
0 5.65119 -50.0 547
0 5.64505 -50.5 556
0 5.63278 -50.5 566
0 5.63278 -50.0 575
0 5.62051 -50.0 584
0 5.62664 -50.0 594
0 5.61437 -50.0 603
0 5.63891 -50.0 612
0 5.63891 -50.5 621
0 5.64505 -50.5 631
0 5.62051 -50.0 640
0 5.63891 -50.0 649
0 5.62664 -50.0 659
0 5.64505 -50.0 668
0 5.62051 -50.5 677
0 5.61437 -50.5 686
0 5.60823 -50.0 695
0 5.62051 -50.0 705
0 5.65119 -50.0 714
0 5.61437 -50.5 723
0 5.65119 -50.0 732
0 5.64505 -50.0 742
0 5.62664 -50.0 751
0 5.62664 -50.5 760
0 5.63891 -50.0 769
0 5.65119 -50.0 779
0 5.62664 -50.0 788
0 5.63278 -50.0 797
0 5.64505 -50.0 807
0 5.63891 -50.5 816
0 5.62664 -50.0 825
0 5.62051 -50.5 834
0 5.60823 -50.5 843
0 5.62664 -50.0 852
0 5.63278 -50.0 862
0 5.62664 -50.0 871
0 5.64505 -50.0 881
0 5.63278 -50.0 890
0 5.65119 -50.0 899
0 5.63891 -50.0 908
0 5.62051 -50.0 917
0 5.63278 -50.0 927
0 5.62051 -50.0 936
0 5.62664 -50.0 945
0 5.66346 -50.0 954
0 5.66346 -50.0 963
0 5.64505 -50.0 973
0 5.63278 -50.0 982
0 5.65732 -50.0 991
0 5.65119 -50.0 1001
0 5.64505 -50.0 1010
0 5.64505 -50.5 1019
0 5.62051 -50.0 1028
0 5.61437 -50.0 1038
0 5.62051 -50.0 1047
0 5.61437 -50.0 1056
0 5.65119 -50.5 1066
0 5.65119 -50.5 1075
0 5.65119 -50.0 1084
0 5.62664 -50.0 1093
0 5.62664 -50.0 1103
0 5.65119 -50.0 1112
0 5.63891 -50.0 1121
0 5.63278 -50.0 1131
0 5.62664 -50.5 1140
0 5.63891 -50.5 1149
0 5.63278 -50.0 1158
0 5.63278 -50.5 1167
0 5.63891 -50.0 1177
0 5.63278 -50.0 1186
0 5.63278 -50.0 1195
0 5.63891 -50.0 1205
0 5.63278 -50.0 1214
0 5.62664 -50.0 1223
0 5.63278 -50.0 1232
0 5.63278 -50.5 1242
0 5.66346 -50.0 1252
0 5.63891 -50.0 1261
0 5.61437 -50.0 1270
0 5.64505 -50.5 1279
0 5.64505 -50.0 1288
0 5.63278 -50.0 1298
0 5.66346 -50.0 1307
0 5.63278 -50.0 1316
0 5.63278 -50.0 1325
0 5.63278 -50.0 1334
0 5.63891 -50.0 1344
0 5.62664 -50.0 1353
0 5.65119 -50.0 1362
0 5.63278 -50.5 1371
0 5.63278 -50.0 1381
0 5.63278 -50.0 1390
0 5.64505 -50.5 1399
0 5.62664 -50.0 1409
0 5.64505 -50.0 1417
0 5.64505 -50.5 1427
0 5.64505 -50.0 1436
0 5.63891 -50.0 1446
0 5.65732 -50.0 1455
0 5.63278 -50.5 1464
0 5.65119 -50.0 1473
0 5.62664 -50.0 1483
0 5.63891 -50.0 1492
0 5.63891 -50.0 1501
0 5.65732 -50.5 1510
0 5.62664 -50.5 1519
0 5.65732 -50.0 1529
0 5.66346 -50.5 1538
0 5.64505 -50.0 1547
0 5.62664 -50.0 1557
0 5.63891 -50.0 1566
0 5.65732 -50.0 1575
0 5.60823 -50.5 1584
0 5.65732 -50.0 1594
0 5.63278 -50.0 1603
0 5.64505 -50.5 1612
0 5.63278 -50.0 1621
0 5.63891 -50.0 1631
0 5.61437 -50.0 1640
0 5.65732 -50.0 1649
0 5.62664 -50.0 1659
0 5.61437 -50.0 1668
0 5.65119 -50.0 1678
0 5.63278 -50.0 1687
0 5.63278 -50.0 1696
0 5.62664 -50.0 1705
0 5.65732 -50.0 1715
0 5.63278 -50.0 1724
0 5.66346 -50.0 1733
0 5.63891 -50.0 1743
0 5.65119 -50.5 1752
0 5.62051 -50.0 1761
0 5.63278 -50.0 1771
0 5.64505 -50.0 1780
0 5.63278 -50.0 1789
0 5.62051 -50.0 1799
0 5.62664 -50.0 1808
0 5.66959 -50.0 1817
0 5.63278 -50.0 1826
0 5.63278 -50.0 1836
0 5.62664 -50.5 1845
0 5.64505 -50.5 1854
0 5.64505 -50.0 1863
0 5.63278 -50.5 1873
0 5.60823 -50.0 1882
0 5.63891 -50.0 1901
0 5.61437 -50.0 1910
0 5.63278 -50.5 1919
0 5.63891 -50.0 1929
0 5.63891 -50.0 1938
0 5.63278 -50.0 1947
0 5.62664 -50.5 1956
0 5.63891 -50.0 1966
0 5.62051 -50.5 1975
0 5.63891 -50.5 1984
0 5.62664 -50.0 1994
