0 5.57142 -53.5 0
0 5.55301 -53.5 10
0 5.57142 -53.0 19
0 5.52847 -53.5 28
0 5.52233 -53.5 37
0 5.52233 -53.5 46
0 5.54074 -53.5 55
0 5.52847 -53.5 65
0 5.55915 -53.5 74
0 5.53460 -53.5 83
0 5.58369 -53.5 93
0 5.50392 -53.5 102
0 5.53460 -53.5 112
0 5.57142 -53.5 121
0 5.54687 -53.5 130
0 5.53460 -53.5 139
0 5.55301 -53.5 149
0 5.54074 -53.5 158
0 5.54074 -54.0 167
0 5.57755 -53.5 177
0 5.54074 -53.5 186
0 5.58983 -54.0 195
0 5.54074 -54.0 204
0 5.56528 -53.5 213
0 5.56528 -53.5 222
0 5.56528 -54.0 231
0 5.52847 -53.5 241
0 5.54687 -53.5 250
0 5.54074 -53.5 259
0 5.51619 -53.5 268
0 5.52233 -53.5 278
0 5.54687 -53.5 287
0 5.55915 -53.0 296
0 5.57142 -53.5 305
0 5.55915 -53.5 315
0 5.58369 -53.5 324
0 5.55915 -53.5 334
0 5.55915 -53.5 343
0 5.50392 -54.0 352
0 5.53460 -54.0 362
0 5.58983 -53.5 371
0 5.52847 -53.5 380
0 5.54074 -53.5 389
0 5.57755 -53.5 398
0 5.56528 -53.5 408
0 5.57755 -53.5 417
0 5.57755 -54.0 426
0 5.54687 -53.5 435
0 5.54687 -53.5 445
0 5.52847 -54.0 454
0 5.52233 -53.5 463
0 5.57755 -53.5 473
0 5.54687 -53.5 482
0 5.53460 -53.5 492
0 5.55301 -53.5 501
0 5.56528 -53.5 510
0 5.55301 -53.5 519
0 5.57142 -54.0 528
0 5.53460 -53.5 538
0 5.55301 -53.5 547
0 5.53460 -53.5 556
0 5.57755 -53.5 565
0 5.54687 -53.5 574
0 5.55301 -53.5 584
0 5.55915 -53.5 593
0 5.54687 -53.5 603
0 5.58983 -53.5 612
0 5.55301 -53.5 622
0 5.58983 -53.5 631
0 5.55915 -53.5 640
0 5.57142 -53.5 649
0 5.54074 -53.5 658
0 5.54687 -53.5 668
0 5.52847 -54.0 677
0 5.54687 -53.5 686
0 5.54687 -53.5 695
0 5.57755 -53.5 705
0 5.54074 -53.5 714
0 5.54074 -53.5 723
0 5.54074 -54.0 733
0 5.54687 -53.5 742
0 5.58983 -54.0 751
0 5.55301 -53.5 760
0 5.56528 -53.5 770
0 5.53460 -53.5 779
0 5.57142 -53.5 788
0 5.55301 -53.5 797
0 5.57755 -53.5 806
0 5.56528 -53.5 816
0 5.59596 -53.5 825
0 5.57142 -53.5 834
0 5.54074 -53.5 843
0 5.58983 -53.5 853
0 5.52233 -53.5 862
0 5.52233 -53.5 871
0 5.55915 -53.5 880
0 5.54074 -54.0 890
0 5.58369 -53.5 899
0 5.56528 -53.5 909
0 5.52847 -53.5 918
0 5.54687 -53.5 927
0 5.54687 -53.5 937
0 5.58369 -53.5 946
0 5.53460 -53.5 955
0 5.54687 -53.5 964
0 5.56528 -54.0 973
0 5.55301 -53.5 983
0 5.57755 -53.5 992
0 5.55301 -53.5 1001
0 5.52847 -53.5 1011
0 5.54074 -53.5 1020
0 5.51619 -53.5 1029
0 5.57755 -53.5 1038
0 5.57142 -53.5 1048
0 5.54687 -53.5 1057
0 5.54687 -53.5 1066
0 5.55915 -53.5 1075
0 5.52847 -53.5 1085
0 5.55301 -53.5 1094
0 5.57755 -53.5 1103
0 5.55915 -53.5 1112
0 5.55301 -53.5 1121
0 5.57142 -53.5 1131
0 5.54074 -53.5 1140
0 5.60210 -53.5 1149
0 5.58369 -53.5 1159
0 5.53460 -53.5 1168
0 5.53460 -53.5 1177
0 5.54074 -53.5 1186
0 5.52847 -54.0 1195
0 5.57755 -53.5 1205
0 5.55915 -54.0 1214
0 5.54687 -54.0 1223
0 5.53460 -53.5 1233
0 5.55301 -53.5 1242
0 5.57755 -53.5 1252
0 5.54687 -54.0 1261
0 5.54687 -54.0 1270
0 5.53460 -53.5 1279
0 5.55915 -54.0 1288
0 5.54687 -53.0 1298
0 5.55301 -53.5 1307
0 5.57142 -53.5 1316
0 5.54074 -53.5 1326
0 5.55915 -53.5 1335
0 5.57142 -53.5 1344
0 5.52233 -53.5 1353
0 5.54687 -54.0 1363
0 5.57755 -53.5 1372
0 5.58369 -53.5 1382
0 5.58983 -53.5 1391
0 5.56528 -54.0 1400
0 5.54687 -53.5 1409
0 5.51006 -53.5 1419
0 5.52847 -53.5 1428
0 5.55915 -53.5 1437
0 5.56528 -53.5 1446
0 5.54074 -53.5 1456
0 5.54687 -53.5 1465
0 5.58369 -53.5 1474
0 5.54687 -53.5 1484
0 5.57142 -53.5 1493
0 5.53460 -53.5 1502
0 5.57755 -53.5 1512
0 5.52847 -54.0 1521
0 5.57142 -53.5 1530
0 5.58369 -53.5 1539
0 5.54687 -53.5 1549
0 5.57142 -53.5 1558
0 5.58369 -53.5 1567
0 5.54687 -53.5 1576
0 5.54687 -54.0 1586
0 5.56528 -54.0 1595
0 5.55301 -53.5 1604
0 5.59596 -53.5 1614
0 5.53460 -53.5 1623
0 5.54074 -53.5 1633
0 5.55915 -53.5 1642
0 5.55301 -54.0 1651
0 5.57142 -53.5 1660
0 5.54074 -53.5 1670
0 5.55301 -54.0 1679
0 5.55301 -53.5 1688
0 5.55301 -53.5 1698
0 5.55301 -53.5 1707
0 5.54687 -53.5 1716
0 5.60823 -53.5 1725
0 5.57142 -54.0 1735
0 5.54687 -53.5 1744
0 5.55301 -54.0 1753
0 5.62051 -54.0 1763
0 5.53460 -53.5 1772
0 5.55915 -53.5 1781
0 5.54687 -53.5 1791
0 5.55301 -53.5 1800
0 5.52847 -54.0 1809
0 5.57142 -53.5 1818
0 5.56528 -53.5 1827
0 5.54074 -54.0 1837
0 5.57142 -53.5 1846
0 5.58983 -53.5 1855
0 5.53460 -53.5 1865
0 5.57142 -53.5 1874
0 5.55915 -54.0 1883
0 5.53460 -53.5 1901
0 5.52847 -53.5 1911
0 5.54687 -53.5 1920
0 5.52847 -53.5 1929
0 5.52233 -53.5 1939
0 5.51006 -53.5 1948
0 5.57142 -54.0 1957
0 5.52233 -53.5 1967
0 5.56528 -53.5 1976
0 5.52847 -53.5 1985
0 5.52233 -53.5 1994
