0 5.74936 -46.5 0
0 5.78618 -46.5 9
0 5.74936 -46.5 19
0 5.76777 -46.5 28
0 5.75550 -46.5 37
0 5.76777 -46.5 47
0 5.79845 -46.5 56
0 5.76163 -46.5 65
0 5.76777 -46.5 74
0 5.78618 -46.5 84
0 5.75550 -46.0 93
0 5.76163 -46.5 102
0 5.78004 -46.5 111
0 5.75550 -46.5 121
0 5.76777 -46.5 130
0 5.74936 -46.5 139
0 5.75550 -46.5 148
0 5.74936 -46.5 158
0 5.76163 -46.5 167
0 5.74322 -46.5 176
0 5.76163 -46.5 185
0 5.76777 -46.5 195
0 5.76777 -46.5 204
0 5.76777 -46.5 213
0 5.77390 -46.5 223
0 5.77390 -46.5 232
0 5.74936 -46.5 241
0 5.76163 -46.5 250
0 5.74936 -46.5 260
0 5.75550 -46.5 269
0 5.74936 -46.5 278
0 5.76777 -46.5 288
0 5.76777 -46.0 297
0 5.78004 -46.5 306
0 5.77390 -46.5 315
0 5.76163 -46.5 325
0 5.76163 -46.5 334
0 5.74936 -46.5 343
0 5.76163 -46.5 352
0 5.78004 -46.5 362
0 5.76163 -46.5 371
0 5.79231 -46.5 380
0 5.77390 -46.0 390
0 5.76163 -46.5 399
0 5.76777 -46.5 408
0 5.76777 -46.5 417
0 5.78004 -46.5 426
0 5.77390 -46.5 435
0 5.76163 -46.0 445
0 5.77390 -46.5 454
0 5.76777 -46.5 463
0 5.75550 -46.5 473
0 5.75550 -46.5 482
0 5.76777 -46.5 491
0 5.77390 -46.5 501
0 5.75550 -46.5 510
0 5.77390 -46.5 519
0 5.78004 -46.5 528
0 5.76163 -46.5 537
0 5.76777 -46.5 547
0 5.74936 -46.5 556
0 5.78618 -46.0 565
0 5.76777 -46.5 574
0 5.76163 -46.5 584
0 5.78618 -46.5 593
0 5.75550 -46.0 602
0 5.78618 -46.5 612
0 5.76163 -46.5 621
0 5.77390 -46.5 630
0 5.78004 -46.5 639
0 5.77390 -46.5 648
0 5.75550 -46.5 658
0 5.76163 -46.5 667
0 5.76777 -46.5 676
0 5.77390 -46.5 685
0 5.76163 -46.5 695
0 5.79845 -46.5 704
0 5.78618 -46.5 713
0 5.76163 -46.5 723
0 5.76163 -46.5 732
0 5.78004 -46.5 742
0 5.76777 -46.0 751
0 5.76163 -46.5 760
0 5.76777 -46.5 769
0 5.76163 -46.5 779
0 5.75550 -46.5 788
0 5.77390 -46.5 797
0 5.76777 -46.0 806
0 5.79231 -46.5 815
0 5.78618 -46.5 825
0 5.79231 -46.5 834
0 5.76163 -46.5 843
0 5.78004 -46.5 852
0 5.78618 -46.5 862
0 5.78004 -46.5 871
0 5.76777 -46.5 880
0 5.77390 -46.5 889
0 5.76163 -46.5 898
0 5.78004 -46.5 908
0 5.75550 -46.0 917
0 5.78004 -46.5 926
0 5.78004 -46.5 935
0 5.77390 -46.5 944
0 5.78004 -46.5 954
0 5.78004 -46.5 963
0 5.78004 -46.5 973
0 5.78004 -46.5 982
0 5.76163 -46.5 991
0 5.77390 -46.5 1000
0 5.76777 -46.0 1010
0 5.77390 -46.5 1019
0 5.75550 -46.5 1028
0 5.76163 -46.0 1038
0 5.76163 -46.5 1047
0 5.78004 -46.0 1056
0 5.76777 -46.5 1066
0 5.77390 -46.5 1075
0 5.76163 -46.5 1084
0 5.76163 -46.5 1093
0 5.77390 -46.5 1103
0 5.76777 -46.5 1112
0 5.77390 -46.5 1121
0 5.77390 -46.5 1130
0 5.79231 -46.5 1139
0 5.78004 -46.5 1149
0 5.75550 -46.5 1158
0 5.78618 -46.5 1167
0 5.77390 -46.5 1177
0 5.77390 -46.5 1186
0 5.76163 -46.5 1195
0 5.76163 -46.5 1205
0 5.78004 -46.5 1214
0 5.77390 -46.5 1223
0 5.77390 -46.0 1232
0 5.77390 -46.5 1242
0 5.76777 -46.5 1251
0 5.77390 -46.0 1260
0 5.76777 -46.5 1269
0 5.78618 -46.5 1279
0 5.77390 -46.5 1288
0 5.79845 -46.5 1297
0 5.76163 -46.5 1306
0 5.76777 -46.5 1316
0 5.78618 -46.5 1325
0 5.78618 -46.5 1334
0 5.77390 -46.5 1344
0 5.76163 -46.5 1353
0 5.76777 -46.5 1362
0 5.76777 -46.5 1371
0 5.78618 -46.5 1380
0 5.76777 -46.5 1390
0 5.76777 -46.5 1399
0 5.78004 -46.5 1408
0 5.76163 -46.0 1418
0 5.76777 -46.5 1427
0 5.78004 -46.5 1436
0 5.77390 -46.5 1445
0 5.79231 -46.5 1455
0 5.79845 -46.5 1464
0 5.78004 -46.5 1473
0 5.76163 -46.0 1483
0 5.80458 -46.5 1492
0 5.76777 -46.5 1501
0 5.77390 -46.5 1510
0 5.78004 -46.5 1520
0 5.76777 -46.5 1529
0 5.76777 -46.5 1538
0 5.77390 -46.5 1547
0 5.78618 -46.5 1556
0 5.79231 -46.5 1566
0 5.76777 -46.5 1575
0 5.75550 -46.5 1584
0 5.75550 -46.5 1593
0 5.78004 -46.5 1602
0 5.76777 -46.5 1612
0 5.76163 -46.5 1621
0 5.78618 -46.0 1630
0 5.77390 -46.5 1640
0 5.78004 -46.5 1649
0 5.77390 -46.0 1658
0 5.77390 -46.5 1668
0 5.77390 -46.5 1677
0 5.78618 -46.5 1686
0 5.76777 -46.5 1696
0 5.77390 -46.5 1705
0 5.76163 -46.5 1714
0 5.76777 -46.5 1723
0 5.78618 -46.5 1732
0 5.76777 -46.5 1742
0 5.77390 -46.5 1752
0 5.78004 -46.5 1762
0 5.78004 -46.5 1771
0 5.78618 -46.0 1780
0 5.76777 -46.5 1789
0 5.78004 -46.5 1799
0 5.76777 -46.5 1808
0 5.79231 -46.5 1817
0 5.76777 -46.5 1827
0 5.77390 -46.0 1836
0 5.76777 -46.5 1846
0 5.76777 -46.5 1855
0 5.77390 -46.5 1864
0 5.76163 -46.0 1873
0 5.78004 -46.5 1883
0 5.74936 -46.5 1901
0 5.74936 -46.5 1910
0 5.76777 -46.5 1919
0 5.75550 -46.5 1929
0 5.76777 -46.5 1938
0 5.74936 -46.5 1947
0 5.75550 -46.5 1956
0 5.78004 -46.5 1965
0 5.74936 -46.5 1975
