0 5.35666 -58.5 0
0 5.38734 -58.5 9
0 5.39961 -58.5 19
0 5.42416 -58.5 28
0 5.38120 -58.5 37
0 5.36280 -58.5 47
0 5.44870 -58.5 56
0 5.41188 -58.5 65
0 5.42416 -58.5 75
0 5.44870 -59.0 84
0 5.44870 -58.5 93
0 5.41802 -58.5 102
0 5.39961 -58.5 112
0 5.42416 -58.5 121
0 5.47324 -58.5 130
0 5.39348 -58.5 140
0 5.38734 -58.5 149
0 5.41188 -58.5 158
0 5.37507 -58.0 167
0 5.40575 -58.5 176
0 5.38120 -58.0 186
0 5.41802 -58.5 195
0 5.39348 -58.5 205
0 5.41802 -58.5 214
0 5.41188 -58.5 223
0 5.41188 -58.5 232
0 5.42416 -58.5 242
0 5.46097 -58.5 250
0 5.42416 -58.5 260
0 5.43643 -58.5 269
0 5.43643 -58.5 278
0 5.37507 -59.0 287
0 5.38734 -58.5 297
0 5.39961 -58.5 306
0 5.42416 -58.5 315
0 5.38734 -59.0 324
0 5.43643 -58.5 334
0 5.43643 -58.5 343
0 5.36280 -58.5 352
0 5.43029 -59.0 361
0 5.47938 -58.5 371
0 5.41188 -58.0 380
0 5.41188 -58.5 389
0 5.39348 -58.5 398
0 5.40575 -58.5 408
0 5.39348 -58.5 417
0 5.39961 -58.5 426
0 5.41188 -58.5 435
0 5.42416 -58.5 444
0 5.37507 -58.5 454
0 5.47324 -58.5 463
0 5.42416 -58.5 472
0 5.38734 -58.5 482
0 5.40575 -59.0 491
0 5.40575 -58.5 500
0 5.39348 -59.0 509
0 5.43029 -58.5 518
0 5.44870 -58.5 528
0 5.41802 -58.5 537
0 5.43643 -58.5 546
0 5.40575 -58.5 556
0 5.43643 -58.5 565
0 5.40575 -58.5 574
0 5.39961 -58.5 584
0 5.40575 -58.5 593
0 5.39348 -59.0 602
0 5.44870 -58.5 611
0 5.40575 -58.5 621
0 5.39961 -58.5 630
0 5.48552 -58.5 639
0 5.43029 -58.5 648
0 5.39961 -58.5 658
0 5.39961 -58.5 667
0 5.45484 -58.5 677
0 5.38734 -58.5 686
0 5.42416 -59.0 695
0 5.40575 -58.5 704
0 5.38734 -58.5 714
0 5.38734 -58.5 723
0 5.38734 -59.0 732
0 5.46097 -58.5 742
0 5.37507 -58.5 751
0 5.41188 -59.0 760
0 5.43029 -58.5 769
0 5.38120 -59.0 778
0 5.40575 -58.5 788
0 5.35666 -58.5 797
0 5.40575 -58.5 807
0 5.39961 -58.5 816
0 5.41188 -59.0 825
0 5.43029 -58.5 834
0 5.41802 -58.5 844
0 5.44256 -58.5 853
0 5.43643 -58.5 862
0 5.40575 -59.0 871
0 5.38734 -58.5 881
0 5.41188 -58.5 890
0 5.41802 -58.5 899
0 5.42416 -58.5 909
0 5.41188 -58.5 920
0 5.41188 -59.0 929
0 5.43643 -59.0 938
0 5.38120 -58.5 948
0 5.39348 -59.0 957
0 5.41802 -58.5 966
0 5.41802 -58.5 975
0 5.39961 -58.0 985
0 5.39348 -58.5 994
0 5.37507 -58.5 1003
0 5.38734 -58.5 1013
0 5.42416 -58.5 1022
0 5.40575 -58.5 1031
0 5.39961 -58.0 1040
0 5.40575 -58.5 1050
0 5.43029 -58.5 1059
0 5.42416 -58.5 1068
0 5.44870 -58.5 1078
0 5.36893 -58.5 1087
0 5.44256 -58.5 1096
0 5.43029 -58.5 1105
0 5.37507 -58.5 1115
0 5.41188 -58.5 1124
0 5.41188 -58.5 1133
0 5.38734 -58.5 1143
0 5.36280 -58.0 1152
0 5.43029 -58.5 1161
0 5.43029 -58.5 1170
0 5.41802 -58.5 1180
0 5.36893 -58.5 1189
0 5.37507 -58.5 1199
0 5.37507 -58.5 1208
0 5.39961 -58.5 1217
0 5.39961 -58.5 1226
0 5.43643 -58.5 1235
0 5.41188 -58.5 1245
0 5.42416 -58.5 1254
0 5.41188 -58.5 1263
0 5.35052 -58.5 1272
0 5.37507 -58.5 1282
0 5.36280 -59.0 1291
0 5.41188 -58.5 1300
0 5.41188 -58.0 1309
0 5.41802 -58.5 1319
0 5.38734 -59.0 1328
0 5.39961 -58.5 1337
0 5.36893 -58.5 1346
0 5.41188 -58.5 1355
0 5.36893 -58.5 1365
0 5.44256 -59.0 1374
0 5.41802 -58.5 1383
0 5.41802 -58.5 1393
0 5.39961 -58.5 1402
0 5.41188 -58.5 1411
0 5.38734 -58.5 1421
0 5.40575 -58.5 1430
0 5.38120 -59.0 1439
0 5.42416 -58.5 1448
0 5.44256 -59.0 1458
0 5.39961 -58.5 1467
0 5.41188 -58.5 1476
0 5.41188 -58.5 1485
0 5.39961 -58.5 1495
0 5.35666 -58.5 1504
0 5.41802 -58.5 1514
0 5.40575 -58.5 1522
0 5.39348 -58.5 1532
0 5.41188 -58.5 1541
0 5.44256 -58.5 1551
0 5.38120 -58.5 1560
0 5.36893 -58.5 1569
0 5.39961 -58.5 1578
0 5.43029 -58.5 1588
0 5.40575 -58.5 1597
0 5.42416 -58.5 1606
0 5.38120 -58.5 1615
0 5.43029 -58.5 1624
0 5.41802 -58.5 1634
0 5.31985 -58.5 1643
0 5.35052 -58.5 1652
0 5.39348 -58.5 1662
0 5.37507 -58.5 1671
0 5.45484 -58.5 1680
0 5.37507 -58.5 1690
0 5.38734 -58.5 1699
0 5.36893 -58.5 1708
0 5.41188 -58.5 1718
0 5.43643 -58.5 1727
0 5.43029 -58.5 1736
0 5.39348 -58.5 1745
0 5.42416 -58.5 1755
0 5.42416 -58.5 1764
0 5.42416 -59.0 1773
0 5.43643 -58.5 1783
0 5.41802 -59.0 1792
0 5.39348 -59.0 1801
0 5.39961 -59.0 1810
0 5.39348 -58.5 1820
0 5.35052 -58.5 1829
0 5.36280 -58.5 1838
0 5.35666 -58.5 1848
0 5.38120 -58.5 1857
0 5.40575 -58.5 1866
0 5.41188 -58.5 1875
0 5.39961 -58.5 1885
0 5.35052 -58.5 1903
0 5.43029 -58.5 1913
0 5.42416 -58.5 1922
0 5.41802 -58.5 1931
0 5.40575 -58.5 1940
0 5.36893 -58.5 1949
0 5.39961 -58.5 1959
0 5.41802 -58.5 1968
0 5.35666 -58.5 1977
0 5.39961 -58.5 1987
0 5.38120 -58.5 1996
0 5.40575 -58.5 2005
