0 0.22089 -67.0 0
0 6.26478 -67.0 17
0 0.08590 -67.0 29
0 0.09204 -66.5 38
0 6.19728 -67.5 50
0 0.09817 -67.0 59
0 0.00614 -67.5 69
0 0.15953 -67.0 78
0 0.06750 -67.5 87
0 0.17794 -67.5 96
0 0.05522 -66.5 105
0 0.10431 -67.5 114
0 0.16567 -67.5 124
0 0.10431 -67.0 133
0 0.11045 -67.5 142
0 0.16567 -67.5 151
0 0.12272 -68.0 161
0 0.13499 -67.5 170
0 0.26384 -68.0 184
0 0.10431 -68.0 193
0 0.12885 -67.5 202
0 0.14113 -68.0 211
0 0.09204 -67.0 221
0 0.11658 -68.5 230
0 0.11658 -68.0 239
0 0.10431 -67.5 248
0 0.17794 -67.0 258
0 0.09204 -67.5 267
0 0.14113 -67.5 276
0 0.04909 -67.5 285
0 6.22183 -67.5 294
0 0.24544 -67.5 304
0 0.01841 -67.5 313
0 0.06750 -68.0 323
0 0.06136 -67.5 332
0 0.11045 -67.5 341
0 0.10431 -67.5 350
0 0.10431 -67.5 359
0 0.19021 -68.0 369
0 0.03068 -67.5 378
0 0.07363 -68.0 387
0 6.25251 -67.5 396
0 0.14726 -67.5 406
0 0.06750 -68.5 415
0 0.08590 -67.5 424
0 0.16567 -67.5 433
0 0.14726 -67.5 443
0 0.22089 -68.0 452
0 0.06136 -68.0 461
0 0.06136 -67.5 470
0 0.03068 -68.0 480
0 0.09817 -67.0 489
0 0.06750 -68.0 498
0 0.20862 -67.5 508
0 0.03682 -68.0 517
0 0.04909 -68.0 526
0 6.27091 -67.5 535
0 0.18408 -68.0 545
0 0.17181 -67.5 554
0 0.17794 -67.5 563
0 0.02454 -67.5 573
0 0.20249 -68.5 582
0 0.10431 -67.0 591
0 0.11045 -67.5 601
0 0.11045 -68.0 610
0 0.12272 -68.0 619
0 6.25864 -67.5 628
0 0.17794 -67.0 637
0 6.24637 -68.5 647
0 0.12272 -67.5 656
0 0.13499 -68.0 665
0 6.25251 -67.5 675
0 0.00000 -67.5 689
0 0.20249 -67.5 698
0 0.07363 -67.5 707
0 0.00614 -68.0 716
0 0.04909 -67.5 726
0 0.14113 -68.0 735
0 0.20249 -68.0 744
0 0.04909 -68.0 754
0 0.11045 -67.5 763
0 0.12272 -68.5 773
0 0.09817 -69.0 782
0 0.16567 -67.5 791
0 0.03682 -68.5 800
0 6.25864 -68.0 810
0 0.12272 -68.0 819
0 0.15953 -68.0 828
0 0.11658 -67.5 837
0 0.16567 -67.5 846
0 0.09204 -67.5 856
0 0.05522 -68.0 865
0 0.07977 -67.0 874
0 0.04909 -68.0 884
0 0.14113 -68.0 893
0 0.13499 -67.5 902
0 0.06750 -67.5 912
0 0.12272 -67.5 921
0 0.20862 -67.5 930
0 0.22089 -67.5 940
0 6.25251 -67.5 949
0 0.04909 -68.0 958
0 0.02454 -67.5 968
0 0.06750 -68.0 977
0 0.02454 -67.5 986
0 0.05522 -68.0 995
0 0.08590 -67.5 1004
0 0.20862 -68.0 1013
0 0.04909 -68.0 1023
0 0.12885 -68.0 1032
0 0.17794 -68.5 1041
0 0.04909 -68.0 1051
0 0.12272 -68.0 1060
0 0.13499 -67.5 1069
0 0.08590 -68.5 1079
0 0.20249 -68.0 1088
0 0.03682 -68.0 1097
0 0.02454 -67.5 1107
0 0.04909 -67.5 1116
0 0.19021 -67.5 1125
0 0.03682 -68.5 1134
0 0.09204 -67.5 1143
0 6.22796 -67.5 1153
0 0.25157 -67.5 1162
0 0.10431 -68.5 1171
0 0.13499 -67.5 1181
0 0.10431 -68.0 1190
0 0.04295 -67.0 1199
0 0.03068 -68.0 1208
0 0.09817 -67.5 1217
0 0.19021 -68.0 1227
0 0.20249 -67.5 1236
0 0.06750 -68.0 1245
0 0.11658 -68.0 1259
0 0.15953 -67.5 1268
0 0.16567 -68.0 1278
0 0.11658 -68.0 1287
0 0.20249 -68.0 1297
0 0.07363 -68.0 1306
0 0.06750 -68.0 1315
0 0.08590 -68.0 1324
0 6.27705 -67.5 1334
0 0.11658 -68.0 1343
0 0.17181 -67.5 1352
0 0.09204 -67.5 1361
0 6.27091 -67.5 1370
0 6.25251 -68.0 1380
0 0.15340 -68.0 1389
0 0.12885 -67.5 1398
0 0.21476 -68.0 1408
0 0.12272 -67.5 1417
0 0.07977 -67.5 1426
0 0.04295 -68.0 1436
0 0.17794 -68.0 1445
0 0.14113 -68.0 1454
0 0.06750 -68.0 1463
0 0.15340 -68.5 1473
0 0.18408 -68.0 1482
0 6.24637 -67.5 1491
0 0.11045 -68.0 1501
0 0.09204 -67.5 1510
0 6.27705 -67.5 1519
0 0.18408 -68.0 1528
0 0.05522 -68.0 1537
0 0.06136 -68.0 1547
0 0.07363 -68.0 1556
0 0.00614 -68.0 1565
0 0.03068 -68.0 1574
0 0.20862 -68.0 1584
0 0.18408 -68.0 1594
0 0.04295 -67.5 1603
0 0.07977 -68.0 1613
0 0.10431 -68.0 1622
0 0.08590 -68.5 1631
0 0.08590 -68.0 1640
0 0.07363 -68.5 1650
0 0.04909 -68.0 1659
0 0.15953 -68.0 1668
0 0.01841 -67.5 1677
0 0.11045 -68.0 1686
0 0.09204 -68.0 1696
0 0.06136 -68.5 1705
0 6.27091 -68.0 1714
0 6.22183 -67.5 1723
0 0.10431 -67.5 1733
0 0.14113 -68.0 1742
0 0.16567 -67.5 1751
0 0.02454 -68.0 1761
0 0.10431 -68.5 1770
0 0.10431 -68.5 1779
0 0.04295 -67.5 1788
0 0.13499 -68.0 1798
0 0.05522 -68.0 1807
0 0.04909 -67.5 1817
0 0.05522 -68.0 1826
0 0.06750 -68.0 1835
0 0.09204 -68.0 1844
0 0.02454 -67.5 1854
0 0.09204 -67.5 1863
0 0.18408 -68.5 1873
0 6.26478 -68.5 1882
0 0.01227 -67.5 1905
0 0.00614 -67.5 1914
0 0.09204 -68.5 1924
0 0.04295 -68.0 1933
0 6.27091 -68.0 1943
0 0.12272 -68.5 1952
0 0.26998 -68.5 1961
0 0.14113 -68.5 1971
0 0.22089 -68.0 1980
