0 5.71254 -58.0 0
0 5.74936 -58.5 9
0 5.73095 -58.0 18
0 5.70641 -58.0 27
0 5.73095 -58.0 37
0 5.71254 -58.0 46
0 5.76163 -57.5 55
0 5.70641 -58.0 64
0 5.78004 -58.0 74
0 5.73709 -58.0 83
0 5.71254 -58.0 92
0 5.70027 -58.0 102
0 5.71868 -57.5 111
0 5.73709 -58.0 120
0 5.68800 -58.0 129
0 5.73095 -57.5 139
0 5.76163 -58.0 148
0 5.75550 -58.0 157
0 5.71254 -58.0 167
0 5.71868 -58.5 176
0 5.76777 -58.0 185
0 5.71868 -58.0 194
0 5.70027 -58.0 204
0 5.71868 -58.5 213
0 5.76163 -58.0 222
0 5.75550 -58.0 231
0 5.71254 -58.0 241
0 5.73095 -58.0 250
0 5.70027 -58.0 259
0 5.74936 -58.0 269
0 5.71868 -58.5 278
0 5.74322 -58.0 287
0 5.74322 -58.0 296
0 5.74936 -58.0 305
0 5.71254 -58.5 315
0 5.72482 -58.0 324
0 5.72482 -58.0 333
0 5.74936 -58.0 343
0 5.72482 -58.0 352
0 5.74936 -58.0 361
0 5.73709 -58.0 371
0 5.76163 -58.0 380
0 5.73095 -58.5 389
0 5.72482 -58.0 398
0 5.69414 -58.5 407
0 5.73095 -58.5 417
0 5.77390 -58.0 426
0 5.77390 -58.0 435
0 5.70641 -58.0 445
0 5.73095 -58.0 454
0 5.80458 -58.0 463
0 5.70027 -58.0 472
0 5.72482 -58.0 482
0 5.75550 -58.0 491
0 5.73709 -58.0 500
0 5.74936 -58.0 509
0 5.77390 -58.0 519
0 5.73095 -58.0 528
0 5.76163 -58.0 537
0 5.74322 -58.0 547
0 5.76163 -58.0 556
0 5.74936 -58.0 565
0 5.73709 -58.0 575
0 5.76777 -58.0 584
0 5.72482 -58.0 593
0 5.70641 -58.0 602
0 5.73709 -58.0 612
0 5.75550 -58.0 621
0 5.74936 -58.0 630
0 5.68800 -58.0 639
0 5.72482 -58.0 649
0 5.71868 -58.0 658
0 5.73709 -58.0 668
0 5.72482 -58.0 677
0 5.72482 -58.0 686
0 5.74936 -58.0 696
0 5.71868 -58.5 705
0 5.73095 -57.5 714
0 5.66346 -58.0 723
0 5.73095 -58.0 733
0 5.73709 -58.0 742
0 5.75550 -58.0 751
0 5.74322 -58.0 761
0 5.75550 -58.5 770
0 5.76163 -58.0 779
0 5.76163 -58.0 788
0 5.70641 -58.0 798
0 5.72482 -58.0 807
0 5.74322 -58.0 816
0 5.73709 -58.0 826
0 5.74936 -58.0 835
0 5.74936 -58.0 844
0 5.75550 -58.0 853
0 5.70641 -58.0 863
0 5.76777 -58.0 872
0 5.70641 -58.0 882
0 5.71254 -57.5 891
0 5.73095 -58.0 900
0 5.73095 -58.0 910
0 5.72482 -58.0 919
0 5.76163 -58.0 928
0 5.71254 -58.5 937
0 5.75550 -58.0 947
0 5.76163 -58.0 956
0 5.71868 -58.5 965
0 5.74322 -58.0 974
0 5.74322 -58.0 984
0 5.76777 -58.0 993
0 5.74936 -58.0 1002
0 5.69414 -58.0 1011
0 5.74936 -58.0 1021
0 5.73095 -58.0 1030
0 5.70641 -58.0 1039
0 5.73095 -58.0 1048
0 5.73709 -58.0 1057
0 5.78004 -58.0 1067
0 5.73709 -58.0 1076
0 5.74322 -58.5 1085
0 5.73709 -58.0 1095
0 5.78004 -58.0 1104
0 5.73095 -58.0 1113
0 5.73095 -58.0 1122
0 5.74936 -58.0 1132
0 5.73095 -58.0 1141
0 5.73709 -58.0 1150
0 5.72482 -58.0 1159
0 5.71254 -58.0 1169
0 5.73709 -58.0 1178
0 5.74936 -58.0 1187
0 5.70027 -58.0 1197
0 5.74322 -58.0 1206
0 5.73709 -58.0 1215
0 5.71254 -58.0 1224
0 5.67573 -58.0 1234
0 5.73709 -58.5 1243
0 5.73709 -58.0 1252
0 5.74322 -58.0 1261
0 5.74322 -58.0 1271
0 5.71254 -58.5 1280
0 5.71868 -58.0 1290
0 5.71868 -58.0 1299
0 5.71254 -58.0 1308
0 5.70641 -58.0 1318
0 5.72482 -58.0 1327
0 5.76163 -58.0 1336
0 5.69414 -58.0 1345
0 5.73709 -58.0 1354
0 5.73709 -58.5 1363
0 5.76163 -58.0 1373
0 5.72482 -58.0 1382
0 5.73095 -58.0 1391
0 5.74322 -58.0 1401
0 5.77390 -58.0 1410
0 5.71254 -58.0 1419
0 5.74322 -58.5 1428
0 5.76163 -58.0 1438
0 5.71868 -58.0 1447
0 5.74322 -58.5 1457
0 5.73709 -58.0 1466
0 5.71868 -58.0 1475
0 5.71254 -58.0 1484
0 5.73095 -58.0 1493
0 5.73095 -58.0 1502
0 5.74322 -58.0 1512
0 5.74936 -58.0 1521
0 5.71254 -58.5 1530
0 5.73709 -58.0 1540
0 5.71868 -58.0 1549
0 5.82299 -57.5 1558
0 5.72482 -58.0 1567
0 5.74322 -58.0 1577
0 5.74936 -58.0 1586
0 5.74936 -58.0 1595
0 5.74322 -58.0 1605
0 5.74322 -58.0 1614
0 5.75550 -58.0 1623
0 5.71254 -58.5 1632
0 5.76163 -58.5 1642
0 5.75550 -58.0 1651
0 5.71868 -58.0 1660
0 5.70641 -58.0 1670
0 5.76163 -58.0 1679
0 5.74936 -58.0 1688
0 5.73709 -58.0 1698
0 5.78004 -58.0 1707
0 5.78004 -58.0 1716
0 5.73095 -57.5 1726
0 5.72482 -58.0 1735
0 5.69414 -58.0 1744
0 5.71868 -58.5 1754
0 5.68800 -58.0 1763
0 5.77390 -58.0 1772
0 5.68186 -58.0 1781
0 5.74936 -58.0 1791
0 5.75550 -58.0 1800
0 5.73095 -58.0 1809
0 5.70027 -58.0 1818
0 5.73709 -58.0 1828
0 5.70641 -58.0 1837
0 5.74322 -58.0 1846
0 5.73095 -58.5 1856
0 5.73095 -58.0 1865
0 5.70641 -58.0 1874
0 5.73709 -58.0 1884
0 5.71868 -58.0 1902
0 5.71868 -58.0 1911
0 5.72482 -58.0 1920
0 5.73709 -58.5 1929
0 5.72482 -58.0 1939
0 5.72482 -58.0 1948
0 5.70641 -58.0 1957
0 5.70641 -58.5 1966
0 5.70027 -58.0 1976
0 5.70027 -58.0 1985
