0 5.64505 -53.0 0
0 5.64505 -53.0 9
0 5.65119 -53.0 19
0 5.64505 -53.0 28
0 5.62664 -53.5 37
0 5.66346 -53.5 47
0 5.66959 -53.0 56
0 5.63278 -53.5 65
0 5.61437 -53.0 75
0 5.65119 -53.5 84
0 5.63891 -53.0 93
0 5.67573 -53.0 103
0 5.67573 -53.0 112
0 5.68186 -53.5 121
0 5.68186 -53.0 131
0 5.71254 -53.0 140
0 5.63891 -53.5 149
0 5.62664 -53.0 158
0 5.62051 -53.0 167
0 5.62051 -53.0 177
0 5.63891 -53.5 186
0 5.63891 -53.0 195
0 5.65732 -53.5 205
0 5.65119 -53.0 214
0 5.65732 -53.0 224
0 5.63278 -53.5 233
0 5.63891 -53.0 242
0 5.66959 -53.0 251
0 5.64505 -53.0 260
0 5.63891 -53.0 270
0 5.64505 -53.0 279
0 5.62664 -53.5 288
0 5.63278 -53.0 298
0 5.63891 -53.0 307
0 5.66959 -53.5 317
0 5.65732 -53.5 326
0 5.63278 -53.0 335
0 5.62664 -53.0 345
0 5.66346 -53.0 354
0 5.63891 -53.5 363
0 5.66959 -53.5 373
0 5.63278 -53.0 382
0 5.65732 -53.0 392
0 5.64505 -53.0 401
0 5.65732 -53.5 410
0 5.65119 -53.5 419
0 5.63891 -53.0 428
0 5.66959 -53.0 438
0 5.66346 -53.0 447
0 5.65732 -53.0 456
0 5.65732 -53.0 465
0 5.65732 -53.0 475
0 5.64505 -53.0 484
0 5.65119 -53.0 493
0 5.63891 -53.0 502
0 5.63891 -53.0 512
0 5.65119 -53.5 521
0 5.62051 -53.5 530
0 5.64505 -53.0 539
0 5.65119 -53.0 549
0 5.66959 -53.0 558
0 5.65119 -53.0 568
0 5.63891 -53.5 577
0 5.63278 -53.5 586
0 5.64505 -53.0 595
0 5.66959 -53.0 604
0 5.65732 -53.0 614
0 5.62664 -53.5 623
0 5.63891 -53.5 632
0 5.68186 -53.0 642
0 5.65732 -53.0 651
0 5.66959 -53.0 660
0 5.65732 -53.5 670
0 5.63278 -53.0 679
0 5.65732 -53.0 688
0 5.63891 -53.0 697
0 5.64505 -53.0 706
0 5.65732 -53.0 716
0 5.66346 -53.0 725
0 5.63891 -53.5 734
0 5.66959 -53.0 743
0 5.65119 -53.0 753
0 5.65119 -53.5 762
0 5.64505 -53.5 771
0 5.63278 -53.5 780
0 5.65732 -53.0 790
0 5.65732 -53.0 799
0 5.66959 -53.5 808
0 5.64505 -53.0 818
0 5.64505 -53.0 827
0 5.65119 -53.0 836
0 5.64505 -53.0 846
0 5.63891 -53.0 855
0 5.64505 -53.5 864
0 5.64505 -53.5 874
0 5.62664 -53.5 883
0 5.67573 -53.5 892
0 5.63891 -53.0 902
0 5.65119 -53.0 911
0 5.63891 -53.0 921
0 5.64505 -53.0 930
0 5.63891 -53.5 939
0 5.66346 -53.5 948
0 5.66346 -53.0 957
0 5.64505 -53.0 967
0 5.66959 -53.0 976
0 5.66346 -53.5 985
0 5.65732 -53.0 995
0 5.67573 -53.0 1004
0 5.66346 -53.0 1013
0 5.63278 -53.0 1022
0 5.63278 -53.5 1032
0 5.63278 -53.0 1041
0 5.65119 -53.0 1050
0 5.65119 -53.0 1059
0 5.67573 -53.0 1069
0 5.63891 -53.0 1078
0 5.63278 -53.0 1087
0 5.67573 -53.0 1096
0 5.63278 -53.0 1106
0 5.64505 -53.0 1115
0 5.67573 -53.0 1124
0 5.64505 -53.0 1134
0 5.63891 -53.5 1143
0 5.66959 -53.0 1152
0 5.65119 -53.0 1161
0 5.63278 -53.0 1170
0 5.64505 -53.0 1180
0 5.66346 -53.0 1189
0 5.64505 -53.5 1199
0 5.62664 -53.0 1208
0 5.64505 -53.0 1217
0 5.65119 -53.0 1226
0 5.64505 -53.0 1235
0 5.64505 -53.5 1245
0 5.65732 -53.0 1254
0 5.63278 -53.5 1264
0 5.64505 -53.5 1273
0 5.62664 -53.5 1282
0 5.63891 -53.0 1291
0 5.66346 -53.0 1301
0 5.65119 -53.5 1310
0 5.63278 -53.0 1319
0 5.65119 -53.0 1329
0 5.65119 -53.0 1338
0 5.64505 -53.0 1347
0 5.67573 -53.0 1356
0 5.65119 -53.0 1366
0 5.67573 -53.0 1375
0 5.65732 -53.5 1384
0 5.67573 -53.5 1393
0 5.65119 -53.5 1403
0 5.63891 -53.5 1412
0 5.63278 -53.0 1421
0 5.64505 -53.0 1430
0 5.65119 -53.0 1439
0 5.65119 -53.0 1449
0 5.68800 -53.5 1458
0 5.65119 -53.0 1467
0 5.65119 -53.0 1477
0 5.65119 -53.0 1486
0 5.63278 -53.5 1495
0 5.63278 -53.0 1504
0 5.67573 -53.0 1513
0 5.68800 -53.5 1522
0 5.64505 -53.0 1532
0 5.66959 -53.0 1541
0 5.63891 -53.5 1550
0 5.63891 -53.0 1559
0 5.64505 -53.0 1569
0 5.62664 -53.5 1578
0 5.65119 -53.0 1587
0 5.65119 -53.0 1596
0 5.63278 -53.0 1606
0 5.65732 -53.0 1615
0 5.64505 -53.0 1624
0 5.64505 -53.0 1633
0 5.64505 -53.5 1643
0 5.69414 -53.5 1652
0 5.64505 -53.5 1661
0 5.65119 -53.5 1671
0 5.62664 -53.5 1680
0 5.63891 -53.0 1689
0 5.65119 -53.0 1699
0 5.63891 -53.0 1708
0 5.64505 -53.5 1717
0 5.65732 -53.5 1727
0 5.65119 -53.5 1736
0 5.66346 -53.5 1746
0 5.65119 -53.5 1755
0 5.66346 -53.0 1764
0 5.63278 -53.0 1773
0 5.67573 -53.5 1783
0 5.62664 -53.0 1792
0 5.65119 -53.5 1801
0 5.62051 -53.0 1810
0 5.65732 -53.0 1820
0 5.65119 -53.0 1829
0 5.65732 -53.0 1838
0 5.66346 -53.5 1847
0 5.64505 -53.5 1856
0 5.62664 -53.5 1866
0 5.66346 -53.0 1875
0 5.65732 -53.0 1884
0 5.63278 -53.0 1902
0 5.65732 -53.5 1912
0 5.65732 -53.0 1921
0 5.62664 -53.0 1930
0 5.65119 -53.5 1939
0 5.64505 -53.0 1949
0 5.67573 -53.5 1958
0 5.66346 -53.0 1967
0 5.62664 -53.5 1977
0 5.64505 -53.5 1986
0 5.66959 -53.0 1995
