0 5.62664 -50.5 0
0 5.65119 -50.5 9
0 5.62051 -50.5 19
0 5.62664 -50.5 28
0 5.61437 -50.5 37
0 5.63278 -50.5 47
0 5.60210 -50.5 56
0 5.63891 -50.5 65
0 5.62051 -51.0 74
0 5.63891 -51.0 84
0 5.62051 -50.5 93
0 5.59596 -50.0 102
0 5.63278 -50.5 112
0 5.63278 -50.5 121
0 5.61437 -50.5 131
0 5.61437 -50.5 140
0 5.64505 -50.5 149
0 5.63278 -50.5 159
0 5.64505 -50.5 167
0 5.60210 -50.5 177
0 5.62051 -50.5 186
0 5.65732 -50.0 195
0 5.64505 -50.5 205
0 5.60823 -50.5 214
0 5.63278 -50.5 223
0 5.62051 -50.5 232
0 5.62664 -50.5 242
0 5.63891 -50.5 251
0 5.63278 -50.5 261
0 5.62051 -50.5 270
0 5.63278 -50.5 279
0 5.63278 -50.5 288
0 5.63278 -50.5 297
0 5.61437 -50.5 307
0 5.63278 -50.5 316
0 5.62664 -50.5 325
0 5.62664 -50.5 334
0 5.63278 -50.5 344
0 5.63278 -50.5 353
0 5.63891 -50.5 362
0 5.63278 -50.5 371
0 5.61437 -50.5 381
0 5.61437 -50.5 390
0 5.63891 -50.5 399
0 5.61437 -50.5 408
0 5.61437 -50.5 417
0 5.62664 -50.5 426
0 5.65119 -50.5 436
0 5.65119 -50.5 445
0 5.63278 -50.5 454
0 5.60823 -50.5 464
0 5.63891 -50.5 473
0 5.62664 -50.5 482
0 5.61437 -50.5 491
0 5.62664 -50.5 500
0 5.61437 -50.5 510
0 5.63891 -50.5 519
0 5.64505 -50.5 528
0 5.62051 -50.5 537
0 5.62664 -50.5 547
0 5.66959 -50.5 556
0 5.64505 -50.5 565
0 5.64505 -50.5 575
0 5.62664 -50.5 584
0 5.63891 -50.5 593
0 5.62051 -50.5 603
0 5.62051 -50.5 612
0 5.59596 -50.5 621
0 5.63891 -50.5 631
0 5.62051 -50.5 640
0 5.62664 -50.5 649
0 5.65119 -50.5 659
0 5.62051 -50.5 668
0 5.61437 -50.5 677
0 5.62051 -50.5 687
0 5.61437 -50.5 696
0 5.61437 -51.0 705
0 5.63278 -50.5 715
0 5.63278 -50.5 724
0 5.65732 -50.5 733
0 5.62664 -50.5 742
0 5.62051 -50.5 751
0 5.60823 -50.5 760
0 5.60823 -50.5 770
0 5.61437 -50.5 779
0 5.63891 -50.5 788
0 5.60823 -50.5 797
0 5.61437 -50.5 807
0 5.61437 -50.5 816
0 5.61437 -50.5 825
0 5.62051 -50.5 835
0 5.62051 -50.5 844
0 5.62051 -50.5 853
0 5.63278 -50.5 862
0 5.63278 -50.5 872
0 5.62664 -50.5 881
0 5.61437 -50.5 891
0 5.62664 -50.5 900
0 5.61437 -50.5 909
0 5.64505 -50.0 919
0 5.61437 -50.5 928
0 5.64505 -50.5 938
0 5.65119 -50.5 947
0 5.62051 -50.5 956
0 5.63891 -50.5 965
0 5.63278 -50.5 974
0 5.63891 -50.5 983
0 5.63891 -50.5 993
0 5.64505 -50.5 1002
0 5.62664 -50.5 1012
0 5.63278 -50.5 1021
0 5.62664 -50.5 1030
0 5.64505 -50.5 1039
0 5.63891 -50.5 1050
0 5.63891 -50.5 1059
0 5.62664 -50.5 1069
0 5.63278 -50.5 1078
0 5.61437 -50.5 1087
0 5.63278 -50.5 1096
0 5.64505 -50.5 1106
0 5.62051 -50.5 1115
0 5.61437 -50.5 1124
0 5.63891 -50.5 1133
0 5.63891 -50.5 1143
0 5.61437 -50.5 1152
0 5.62051 -50.5 1162
0 5.62051 -50.5 1171
0 5.60823 -50.5 1180
0 5.62051 -50.5 1189
0 5.63278 -50.5 1199
0 5.62051 -50.5 1208
0 5.62051 -50.5 1217
0 5.61437 -50.5 1226
0 5.62051 -50.5 1236
0 5.62051 -50.5 1245
0 5.60823 -50.5 1254
0 5.62664 -50.5 1264
0 5.64505 -50.5 1273
0 5.65732 -50.5 1282
0 5.62664 -50.5 1291
0 5.62051 -50.5 1301
0 5.63278 -50.5 1310
0 5.61437 -50.5 1319
0 5.63278 -50.5 1329
0 5.62664 -50.5 1338
0 5.65732 -50.5 1347
0 5.61437 -50.5 1357
0 5.62664 -50.5 1366
0 5.63891 -50.5 1375
0 5.62664 -50.5 1385
0 5.63278 -50.5 1394
0 5.63891 -50.5 1403
0 5.62664 -51.0 1413
0 5.62051 -51.0 1422
0 5.61437 -50.5 1431
0 5.62664 -50.5 1440
0 5.63891 -50.5 1450
0 5.62664 -50.5 1459
0 5.64505 -50.5 1468
0 5.62664 -50.5 1477
0 5.62664 -50.5 1487
0 5.61437 -50.5 1496
0 5.62664 -50.5 1506
0 5.63278 -50.5 1515
0 5.65119 -50.5 1524
0 5.66346 -50.5 1535
0 5.62664 -50.5 1544
0 5.60823 -50.5 1553
0 5.62051 -50.5 1562
0 5.62664 -50.5 1572
0 5.61437 -50.5 1581
0 5.63278 -50.5 1590
0 5.62664 -50.0 1599
0 5.61437 -50.5 1608
0 5.62051 -50.5 1618
0 5.62664 -50.0 1627
0 5.63891 -50.5 1636
0 5.61437 -50.5 1646
0 5.63891 -50.5 1655
0 5.62051 -50.5 1664
0 5.62664 -50.5 1673
0 5.60823 -51.0 1682
0 5.61437 -50.5 1692
0 5.62664 -50.5 1701
0 5.65732 -50.5 1712
0 5.60823 -50.5 1721
0 5.63891 -50.5 1730
0 5.60823 -50.5 1739
0 5.62664 -50.5 1748
0 5.63278 -50.5 1758
0 5.62664 -50.5 1767
0 5.65732 -50.5 1776
0 5.60823 -50.5 1785
0 5.64505 -50.5 1795
0 5.61437 -50.5 1804
0 5.64505 -50.5 1814
0 5.64505 -50.5 1823
0 5.60823 -50.5 1832
0 5.63891 -50.5 1841
0 5.63278 -50.5 1850
0 5.64505 -50.5 1860
0 5.62664 -50.5 1869
0 5.62664 -50.5 1879
0 5.64505 -50.5 1906
0 5.62664 -50.0 1915
0 5.62051 -50.5 1925
0 5.64505 -50.5 1934
0 5.63278 -50.5 1943
0 5.62664 -50.5 1953
0 5.62664 -50.5 1962
0 5.62664 -51.0 1971
0 5.63891 -50.5 1980
0 5.60823 -50.5 1989
