0 5.76777 -46.0 0
0 5.74322 -46.0 9
0 5.75550 -46.5 18
0 5.76163 -46.0 28
0 5.74936 -46.0 37
0 5.76163 -46.0 46
0 5.74936 -46.0 56
0 5.76777 -46.0 65
0 5.76163 -46.5 74
0 5.78618 -46.0 83
0 5.74936 -46.0 93
0 5.78004 -46.0 102
0 5.76777 -46.0 111
0 5.76777 -46.0 121
0 5.76777 -46.0 130
0 5.77390 -46.0 139
0 5.76163 -46.0 148
0 5.78618 -46.0 158
0 5.78004 -46.0 167
0 5.78004 -46.0 176
0 5.77390 -46.0 186
0 5.76163 -46.0 195
0 5.77390 -46.0 204
0 5.76777 -46.0 214
0 5.77390 -46.0 223
0 5.76777 -46.0 232
0 5.76777 -46.0 242
0 5.76163 -46.5 251
0 5.78004 -46.5 260
0 5.76777 -46.0 269
0 5.77390 -46.5 279
0 5.77390 -46.0 288
0 5.77390 -46.0 297
0 5.78004 -46.0 306
0 5.78004 -46.0 316
0 5.76777 -46.0 325
0 5.76163 -46.0 334
0 5.77390 -46.0 344
0 5.78004 -46.0 353
0 5.76163 -46.0 362
0 5.77390 -46.0 371
0 5.77390 -46.0 381
0 5.76777 -46.0 390
0 5.78004 -46.0 399
0 5.77390 -46.0 408
0 5.76777 -46.0 418
0 5.79845 -46.0 427
0 5.76777 -46.0 436
0 5.76163 -46.0 445
0 5.76777 -46.5 455
0 5.76163 -46.0 464
0 5.77390 -46.0 474
0 5.79231 -46.0 483
0 5.77390 -46.0 492
0 5.78618 -46.0 501
0 5.76777 -46.0 511
0 5.78618 -46.0 520
0 5.76777 -46.0 529
0 5.78618 -46.0 538
0 5.78618 -46.0 548
0 5.76777 -46.0 557
0 5.78618 -46.0 566
0 5.78004 -46.0 576
0 5.76777 -46.0 585
0 5.78004 -46.0 594
0 5.79231 -46.0 603
0 5.78004 -46.0 612
0 5.76777 -46.0 622
0 5.76163 -46.0 631
0 5.78004 -46.0 640
0 5.77390 -46.0 649
0 5.78618 -46.0 659
0 5.77390 -46.0 668
0 5.79231 -46.0 677
0 5.77390 -46.0 686
0 5.77390 -46.0 696
0 5.78618 -46.0 705
0 5.78618 -46.0 714
0 5.78004 -46.0 724
0 5.76777 -46.0 733
0 5.78618 -46.0 742
0 5.77390 -46.0 751
0 5.77390 -46.0 761
0 5.78004 -46.0 770
0 5.77390 -46.0 779
0 5.78004 -46.0 789
0 5.78618 -46.0 798
0 5.79845 -46.0 807
0 5.76777 -46.0 816
0 5.77390 -46.0 826
0 5.81072 -46.5 835
0 5.76777 -46.0 844
0 5.80458 -46.0 854
0 5.78618 -46.0 863
0 5.79845 -46.0 872
0 5.76163 -46.5 881
0 5.77390 -46.0 891
0 5.78004 -46.0 900
0 5.79845 -46.0 909
0 5.79231 -46.0 919
0 5.77390 -46.0 928
0 5.79845 -46.0 937
0 5.78618 -46.5 946
0 5.77390 -46.0 955
0 5.76163 -46.0 965
0 5.78618 -46.0 974
0 5.79231 -46.0 983
0 5.78618 -46.0 993
0 5.77390 -46.0 1002
0 5.78004 -46.0 1011
0 5.78618 -46.0 1020
0 5.76163 -46.0 1030
0 5.78004 -46.0 1039
0 5.76777 -46.0 1048
0 5.77390 -46.5 1057
0 5.79845 -46.0 1067
0 5.76163 -46.0 1076
0 5.78004 -46.0 1085
0 5.76777 -46.0 1094
0 5.79231 -46.0 1104
0 5.76777 -46.0 1113
0 5.76777 -46.0 1122
0 5.77390 -46.0 1131
0 5.76777 -46.0 1141
0 5.79231 -46.0 1150
0 5.77390 -46.0 1159
0 5.78004 -46.0 1168
0 5.76777 -46.0 1177
0 5.77390 -46.0 1186
0 5.76777 -46.0 1196
0 5.77390 -46.0 1205
0 5.78004 -46.0 1214
0 5.76777 -46.0 1224
0 5.77390 -46.0 1233
0 5.78618 -46.5 1243
0 5.78618 -46.0 1252
0 5.76163 -46.0 1261
0 5.76777 -46.0 1270
0 5.77390 -46.0 1280
0 5.78004 -46.0 1289
0 5.76163 -46.0 1298
0 5.76777 -46.0 1308
0 5.78618 -46.0 1317
0 5.78618 -46.0 1326
0 5.77390 -46.0 1335
0 5.79231 -46.0 1345
0 5.76777 -46.0 1354
0 5.78618 -46.0 1363
0 5.81072 -46.0 1373
0 5.79231 -46.0 1382
0 5.77390 -46.0 1391
0 5.77390 -46.5 1400
0 5.78004 -46.0 1410
0 5.79845 -46.0 1419
0 5.78004 -46.0 1428
0 5.77390 -46.0 1437
0 5.77390 -46.0 1447
0 5.79231 -46.0 1456
0 5.78618 -46.0 1465
0 5.78618 -46.0 1474
0 5.78618 -46.0 1484
0 5.78004 -46.0 1493
0 5.76777 -46.0 1502
0 5.76777 -46.0 1511
0 5.77390 -46.5 1521
0 5.77390 -46.0 1530
0 5.76777 -46.0 1539
0 5.76777 -46.0 1548
0 5.78618 -46.0 1558
0 5.77390 -46.0 1567
0 5.77390 -46.0 1576
0 5.77390 -46.0 1585
0 5.78004 -46.5 1595
0 5.77390 -46.0 1604
0 5.79231 -46.0 1613
0 5.78004 -46.0 1623
0 5.77390 -46.0 1632
0 5.76777 -46.0 1641
0 5.76777 -46.0 1650
0 5.76777 -46.0 1660
0 5.77390 -46.0 1669
0 5.78618 -46.0 1678
0 5.78004 -46.0 1687
0 5.76163 -46.0 1696
0 5.79231 -46.0 1706
0 5.78004 -46.0 1715
0 5.77390 -46.0 1724
0 5.79231 -46.0 1733
0 5.78004 -46.0 1742
0 5.80458 -46.0 1752
0 5.78618 -46.0 1761
0 5.77390 -46.0 1770
0 5.75550 -46.0 1780
0 5.76777 -46.0 1789
0 5.76163 -46.0 1798
0 5.77390 -46.0 1807
0 5.78004 -46.0 1817
0 5.76777 -46.0 1826
0 5.76777 -46.0 1835
0 5.75550 -46.0 1844
0 5.77390 -46.0 1854
0 5.78618 -46.0 1863
0 5.76777 -46.0 1872
0 5.78004 -46.0 1881
0 5.78004 -46.0 1900
0 5.75550 -46.0 1909
0 5.74936 -46.0 1918
0 5.76163 -46.0 1927
0 5.74936 -46.0 1936
0 5.76163 -46.0 1946
0 5.74322 -46.5 1955
0 5.75550 -46.0 1964
0 5.74322 -46.0 1973
0 5.78004 -46.5 1983
