0 5.73095 -46.0 0
0 5.74936 -46.0 9
0 5.74936 -46.5 19
0 5.76163 -46.5 28
0 5.76777 -46.0 37
0 5.76163 -46.0 47
0 5.74936 -46.0 56
0 5.76777 -46.0 65
0 5.74936 -46.0 74
0 5.76163 -46.0 84
0 5.74936 -46.0 93
0 5.75550 -46.0 103
0 5.76163 -46.0 112
0 5.78004 -46.5 121
0 5.74936 -46.0 130
0 5.75550 -46.0 140
0 5.74936 -46.0 149
0 5.76777 -46.5 158
0 5.74936 -46.0 168
0 5.75550 -46.0 177
0 5.76163 -46.0 186
0 5.76163 -46.0 195
0 5.74936 -46.0 204
0 5.74936 -46.0 214
0 5.75550 -46.0 223
0 5.75550 -46.0 232
0 5.74936 -46.0 241
0 5.77390 -46.5 251
0 5.74322 -46.5 260
0 5.77390 -46.0 269
0 5.76777 -46.0 278
0 5.76163 -46.0 287
0 5.76777 -46.0 297
0 5.76777 -46.0 306
0 5.75550 -46.0 315
0 5.75550 -46.0 324
0 5.75550 -46.0 334
0 5.75550 -46.0 343
0 5.77390 -46.0 352
0 5.76777 -46.0 361
0 5.76777 -46.0 371
0 5.76777 -46.5 380
0 5.75550 -46.0 389
0 5.77390 -46.0 399
0 5.75550 -46.0 408
0 5.77390 -46.0 417
0 5.77390 -46.0 427
0 5.76777 -46.0 436
0 5.77390 -46.0 445
0 5.77390 -46.5 454
0 5.76163 -46.0 464
0 5.76163 -46.0 473
0 5.74936 -46.5 482
0 5.78004 -46.5 492
0 5.76163 -46.0 501
0 5.75550 -46.0 510
0 5.74936 -46.0 519
0 5.76777 -46.0 529
0 5.76777 -46.0 538
0 5.77390 -46.0 547
0 5.77390 -46.0 557
0 5.75550 -46.0 566
0 5.75550 -46.0 576
0 5.76777 -46.0 585
0 5.76777 -46.5 594
0 5.74936 -46.0 604
0 5.76163 -46.0 613
0 5.74936 -46.0 622
0 5.76777 -46.0 631
0 5.76163 -46.0 640
0 5.76163 -46.0 650
0 5.76163 -46.0 659
0 5.76777 -46.0 669
0 5.76777 -46.0 678
0 5.76777 -46.0 687
0 5.76777 -46.0 696
0 5.76163 -46.0 705
0 5.74936 -46.0 715
0 5.74936 -46.0 724
0 5.75550 -46.0 733
0 5.78004 -46.5 742
0 5.74322 -46.5 751
0 5.78004 -46.0 761
0 5.77390 -46.0 770
0 5.76777 -46.0 779
0 5.77390 -46.0 789
0 5.76777 -46.0 798
0 5.76777 -46.0 807
0 5.77390 -46.0 817
0 5.76777 -46.0 826
0 5.74936 -46.0 835
0 5.77390 -46.0 844
0 5.77390 -46.0 854
0 5.76777 -46.0 863
0 5.77390 -46.0 872
0 5.76163 -46.0 882
0 5.78004 -46.0 891
0 5.75550 -46.0 901
0 5.76777 -46.0 910
0 5.77390 -46.0 920
0 5.78618 -46.0 929
0 5.75550 -46.0 939
0 5.76777 -46.0 949
0 5.77390 -46.0 958
0 5.77390 -46.0 967
0 5.76163 -46.0 976
0 5.78618 -46.0 985
0 5.77390 -46.0 995
0 5.78618 -46.0 1004
0 5.78618 -46.0 1014
0 5.76777 -46.0 1023
0 5.76777 -46.0 1032
0 5.78004 -46.0 1042
0 5.77390 -46.0 1051
0 5.78004 -46.0 1061
0 5.75550 -46.0 1070
0 5.76777 -46.0 1079
0 5.76777 -46.5 1089
0 5.75550 -46.0 1098
0 5.76163 -46.0 1107
0 5.78004 -46.0 1116
0 5.77390 -46.0 1126
0 5.76777 -46.0 1135
0 5.78004 -46.0 1144
0 5.76777 -46.0 1153
0 5.76777 -46.0 1163
0 5.76777 -46.0 1172
0 5.76777 -46.0 1182
0 5.76777 -46.0 1191
0 5.76777 -46.0 1200
0 5.77390 -46.0 1210
0 5.77390 -46.0 1219
0 5.74936 -46.0 1228
0 5.79231 -46.0 1237
0 5.76777 -46.0 1246
0 5.77390 -46.0 1256
0 5.78618 -46.0 1265
0 5.78004 -46.0 1274
0 5.76163 -46.0 1284
0 5.75550 -46.0 1293
0 5.76777 -46.0 1302
0 5.77390 -46.0 1312
0 5.78618 -46.0 1322
0 5.78004 -46.0 1331
0 5.75550 -46.0 1340
0 5.78004 -46.0 1349
0 5.76163 -46.0 1359
0 5.77390 -46.0 1368
0 5.74936 -46.0 1377
0 5.76777 -46.0 1386
0 5.76163 -46.0 1396
0 5.77390 -46.0 1405
0 5.76777 -46.0 1414
0 5.76163 -46.0 1424
0 5.76777 -46.0 1433
0 5.76777 -46.0 1442
0 5.76163 -46.0 1451
0 5.76163 -46.0 1461
0 5.77390 -46.0 1470
0 5.77390 -46.0 1479
0 5.77390 -46.0 1488
0 5.76163 -46.5 1498
0 5.76777 -46.0 1507
0 5.76163 -46.0 1517
0 5.77390 -46.0 1526
0 5.78618 -46.0 1535
0 5.76163 -46.0 1544
0 5.77390 -46.0 1553
0 5.79231 -46.0 1563
0 5.76777 -46.0 1572
0 5.76163 -46.0 1582
0 5.76163 -46.5 1591
0 5.78004 -46.0 1600
0 5.78618 -46.0 1609
0 5.76163 -46.0 1618
0 5.74936 -46.0 1628
0 5.74936 -46.0 1637
0 5.76163 -46.0 1646
0 5.78004 -46.0 1655
0 5.78004 -46.0 1664
0 5.77390 -46.0 1674
0 5.78004 -46.0 1683
0 5.76163 -46.0 1692
0 5.75550 -46.0 1701
0 5.75550 -46.0 1711
0 5.78618 -46.0 1720
0 5.75550 -46.0 1729
0 5.77390 -46.0 1739
0 5.77390 -46.0 1748
0 5.78004 -46.0 1757
0 5.76777 -46.0 1766
0 5.76777 -46.0 1776
0 5.76163 -46.0 1785
0 5.76777 -46.0 1794
0 5.75550 -46.5 1803
0 5.78618 -46.0 1813
0 5.75550 -46.0 1822
0 5.78618 -46.0 1832
0 5.75550 -46.0 1841
0 5.76163 -46.0 1850
0 5.78004 -46.0 1860
0 5.75550 -46.0 1869
0 5.78004 -46.0 1878
0 5.74322 -46.0 1905
0 5.73095 -46.0 1915
0 5.74936 -46.0 1924
0 5.74936 -46.5 1933
0 5.75550 -46.0 1942
0 5.73709 -46.0 1952
0 5.78618 -46.0 1961
0 5.75550 -46.0 1970
0 5.74322 -46.5 1979
0 5.74322 -46.0 1989
