0 5.75550 -46.5 0
0 5.75550 -46.5 9
0 5.76163 -46.5 19
0 5.74322 -46.5 28
0 5.75550 -46.5 37
0 5.75550 -46.5 46
0 5.76163 -46.5 56
0 5.78618 -46.5 65
0 5.76163 -46.5 74
0 5.76163 -46.5 84
0 5.76163 -46.5 93
0 5.75550 -46.5 102
0 5.74322 -46.5 111
0 5.74322 -46.5 120
0 5.76163 -46.0 130
0 5.74936 -46.5 139
0 5.74936 -46.5 148
0 5.74322 -46.5 157
0 5.76163 -46.5 167
0 5.74322 -46.5 176
0 5.75550 -46.5 185
0 5.75550 -46.0 194
0 5.76777 -46.0 204
0 5.77390 -46.5 213
0 5.78618 -46.5 222
0 5.76777 -46.5 231
0 5.78004 -46.5 240
0 5.74322 -46.5 250
0 5.76163 -46.5 259
0 5.76777 -46.5 268
0 5.76163 -46.5 277
0 5.76163 -46.5 287
0 5.73709 -47.0 296
0 5.74936 -46.5 305
0 5.75550 -46.5 315
0 5.74936 -46.5 324
0 5.76163 -46.5 333
0 5.73709 -46.5 342
0 5.74936 -46.5 352
0 5.79231 -46.5 361
0 5.78004 -46.5 370
0 5.76163 -46.5 380
0 5.76163 -46.5 389
0 5.78004 -46.5 398
0 5.75550 -46.5 407
0 5.76777 -46.5 416
0 5.74936 -46.0 426
0 5.77390 -46.5 435
0 5.75550 -46.5 444
0 5.74936 -46.5 453
0 5.81686 -46.5 462
0 5.77390 -46.0 472
0 5.75550 -46.5 481
0 5.77390 -46.5 490
0 5.76777 -46.0 500
0 5.79231 -46.5 509
0 5.77390 -46.5 518
0 5.76777 -46.5 528
0 5.77390 -46.5 537
0 5.77390 -46.0 546
0 5.78004 -46.5 555
0 5.76777 -46.5 565
0 5.74322 -46.5 574
0 5.78618 -46.5 583
0 5.74936 -46.5 593
0 5.77390 -46.5 602
0 5.75550 -46.5 611
0 5.76777 -46.5 621
0 5.76163 -46.5 630
0 5.78618 -46.5 639
0 5.77390 -46.5 648
0 5.76777 -46.0 658
0 5.76163 -46.5 667
0 5.75550 -46.5 676
0 5.77390 -46.5 686
0 5.76163 -46.5 695
0 5.75550 -46.5 705
0 5.76163 -46.5 714
0 5.78004 -46.5 723
0 5.76777 -46.5 732
0 5.79231 -46.5 741
0 5.78004 -46.5 751
0 5.76777 -46.5 760
0 5.76777 -46.0 769
0 5.78618 -46.5 778
0 5.78004 -46.5 788
0 5.77390 -46.5 797
0 5.75550 -46.5 806
0 5.75550 -46.0 815
0 5.75550 -46.5 824
0 5.77390 -46.5 834
0 5.76777 -46.5 843
0 5.76777 -46.0 852
0 5.78004 -46.5 862
0 5.75550 -46.5 871
0 5.76777 -46.5 880
0 5.76163 -46.5 890
0 5.74936 -46.5 899
0 5.75550 -46.5 908
0 5.75550 -46.0 917
0 5.77390 -46.5 926
0 5.76777 -46.5 936
0 5.77390 -46.0 945
0 5.78004 -46.5 954
0 5.74936 -46.5 964
0 5.74936 -46.5 973
0 5.78004 -46.5 982
0 5.75550 -46.5 991
0 5.76163 -46.5 1001
0 5.77390 -46.5 1010
0 5.76163 -46.5 1019
0 5.76163 -46.5 1028
0 5.79845 -46.0 1038
0 5.76163 -46.5 1047
0 5.79231 -46.5 1056
0 5.74936 -46.5 1065
0 5.76163 -46.5 1075
0 5.74936 -46.5 1084
0 5.75550 -46.0 1093
0 5.76163 -46.5 1102
0 5.78004 -46.5 1112
0 5.79231 -46.5 1121
0 5.76163 -46.5 1130
0 5.74936 -46.5 1140
0 5.77390 -46.5 1149
0 5.76163 -46.0 1158
0 5.78004 -46.0 1167
0 5.75550 -46.0 1177
0 5.76163 -46.5 1186
0 5.75550 -46.5 1195
0 5.78004 -46.0 1204
0 5.74936 -46.5 1213
0 5.79845 -46.5 1223
0 5.76777 -46.0 1232
0 5.77390 -46.5 1241
0 5.76163 -46.5 1251
0 5.77390 -46.5 1260
0 5.77390 -46.0 1269
0 5.78618 -46.0 1278
0 5.75550 -46.5 1287
0 5.78618 -46.0 1296
0 5.77390 -46.5 1306
0 5.77390 -46.5 1315
0 5.75550 -46.5 1324
0 5.76777 -46.5 1334
0 5.76163 -46.5 1343
0 5.75550 -46.5 1352
0 5.76777 -46.0 1361
0 5.76777 -46.5 1371
0 5.74936 -46.5 1380
0 5.76777 -46.5 1389
0 5.76777 -46.5 1399
0 5.76163 -46.5 1408
0 5.75550 -46.0 1417
0 5.76777 -46.5 1426
0 5.75550 -46.5 1436
0 5.78004 -46.5 1445
0 5.75550 -46.5 1454
0 5.76777 -46.5 1464
0 5.78004 -46.5 1473
0 5.77390 -46.5 1482
0 5.77390 -46.5 1492
0 5.75550 -46.0 1501
0 5.74322 -46.5 1510
0 5.78004 -46.5 1519
0 5.78618 -46.0 1528
0 5.76777 -46.5 1538
0 5.76777 -46.5 1547
0 5.78618 -46.5 1557
0 5.76777 -46.5 1566
0 5.78004 -46.5 1575
0 5.76777 -46.5 1585
0 5.76163 -46.0 1594
0 5.78004 -46.5 1603
0 5.78004 -46.0 1613
0 5.77390 -46.0 1622
0 5.79231 -46.5 1631
0 5.77390 -46.5 1640
0 5.77390 -46.5 1650
0 5.76777 -46.5 1659
0 5.76777 -46.5 1668
0 5.75550 -46.0 1677
0 5.76777 -46.0 1687
0 5.77390 -46.0 1696
0 5.77390 -47.0 1705
0 5.75550 -46.0 1714
0 5.74936 -46.5 1723
0 5.76777 -46.5 1733
0 5.76777 -46.5 1742
0 5.76777 -46.5 1751
0 5.78004 -46.0 1761
0 5.74936 -46.0 1770
0 5.77390 -46.5 1779
0 5.77390 -46.5 1789
0 5.79845 -46.5 1798
0 5.75550 -46.0 1808
0 5.78618 -46.5 1817
0 5.78618 -46.5 1826
0 5.78004 -46.5 1836
0 5.77390 -46.0 1845
0 5.78004 -46.5 1854
0 5.76777 -46.5 1863
0 5.79231 -46.5 1872
0 5.76777 -46.5 1882
0 5.74936 -46.0 1900
0 5.77390 -46.5 1909
0 5.74322 -46.0 1919
0 5.75550 -46.5 1928
0 5.76777 -46.5 1937
0 5.74936 -46.5 1946
0 5.75550 -46.5 1956
0 5.78004 -46.5 1965
0 5.79231 -46.5 1974
0 5.75550 -46.5 1984
0 5.74936 -46.5 1993
