0 5.75550 -46.5 0
0 5.75550 -46.5 9
0 5.76163 -46.5 18
0 5.75550 -46.5 28
0 5.74936 -46.5 37
0 5.75550 -46.5 46
0 5.77390 -46.5 55
0 5.77390 -46.5 65
0 5.76163 -46.5 74
0 5.74322 -46.5 83
0 5.76777 -46.5 93
0 5.77390 -46.5 102
0 5.75550 -46.5 111
0 5.74936 -46.5 120
0 5.74936 -46.5 129
0 5.74322 -46.5 139
0 5.75550 -46.5 148
0 5.74322 -47.0 157
0 5.77390 -46.5 166
0 5.73709 -46.5 176
0 5.77390 -46.5 185
0 5.75550 -46.5 194
0 5.74322 -46.5 203
0 5.74936 -46.5 213
0 5.75550 -46.5 222
0 5.73095 -46.5 232
0 5.75550 -47.0 241
0 5.73709 -46.5 250
0 5.74936 -46.5 259
0 5.74322 -46.5 269
0 5.74936 -47.0 278
0 5.76163 -46.5 287
0 5.74936 -46.5 297
0 5.76163 -47.0 306
0 5.74322 -46.5 315
0 5.74322 -46.5 324
0 5.75550 -46.5 334
0 5.74936 -46.5 343
0 5.76163 -46.5 352
0 5.75550 -46.5 362
0 5.76163 -47.0 371
0 5.76777 -47.0 381
0 5.74936 -46.5 390
0 5.76163 -46.5 399
0 5.78004 -46.5 409
0 5.76163 -47.0 418
0 5.74936 -46.5 427
0 5.76777 -47.0 437
0 5.76163 -46.5 446
0 5.77390 -47.0 455
0 5.74322 -47.5 464
0 5.75550 -47.0 473
0 5.76163 -47.0 483
0 5.77390 -46.5 492
0 5.75550 -46.5 502
0 5.75550 -46.5 511
0 5.76777 -46.5 520
0 5.76163 -47.0 530
0 5.77390 -47.0 539
0 5.75550 -46.5 548
0 5.74936 -46.5 557
0 5.76163 -46.5 567
0 5.76777 -46.5 576
0 5.75550 -47.0 585
0 5.73709 -46.5 594
0 5.76163 -47.0 604
0 5.78004 -46.5 613
0 5.74936 -47.0 622
0 5.76777 -46.5 631
0 5.76777 -47.0 641
0 5.76163 -46.5 650
0 5.74936 -46.5 660
0 5.77390 -46.5 669
0 5.76777 -46.5 678
0 5.74936 -46.5 688
0 5.75550 -46.5 697
0 5.75550 -46.5 706
0 5.74322 -47.0 715
0 5.73095 -47.0 724
0 5.75550 -46.5 734
0 5.74936 -46.5 743
0 5.77390 -46.5 752
0 5.75550 -46.5 762
0 5.74936 -46.5 771
0 5.77390 -46.5 780
0 5.76163 -47.0 790
0 5.75550 -47.0 799
0 5.75550 -46.5 808
0 5.77390 -47.0 818
0 5.75550 -46.5 827
0 5.76777 -46.5 836
0 5.75550 -46.5 845
0 5.78004 -46.5 854
0 5.74936 -46.5 864
0 5.77390 -46.5 873
0 5.75550 -46.5 882
0 5.76777 -46.5 891
0 5.76163 -47.0 901
0 5.75550 -47.0 910
0 5.77390 -46.5 919
0 5.75550 -46.5 929
0 5.78004 -47.0 938
0 5.75550 -46.5 947
0 5.76777 -46.5 956
0 5.76777 -46.5 966
0 5.75550 -46.5 975
0 5.76777 -46.5 984
0 5.78004 -46.5 994
0 5.77390 -46.5 1003
0 5.76163 -46.5 1013
0 5.77390 -46.5 1022
0 5.76163 -47.0 1031
0 5.77390 -46.5 1040
0 5.79231 -46.5 1049
0 5.78618 -47.0 1059
0 5.77390 -46.5 1068
0 5.76777 -47.0 1078
0 5.78004 -46.5 1087
0 5.78618 -47.0 1096
0 5.77390 -47.0 1105
0 5.76163 -46.5 1114
0 5.77390 -46.5 1124
0 5.78618 -46.5 1133
0 5.75550 -46.5 1143
0 5.79231 -47.0 1152
0 5.78618 -47.0 1161
0 5.77390 -47.0 1170
0 5.79231 -46.5 1179
0 5.78618 -47.0 1188
0 5.79845 -46.5 1198
0 5.78618 -46.5 1207
0 5.77390 -46.5 1216
0 5.77390 -46.5 1226
0 5.77390 -46.5 1235
0 5.78004 -46.5 1244
0 5.76777 -46.5 1253
0 5.79845 -46.5 1263
0 5.78618 -46.5 1271
0 5.77390 -46.5 1281
0 5.78004 -46.5 1291
0 5.76777 -46.5 1300
0 5.78004 -47.0 1309
0 5.77390 -46.5 1318
0 5.75550 -46.5 1327
0 5.78618 -46.5 1337
0 5.77390 -46.5 1346
0 5.77390 -46.5 1355
0 5.79231 -46.5 1365
0 5.78004 -47.0 1374
0 5.79231 -46.5 1383
0 5.77390 -46.5 1392
0 5.79231 -46.5 1402
0 5.79845 -46.5 1411
0 5.79231 -46.5 1420
0 5.79231 -46.5 1429
0 5.79231 -46.5 1438
0 5.77390 -46.5 1448
0 5.78618 -46.5 1457
0 5.79845 -46.5 1466
0 5.79231 -46.5 1476
0 5.78618 -46.5 1485
0 5.76777 -46.5 1494
0 5.78004 -46.5 1504
0 5.78004 -46.5 1513
0 5.78004 -46.5 1522
0 5.77390 -46.5 1532
0 5.76163 -46.5 1541
0 5.77390 -46.5 1550
0 5.75550 -46.5 1560
0 5.78618 -46.5 1569
0 5.77390 -46.5 1578
0 5.76163 -46.5 1587
0 5.77390 -46.5 1596
0 5.78004 -46.5 1606
0 5.76163 -46.5 1615
0 5.75550 -47.0 1624
0 5.74936 -47.0 1634
0 5.76777 -47.0 1643
0 5.77390 -46.5 1652
0 5.78618 -46.5 1662
0 5.78004 -46.5 1671
0 5.76163 -46.5 1680
0 5.76163 -46.5 1690
0 5.76163 -46.5 1699
0 5.77390 -46.5 1708
0 5.76777 -46.5 1717
0 5.76163 -46.5 1727
0 5.76163 -46.5 1736
0 5.77390 -46.5 1746
0 5.76777 -46.5 1755
0 5.75550 -46.5 1764
0 5.78004 -46.5 1773
0 5.75550 -46.5 1783
0 5.77390 -46.5 1792
0 5.76777 -46.5 1801
0 5.76163 -47.0 1811
0 5.76163 -46.5 1820
0 5.78004 -46.5 1829
0 5.78004 -46.5 1839
0 5.77390 -46.5 1848
0 5.77390 -46.5 1857
0 5.77390 -47.0 1866
0 5.76777 -46.5 1876
0 5.76163 -46.5 1885
0 5.74936 -46.5 1903
0 5.74322 -47.0 1913
0 5.74936 -47.0 1923
0 5.74936 -46.5 1932
0 5.76777 -47.0 1942
0 5.78004 -46.5 1951
0 5.74322 -46.5 1960
0 5.77390 -47.0 1969
0 5.76777 -47.0 1979
0 5.76777 -47.0 1988
0 5.76163 -47.0 1998
