0 5.76163 -47.5 0
0 5.73095 -47.5 9
0 5.74936 -47.5 19
0 5.74322 -47.5 28
0 5.74322 -47.5 37
0 5.74322 -47.5 46
0 5.71868 -47.5 56
0 5.74322 -47.5 65
0 5.72482 -47.5 74
0 5.73709 -47.5 84
0 5.73709 -47.5 93
0 5.73709 -47.5 102
0 5.78618 -47.5 112
0 5.73709 -47.0 121
0 5.74322 -47.5 130
0 5.75550 -47.5 139
0 5.74322 -47.5 148
0 5.75550 -47.0 157
0 5.75550 -47.0 167
0 5.79231 -47.5 176
0 5.74936 -47.5 185
0 5.75550 -47.5 194
0 5.75550 -47.5 204
0 5.75550 -47.5 213
0 5.74322 -47.0 222
0 5.75550 -47.5 232
0 5.75550 -47.5 241
0 5.74936 -47.5 250
0 5.75550 -47.5 260
0 5.75550 -47.5 269
0 5.74322 -47.5 278
0 5.76163 -47.5 287
0 5.75550 -47.0 297
0 5.75550 -47.5 306
0 5.75550 -47.0 315
0 5.76163 -47.0 324
0 5.74936 -47.5 334
0 5.74936 -47.0 343
0 5.74936 -47.0 352
0 5.74936 -47.5 361
0 5.73095 -47.0 371
0 5.75550 -47.5 380
0 5.76777 -47.5 389
0 5.75550 -47.5 398
0 5.74322 -47.0 407
0 5.75550 -47.5 417
0 5.76163 -47.5 426
0 5.76163 -47.0 435
0 5.74322 -47.5 445
0 5.76163 -47.5 454
0 5.75550 -47.5 463
0 5.76777 -47.5 472
0 5.74936 -47.5 482
0 5.76163 -47.5 491
0 5.74936 -47.5 500
0 5.76777 -47.0 510
0 5.76777 -47.0 519
0 5.76163 -47.5 528
0 5.76163 -47.0 537
0 5.74936 -47.5 547
0 5.74936 -47.5 556
0 5.75550 -47.5 565
0 5.74322 -47.5 575
0 5.76163 -47.5 584
0 5.74322 -47.5 593
0 5.75550 -47.5 603
0 5.76777 -47.0 612
0 5.74322 -47.5 622
0 5.76163 -47.5 631
0 5.76777 -47.0 640
0 5.74936 -47.5 650
0 5.76163 -47.0 659
0 5.76163 -47.5 668
0 5.76777 -47.5 678
0 5.76777 -47.0 687
0 5.75550 -47.5 696
0 5.75550 -47.5 705
0 5.76777 -47.5 715
0 5.76777 -47.5 724
0 5.78618 -47.5 733
0 5.76163 -47.5 743
0 5.75550 -47.5 752
0 5.76163 -47.0 761
0 5.75550 -47.5 771
0 5.76777 -47.5 780
0 5.76163 -47.5 789
0 5.75550 -47.5 799
0 5.75550 -47.5 808
0 5.76163 -47.0 817
0 5.74322 -47.5 826
0 5.77390 -47.5 835
0 5.76163 -47.5 845
0 5.74322 -47.5 854
0 5.76777 -47.0 863
0 5.75550 -47.5 873
0 5.78004 -47.5 883
0 5.74936 -47.0 892
0 5.76163 -47.5 901
0 5.78618 -47.5 910
0 5.78004 -47.0 919
0 5.76163 -47.5 929
0 5.74936 -47.5 938
0 5.74936 -47.5 948
0 5.78618 -47.5 957
0 5.73095 -47.5 966
0 5.77390 -47.5 975
0 5.76163 -47.0 985
0 5.79231 -47.5 994
0 5.76163 -47.0 1003
0 5.76163 -47.5 1013
0 5.76163 -47.0 1022
0 5.76163 -47.5 1031
0 5.76777 -47.5 1040
0 5.78618 -47.5 1050
0 5.76777 -47.0 1059
0 5.75550 -47.5 1068
0 5.76163 -47.5 1078
0 5.74936 -47.5 1087
0 5.75550 -47.5 1096
0 5.74936 -47.5 1105
0 5.75550 -47.0 1114
0 5.76163 -47.0 1124
0 5.76777 -47.0 1133
0 5.73709 -47.5 1143
0 5.74936 -47.0 1152
0 5.76777 -47.5 1161
0 5.78004 -47.0 1170
0 5.77390 -47.5 1179
0 5.74936 -47.5 1188
0 5.74936 -47.5 1198
0 5.75550 -47.0 1207
0 5.76163 -47.0 1216
0 5.76163 -47.5 1226
0 5.75550 -47.5 1235
0 5.75550 -47.5 1244
0 5.76777 -47.5 1253
0 5.76163 -47.5 1263
0 5.74322 -47.5 1272
0 5.75550 -47.5 1281
0 5.76163 -47.5 1291
0 5.76163 -47.0 1300
0 5.74322 -47.5 1309
0 5.75550 -47.5 1319
0 5.74322 -47.5 1328
0 5.78004 -47.0 1337
0 5.76163 -47.5 1348
0 5.74322 -47.0 1357
0 5.76163 -47.5 1366
0 5.76163 -47.0 1375
0 5.74936 -47.5 1385
0 5.77390 -47.0 1394
0 5.79845 -47.5 1404
0 5.76777 -47.5 1413
0 5.78004 -47.5 1422
0 5.75550 -47.5 1431
0 5.75550 -47.5 1441
0 5.76777 -47.0 1450
0 5.77390 -47.5 1459
0 5.77390 -47.5 1468
0 5.76777 -47.0 1478
0 5.75550 -47.5 1487
0 5.75550 -47.5 1497
0 5.75550 -47.0 1506
0 5.73095 -47.5 1515
0 5.76777 -47.5 1524
0 5.74322 -47.5 1533
0 5.76777 -47.5 1543
0 5.75550 -47.5 1552
0 5.74936 -47.5 1562
0 5.76163 -47.0 1571
0 5.74322 -47.5 1580
0 5.76163 -47.5 1589
0 5.76163 -47.5 1598
0 5.76163 -47.5 1607
0 5.75550 -47.5 1616
0 5.75550 -47.5 1626
0 5.74936 -47.5 1635
0 5.74322 -47.5 1645
0 5.76163 -47.0 1654
0 5.77390 -47.5 1663
0 5.74936 -47.0 1672
0 5.74322 -47.0 1682
0 5.75550 -47.5 1691
0 5.76163 -47.5 1701
0 5.74322 -47.5 1710
0 5.74936 -47.0 1719
0 5.76163 -47.5 1728
0 5.74322 -47.5 1738
0 5.75550 -47.5 1747
0 5.76777 -47.5 1756
0 5.75550 -47.0 1765
0 5.76163 -47.0 1774
0 5.74322 -47.5 1784
0 5.74936 -47.5 1793
0 5.77390 -47.5 1802
0 5.76777 -47.5 1812
0 5.76163 -47.5 1821
0 5.75550 -47.5 1830
0 5.76163 -47.0 1839
0 5.74936 -47.5 1849
0 5.77390 -47.0 1858
0 5.76163 -47.5 1867
0 5.74322 -47.5 1876
0 5.76163 -47.5 1903
0 5.74322 -47.5 1913
0 5.74322 -47.5 1922
0 5.75550 -47.5 1931
0 5.74936 -47.5 1941
0 5.74322 -47.5 1950
0 5.74322 -47.5 1959
0 5.76777 -47.5 1969
0 5.74322 -47.5 1978
0 5.73709 -47.5 1987
0 5.75550 -47.5 1996
