0 5.70027 -48.5 0
0 5.71254 -48.5 9
0 5.69414 -48.5 19
0 5.70641 -48.5 28
0 5.74322 -48.5 37
0 5.70641 -48.5 47
0 5.71868 -48.5 56
0 5.73709 -48.5 65
0 5.69414 -48.5 74
0 5.71254 -48.5 84
0 5.71254 -48.5 93
0 5.72482 -48.5 102
0 5.70641 -48.5 112
0 5.69414 -48.5 121
0 5.70641 -48.5 130
0 5.70027 -49.0 139
0 5.71254 -48.5 149
0 5.71868 -48.5 158
0 5.71254 -48.5 167
0 5.71254 -48.5 177
0 5.72482 -48.5 186
0 5.71254 -48.5 195
0 5.71868 -48.5 204
0 5.70641 -48.5 214
0 5.70641 -48.5 223
0 5.70027 -48.5 232
0 5.70027 -48.5 242
0 5.73709 -48.5 252
0 5.71254 -48.5 261
0 5.73095 -48.5 270
0 5.73095 -48.5 279
0 5.71868 -48.5 289
0 5.71868 -48.5 298
0 5.71868 -48.5 307
0 5.71868 -48.5 316
0 5.72482 -48.5 326
0 5.74322 -48.5 335
0 5.72482 -48.5 344
0 5.72482 -48.5 353
0 5.70641 -48.5 363
0 5.71254 -49.0 372
0 5.72482 -48.5 381
0 5.72482 -48.5 391
0 5.71254 -48.5 400
0 5.71868 -48.5 409
0 5.72482 -48.5 418
0 5.73709 -48.5 428
0 5.71254 -48.5 437
0 5.71254 -48.5 446
0 5.70641 -48.5 456
0 5.72482 -48.5 465
0 5.73709 -48.5 475
0 5.73709 -48.5 484
0 5.70027 -48.5 493
0 5.71254 -48.5 502
0 5.71254 -48.5 512
0 5.71868 -48.5 521
0 5.71254 -48.5 530
0 5.70027 -48.5 539
0 5.73095 -48.5 549
0 5.74936 -48.5 558
0 5.70641 -48.5 567
0 5.72482 -48.5 576
0 5.71868 -48.5 586
0 5.71868 -48.5 595
0 5.72482 -48.5 604
0 5.72482 -48.5 613
0 5.70641 -48.5 623
0 5.71868 -48.5 632
0 5.71868 -48.5 641
0 5.71254 -48.5 650
0 5.72482 -48.5 660
0 5.72482 -48.5 669
0 5.73095 -48.5 679
0 5.73709 -48.5 688
0 5.73095 -48.5 697
0 5.73095 -48.5 706
0 5.71868 -48.5 715
0 5.70641 -48.5 725
0 5.72482 -48.5 734
0 5.71868 -48.5 743
0 5.70641 -48.5 752
0 5.72482 -48.5 761
0 5.71868 -48.5 771
0 5.72482 -48.5 780
0 5.71868 -48.5 789
0 5.72482 -48.5 799
0 5.73095 -48.5 808
0 5.75550 -48.5 817
0 5.71254 -48.5 826
0 5.74322 -48.5 835
0 5.73095 -48.5 844
0 5.71254 -48.5 854
0 5.70641 -48.5 863
0 5.73095 -48.5 872
0 5.71868 -48.5 882
0 5.70027 -48.5 891
0 5.71868 -48.5 900
0 5.74322 -48.5 910
0 5.71868 -48.5 919
0 5.72482 -48.5 928
0 5.71254 -48.5 937
0 5.75550 -48.5 947
0 5.72482 -48.5 956
0 5.72482 -48.5 965
0 5.71868 -48.5 974
0 5.71868 -48.5 984
0 5.70641 -48.5 993
0 5.71254 -48.5 1002
0 5.72482 -48.5 1012
0 5.71868 -48.5 1021
0 5.70641 -48.5 1031
0 5.71868 -48.5 1040
0 5.71868 -48.5 1049
0 5.73709 -49.0 1058
0 5.71868 -48.5 1068
0 5.72482 -48.5 1077
0 5.72482 -48.5 1086
0 5.73095 -48.5 1095
0 5.72482 -48.5 1105
0 5.73095 -48.5 1114
0 5.71868 -48.5 1123
0 5.73095 -48.5 1133
0 5.71254 -48.5 1142
0 5.72482 -48.5 1151
0 5.71254 -48.5 1160
0 5.73709 -48.5 1170
0 5.71868 -48.5 1179
0 5.71868 -48.5 1188
0 5.70027 -48.5 1197
0 5.71868 -48.5 1207
0 5.70641 -48.5 1216
0 5.71868 -48.5 1225
0 5.71254 -48.5 1234
0 5.70641 -48.5 1244
0 5.72482 -48.5 1253
0 5.71254 -48.5 1263
0 5.73709 -48.5 1272
0 5.73709 -48.5 1281
0 5.70641 -48.5 1290
0 5.72482 -48.5 1300
0 5.73095 -48.5 1309
0 5.73709 -48.5 1318
0 5.72482 -48.5 1327
0 5.72482 -48.5 1337
0 5.72482 -48.5 1346
0 5.72482 -48.5 1355
0 5.72482 -48.5 1364
0 5.71868 -48.5 1374
0 5.70641 -48.5 1383
0 5.70641 -48.5 1394
0 5.73095 -48.5 1403
0 5.73709 -48.5 1412
0 5.72482 -48.5 1422
0 5.71868 -48.5 1431
0 5.71868 -48.5 1440
0 5.73095 -48.5 1449
0 5.75550 -48.5 1460
0 5.74322 -48.5 1469
0 5.71868 -48.5 1478
0 5.71254 -48.5 1488
0 5.71254 -48.5 1497
0 5.71254 -48.5 1506
0 5.72482 -48.5 1515
0 5.72482 -48.5 1525
0 5.71254 -48.5 1534
0 5.73095 -48.5 1543
0 5.71254 -48.5 1552
0 5.71868 -48.5 1562
0 5.73095 -48.5 1571
0 5.72482 -48.5 1580
0 5.73095 -48.5 1589
0 5.73709 -48.5 1599
0 5.70641 -48.5 1608
0 5.71868 -48.5 1617
0 5.71254 -48.5 1627
0 5.71254 -48.5 1636
0 5.71868 -48.5 1647
0 5.71868 -48.5 1656
0 5.71868 -48.5 1665
0 5.74322 -48.5 1675
0 5.73095 -48.5 1685
0 5.72482 -48.5 1693
0 5.73095 -48.5 1703
0 5.72482 -48.5 1712
0 5.72482 -48.5 1721
0 5.70641 -48.5 1731
0 5.74322 -48.5 1740
0 5.70641 -48.5 1749
0 5.73709 -48.5 1759
0 5.71868 -48.5 1768
0 5.71868 -48.5 1777
0 5.70641 -48.5 1786
0 5.73095 -48.5 1796
0 5.72482 -48.5 1805
0 5.73709 -48.5 1814
0 5.72482 -48.5 1823
0 5.70641 -48.5 1832
0 5.70641 -48.5 1842
0 5.70641 -48.5 1851
0 5.72482 -48.5 1860
0 5.73709 -48.5 1869
0 5.71254 -48.5 1879
0 5.71868 -48.5 1906
0 5.71868 -48.5 1915
0 5.71868 -48.5 1924
0 5.74936 -48.5 1934
0 5.72482 -48.5 1943
0 5.71868 -48.5 1952
0 5.71254 -48.5 1962
0 5.72482 -48.5 1971
0 5.72482 -48.5 1980
0 5.71868 -48.5 1989
0 5.73095 -48.5 1998
