0 1.24559 -46.5
1 6.21569 -51.0
2 6.09297 -58.5
3 5.84140 -63.5
1 6.23410 -51.0
0 1.23332 -46.5
2 6.01320 -58.0
3 5.81686 -64.0
2 6.06843 -58.0
0 1.25173 -46.5
1 6.24637 -51.5
3 5.79845 -63.5
2 6.06843 -57.5
0 1.23946 -46.5
1 6.24637 -52.0
3 5.75550 -64.0
0 1.25173 -46.5
3 5.85981 -63.5
1 6.27091 -51.5
2 6.05002 -58.0
0 1.23332 -46.5
2 6.09911 -58.0
1 6.27091 -51.5
3 5.96412 -64.0
0 1.24559 -46.5
1 6.23410 -51.5
2 6.09911 -58.0
3 5.85367 -63.5
0 1.25173 -46.5
2 6.07456 -58.0
1 6.19728 -51.5
3 5.83526 -62.5
0 1.27014 -47.0
1 6.24023 -51.0
2 6.10524 -58.0
3 5.82913 -63.0
0 1.25786 -46.5
1 6.25864 -51.0
2 6.02548 -58.5
3 5.88435 -64.0
3 5.89662 -64.0
0 1.24559 -46.5
1 6.23410 -51.5
2 6.12365 -58.0
1 6.23410 -51.5
0 1.25786 -46.5
2 6.00707 -58.0
3 5.73709 -63.5
1 6.23410 -51.5
0 1.24559 -46.5
2 6.01934 -58.0
3 5.82299 -64.5
0 1.24559 -47.0
1 6.22796 -51.5
2 6.07456 -58.0
3 5.92730 -64.5
0 1.24559 -46.5
1 6.20342 -51.5
2 6.03161 -58.5
3 5.67573 -64.0
1 6.20955 -51.5
0 1.27627 -47.0
2 6.06843 -58.0
3 5.82913 -63.5
0 1.27014 -46.5
1 6.20955 -51.5
2 6.06229 -58.5
3 5.87821 -63.5
0 1.28854 -47.0
2 6.05002 -58.5
1 6.23410 -51.0
3 5.81686 -63.5
1 6.23410 -51.0
0 1.25786 -46.5
2 5.95185 -58.0
3 5.83526 -64.0
1 6.24637 -51.5
0 1.26400 -46.5
2 6.01320 -58.0
3 5.90889 -64.5
1 6.22183 -51.5
0 1.27014 -47.0
2 6.10524 -58.5
3 5.84140 -63.5
0 1.25786 -46.5
1 6.23410 -51.5
3 5.89662 -64.5
2 6.06843 -58.5
0 1.30082 -47.0
1 6.21569 -51.5
2 6.05002 -59.0
3 5.88435 -64.0
3 5.84753 -64.0
2 6.05002 -58.0
0 1.27627 -47.0
1 6.24637 -51.5
0 1.22718 -46.5
3 6.03161 -63.0
1 6.24023 -51.5
2 5.97025 -58.0
0 1.25173 -47.0
1 6.23410 -51.0
2 6.11138 -58.0
3 5.89662 -64.0
1 6.24023 -51.5
0 1.27014 -47.0
2 6.03161 -59.0
3 5.78618 -63.5
0 1.25786 -46.5
1 6.23410 -51.5
2 6.05616 -58.5
3 5.70027 -64.0
0 1.27627 -46.5
1 6.24023 -51.5
3 5.79845 -64.0
2 6.01934 -58.0
0 1.26400 -46.5
1 6.21569 -51.5
2 6.11752 -58.0
3 5.78618 -63.0
0 1.29468 -46.5
1 6.20955 -51.5
2 6.04388 -58.0
3 5.89662 -65.0
1 6.24637 -51.5
0 1.25786 -47.0
2 6.08684 -58.0
3 5.95185 -64.0
0 1.28241 -47.0
1 6.21569 -51.5
2 6.03775 -58.0
3 5.90276 -64.0
2 6.09297 -58.5
0 1.22105 -46.5
1 6.20342 -51.0
3 5.91503 -63.5
0 1.27014 -46.5
1 6.24023 -51.5
2 6.04388 -58.0
3 5.96412 -64.5
0 1.30082 -47.0
1 6.24637 -51.0
2 6.06229 -58.0
3 5.88435 -63.5
0 1.20878 -47.0
1 6.22183 -51.5
2 6.04388 -58.5
3 5.86594 -63.0
0 1.27627 -46.5
1 6.24637 -51.0
2 6.12365 -58.5
3 5.84140 -64.0
0 1.25786 -47.0
1 6.25251 -51.5
3 5.76163 -63.0
2 6.11752 -58.0
0 1.27627 -47.0
1 6.22183 -51.0
2 6.03161 -58.0
3 5.89662 -63.5
0 1.28241 -46.5
1 6.20955 -51.5
2 6.07456 -58.0
3 5.83526 -64.5
2 6.07456 -58.0
0 1.26400 -47.0
1 6.20342 -51.5
3 5.88435 -63.5
0 1.28241 -46.5
1 6.20955 -51.0
2 5.99480 -58.5
3 5.79845 -63.5
0 1.29468 -47.0
1 6.24637 -51.5
2 6.05002 -58.0
3 5.87821 -63.5
1 6.24023 -51.5
0 1.28241 -46.5
2 6.02548 -58.0
3 5.86594 -63.0
3 5.79845 -63.5
0 1.27014 -46.5
1 6.25864 -51.5
2 6.09297 -58.0
0 1.28241 -46.5
3 5.76777 -64.0
1 6.23410 -51.0
2 6.11752 -58.0
0 1.29468 -47.0
1 6.24637 -51.5
3 5.82913 -63.0
2 6.06229 -58.0
1 6.24023 -51.5
0 1.27014 -46.5
2 6.08070 -58.5
3 5.73095 -64.0
2 6.08070 -58.5
0 1.25786 -46.5
1 6.22796 -51.0
3 5.93344 -63.5
3 5.76163 -63.0
0 1.27627 -47.0
1 6.25864 -51.0
2 6.05002 -58.0
0 1.31309 -46.5
1 6.21569 -51.0
2 6.07456 -58.0
3 5.84753 -63.5
1 6.20955 -51.5
0 1.24559 -47.0
2 6.05616 -58.5
3 5.78618 -64.0
0 1.30695 -47.0
1 6.21569 -51.5
2 6.07456 -58.0
3 5.87208 -63.5
0 1.26400 -47.0
1 6.19728 -51.5
2 6.14819 -57.5
3 5.91503 -64.0
0 1.25173 -46.5
2 6.07456 -58.0
1 6.24023 -51.5
3 5.98866 -64.0
0 1.27014 -46.5
1 6.23410 -51.0
2 6.02548 -58.0
3 5.79845 -63.0
0 1.28854 -46.5
1 6.23410 -51.5
3 5.82913 -63.0
2 6.12365 -58.0
0 1.27014 -47.0
1 6.25251 -51.0
3 5.91503 -63.5
2 6.03775 -58.5
0 1.23332 -46.5
1 6.22183 -51.5
2 6.10524 -58.0
3 5.94571 -64.0
0 1.26400 -47.0
2 6.01934 -58.0
1 6.27705 -51.5
3 5.91503 -63.0
2 6.09911 -58.0
0 1.27014 -46.5
1 6.22796 -51.0
3 5.76163 -64.0
1 6.24023 -51.5
0 1.26400 -46.5
2 6.02548 -58.5
3 5.93344 -63.5
0 1.27014 -46.5
1 6.24637 -51.5
3 5.81686 -63.5
2 6.04388 -58.0
1 6.22796 -51.5
0 1.27627 -46.5
3 5.87208 -63.0
2 6.11752 -58.0
1 6.22796 -51.5
0 1.24559 -47.0
2 6.03161 -58.0
3 5.93957 -63.0
0 1.27627 -47.0
1 6.21569 -51.5
2 6.06843 -58.0
3 5.74936 -64.5
1 6.21569 -51.0
0 1.31922 -47.0
2 6.04388 -58.0
3 5.84140 -63.0
0 1.25786 -46.5
2 6.03775 -58.0
1 6.22183 -51.0
3 5.85367 -64.0
1 6.22183 -51.5
0 1.28241 -47.0
2 6.01934 -58.0
3 5.95185 -64.0
1 6.27705 -51.5
0 1.27014 -47.0
2 6.03161 -58.0
3 5.72482 -63.5
1 6.21569 -51.5
0 1.31922 -47.0
2 5.94571 -58.0
3 5.92117 -63.0
0 1.28854 -47.0
1 6.20955 -51.0
2 6.03775 -58.5
3 5.86594 -63.5
0 1.27014 -46.5
1 6.26478 -51.5
2 6.12979 -58.0
3 5.87821 -63.0
0 1.26400 -46.5
2 6.06843 -58.0
3 5.90276 -63.0
1 6.24023 -51.5
0 1.28854 -46.5
1 6.24023 -51.5
2 6.07456 -58.0
3 5.90276 -64.0
3 5.84140 -64.0
0 1.26400 -46.5
1 6.25251 -51.5
2 6.01320 -57.5
1 6.19728 -51.5
0 1.28241 -46.5
2 6.14819 -58.0
3 5.85367 -65.0
1 6.22183 -51.0
0 1.29468 -46.5
1 6.20955 -51.5
0 1.25786 -47.0
3 5.95185 -64.0
2 6.12979 -58.5
3 5.97025 -63.0
0 1.25786 -47.0
1 6.20955 -51.5
2 6.03775 -57.5
2 6.05616 -58.5
0 1.25173 -46.5
1 6.22183 -51.5
3 5.78004 -64.0
1 6.22796 -51.5
0 1.27014 -46.5
2 6.05616 -58.5
3 5.92117 -63.5
0 1.23946 -47.0
1 6.24637 -51.5
3 5.80458 -64.0
2 6.03775 -58.5
3 5.82299 -64.0
0 1.28854 -47.0
1 6.20955 -51.5
2 6.06843 -58.0
0 1.26400 -47.0
1 6.22796 -51.0
2 6.03775 -58.5
3 5.87208 -63.0
0 1.23946 -47.0
1 6.20955 -51.5
2 6.04388 -58.5
3 5.85367 -63.5
0 1.27014 -46.5
1 6.22796 -51.5
2 6.11752 -58.0
3 5.78618 -64.0
1 6.19728 -51.5
0 1.24559 -47.0
2 6.12979 -58.0
3 5.74936 -63.0
2 6.01934 -58.0
0 1.24559 -46.5
1 6.27091 -51.5
3 5.82299 -63.5
1 6.21569 -51.5
0 1.24559 -47.0
2 6.00707 -58.5
3 5.90276 -64.5
1 6.25864 -51.5
0 1.25173 -47.0
2 6.13592 -58.5
3 5.77390 -64.5
0 1.25173 -46.5
1 6.27705 -51.5
2 6.05616 -58.0
3 5.92730 -64.5
1 6.22183 -51.5
0 1.26400 -46.5
2 6.08684 -58.0
3 5.74936 -63.5
0 1.28854 -47.0
1 6.21569 -51.0
3 5.95798 -63.5
2 6.02548 -58.5
2 5.99480 -58.5
0 1.25173 -47.0
1 6.22183 -51.5
3 5.93957 -63.5
0 1.28854 -47.0
1 6.20955 -51.5
2 6.00093 -58.0
3 5.79845 -64.0
0 1.28241 -46.5
2 6.03775 -58.0
1 6.23410 -51.5
3 5.93957 -63.5
3 5.75550 -64.0
0 1.26400 -47.0
1 6.22796 -51.5
2 6.06229 -57.5
2 6.08070 -57.5
1 6.22796 -51.5
0 1.26400 -47.0
3 5.86594 -64.0
0 1.30082 -46.5
1 6.18501 -51.0
2 6.11138 -58.0
3 5.76777 -63.5
0 1.25173 -47.0
1 6.24637 -51.5
2 6.08070 -58.0
3 5.81686 -63.5
0 1.27627 -47.0
1 6.25251 -51.5
3 5.84753 -63.5
2 6.04388 -58.5
1 6.25864 -51.0
0 1.24559 -47.0
2 6.10524 -58.0
3 5.74936 -63.0
0 1.25173 -46.5
1 6.27091 -51.5
2 6.02548 -58.5
3 5.87821 -64.0
0 1.28241 -46.5
1 6.24023 -51.5
2 6.06229 -58.0
3 5.80458 -64.0
1 6.23410 -51.5
