1 5.61437 -58.0
0 0.78540 -57.0
1 5.55301 -58.5
0 0.71790 -57.5
2 6.14206 -67.0
0 0.74245 -57.0
1 5.67573 -58.5
2 6.12365 -68.0
0 0.75472 -57.5
1 5.65732 -58.0
2 6.03775 -69.5
1 5.62664 -58.0
0 0.69950 -57.5
2 5.40575 -67.0
1 5.71254 -58.0
0 0.69950 -57.0
2 6.22796 -68.0
0 0.71790 -57.5
1 5.63891 -58.0
2 6.03161 -67.5
0 0.63814 -57.5
1 5.58983 -58.5
2 6.07456 -68.5
1 5.65732 -58.5
0 0.73017 -57.0
2 5.87821 -68.0
0 0.75472 -57.5
1 5.61437 -59.0
2 5.82913 -67.0
1 5.65732 -58.5
0 0.76085 -58.0
2 6.07456 -66.0
2 6.04388 -68.0
0 0.67495 -57.5
1 5.67573 -58.5
1 5.69414 -57.5
0 0.66882 -57.5
2 6.01934 -69.5
1 5.62664 -58.5
0 0.76699 -57.5
0 0.69336 -57.0
1 5.61437 -58.0
1 5.57755 -57.5
0 0.77313 -58.0
2 6.07456 -68.0
1 5.70027 -58.0
2 6.00707 -67.5
0 0.65654 -58.0
2 6.09297 -68.5
0 0.68109 -57.5
1 5.63278 -58.5
1 5.63891 -58.0
0 0.79767 -58.0
2 5.92117 -67.0
1 5.78004 -58.5
0 0.73631 -57.5
2 6.00093 -68.0
0 0.82221 -58.0
1 5.66959 -58.5
2 6.02548 -68.0
0 0.70563 -57.5
1 5.68800 -59.0
2 5.90276 -68.5
0 0.80994 -58.0
1 5.63891 -58.5
2 6.05002 -68.0
1 5.60210 -57.5
0 0.70563 -58.0
2 5.97639 -67.0
0 0.74245 -57.0
1 5.58369 -58.0
2 5.89662 -69.0
0 0.80381 -57.0
1 5.60210 -58.5
2 5.75550 -68.5
1 5.60823 -58.5
0 0.76085 -57.5
2 6.03775 -68.0
1 5.68186 -57.5
0 0.66882 -57.5
2 6.10524 -68.5
0 0.77313 -57.5
1 5.63891 -58.0
2 5.87821 -68.5
0 0.80381 -57.5
1 5.58983 -58.5
2 6.08684 -67.5
0 0.71790 -57.5
1 5.66346 -58.5
2 5.95185 -69.5
2 6.01934 -68.0
0 0.73017 -57.5
1 5.64505 -59.0
0 0.85903 -58.0
1 5.65732 -58.5
2 6.02548 -67.5
0 0.68722 -57.5
1 5.68800 -59.0
2 6.18501 -68.0
0 0.74245 -57.5
1 5.69414 -58.0
2 5.97025 -67.0
0 0.69336 -57.5
1 5.65119 -58.5
2 5.80458 -68.5
1 5.71254 -58.0
0 0.76699 -58.0
2 6.05002 -68.0
0 0.77926 -57.5
1 5.65119 -59.0
2 6.11138 -67.5
0 0.77926 -57.0
2 6.06229 -67.5
1 5.59596 -58.5
2 6.09297 -68.0
0 0.75472 -57.5
1 5.63278 -58.0
2 6.22796 -66.0
0 0.79153 -57.0
1 5.66959 -58.5
0 0.77926 -57.0
1 5.70641 -58.5
2 6.03161 -66.5
0 0.79153 -57.0
1 5.58983 -58.0
2 6.08684 -69.0
0 0.80994 -57.5
1 5.57142 -59.0
2 6.00093 -66.5
1 5.70027 -58.0
0 0.77313 -57.0
2 6.01934 -67.0
0 0.76699 -57.5
1 5.65119 -58.5
2 6.05616 -68.0
1 5.56528 -58.5
0 0.76085 -57.5
2 0.03682 -69.0
2 5.82913 -69.5
1 5.62664 -58.5
0 0.71177 -58.0
2 6.12979 -67.5
0 0.74858 -58.5
1 5.59596 -58.5
2 5.79231 -68.5
1 5.66346 -58.5
0 0.74245 -57.5
0 0.80994 -57.0
1 5.60823 -58.0
2 5.94571 -68.0
0 0.76699 -57.5
1 5.69414 -58.0
2 6.05616 -67.5
0 0.74245 -57.5
1 5.69414 -58.5
2 6.03161 -67.0
1 5.63891 -58.5
0 0.67495 -57.5
1 5.63891 -58.0
0 0.76699 -57.5
2 5.92117 -69.0
2 6.08070 -67.5
1 5.63278 -59.0
0 0.73017 -57.5
1 5.60823 -58.0
0 0.70563 -57.5
2 5.95185 -68.0
1 5.55301 -58.0
0 0.82835 -57.5
2 5.87208 -69.5
0 0.79153 -58.0
1 5.67573 -58.0
2 5.86594 -68.5
0 0.78540 -57.0
1 5.60823 -58.0
2 6.08684 -67.0
0 0.82221 -57.5
1 5.62664 -58.5
2 5.95798 -68.0
2 6.08070 -68.0
1 5.58983 -58.0
0 0.77926 -57.5
0 0.68722 -58.0
1 5.68800 -58.5
2 5.92730 -67.5
0 0.76085 -57.5
1 5.64505 -58.5
2 6.06843 -67.0
1 5.64505 -58.0
0 0.84062 -58.0
2 5.97639 -67.0
0 0.66882 -57.0
1 5.60823 -58.0
2 5.77390 -69.0
0 0.70563 -57.5
1 5.70027 -57.5
2 5.98866 -67.5
1 5.63891 -58.5
0 0.80381 -57.5
2 6.08070 -69.5
0 0.78540 -57.0
1 5.65119 -58.0
2 6.12365 -68.0
1 5.66959 -58.0
0 0.80994 -57.5
2 5.80458 -68.0
1 5.33825 -59.0
0 0.74858 -57.5
2 5.95185 -67.0
2 6.06229 -67.0
0 0.77313 -58.0
1 5.65732 -58.0
2 6.19115 -67.0
1 5.68800 -58.0
0 0.75472 -57.5
0 0.71790 -57.5
1 5.65119 -58.5
2 5.85367 -67.5
0 0.83449 -57.0
1 5.62051 -58.5
2 5.90889 -67.5
1 5.66959 -57.5
0 0.68722 -57.5
2 6.17274 -68.5
2 5.97639 -67.5
1 5.58983 -58.5
0 0.80381 -57.5
1 5.65732 -58.5
0 0.80381 -57.0
2 6.06229 -67.5
0 0.81608 -58.0
1 5.65119 -58.5
2 5.81686 -67.5
2 5.90276 -67.5
0 0.72404 -57.5
1 5.63278 -58.5
2 6.20955 -67.5
0 0.71177 -57.5
1 5.72482 -58.0
0 0.77313 -57.5
1 5.79845 -58.0
2 5.88435 -67.5
0 0.83449 -58.0
1 5.66346 -59.0
1 5.62051 -58.0
0 0.78540 -57.5
2 6.07456 -68.0
0 0.76085 -58.0
1 5.66346 -58.5
2 0.03068 -67.0
0 0.75472 -58.0
1 5.65119 -58.0
2 5.98866 -67.0
0 0.77926 -57.5
1 5.62664 -58.5
2 6.19728 -68.5
1 5.64505 -58.0
0 0.76085 -57.5
2 6.03161 -67.5
0 0.82835 -57.5
1 5.73095 -58.5
2 5.79845 -69.0
1 5.58369 -58.5
0 0.77926 -57.5
1 5.63278 -58.0
0 0.65654 -57.5
2 5.89662 -69.0
0 0.76085 -57.5
1 5.64505 -58.5
2 5.84753 -69.0
2 6.14819 -69.0
1 5.53460 -58.5
0 0.74858 -57.5
0 0.79767 -58.0
1 5.57142 -58.5
2 6.17887 -67.5
0 0.76085 -57.5
1 5.60823 -59.0
2 6.06843 -68.5
2 6.10524 -66.5
0 0.85289 -58.0
1 5.66959 -58.0
0 0.78540 -57.0
1 5.66959 -58.0
2 6.19728 -68.0
2 0.00614 -66.5
1 5.73709 -58.0
0 0.71790 -57.5
1 5.57755 -58.5
0 0.77926 -57.0
2 5.79845 -68.0
2 5.88435 -68.5
0 0.74245 -57.5
1 5.56528 -58.5
0 0.73017 -57.0
1 5.67573 -58.5
2 6.08684 -69.0
0 0.82835 -57.0
1 5.66346 -58.0
2 6.05616 -67.5
1 5.60823 -58.0
0 0.68109 -57.5
2 6.03775 -67.0
0 0.74245 -57.5
1 5.68186 -58.0
2 6.03161 -67.5
1 5.68186 -58.5
0 0.76085 -57.0
2 5.97025 -67.5
1 5.65119 -58.0
0 0.79767 -57.5
2 6.00093 -68.0
0 0.73017 -58.0
1 5.62664 -58.5
2 5.95798 -67.0
0 0.76085 -57.5
1 5.58369 -58.0
2 5.96412 -68.0
2 6.16660 -68.5
0 0.75472 -57.5
1 5.64505 -58.5
0 0.74858 -57.5
1 5.73095 -58.0
2 6.00707 -67.5
1 5.60823 -58.5
0 0.76699 -57.0
2 6.00093 -67.0
1 5.64505 -58.0
0 0.72404 -57.5
2 6.08684 -67.5
1 5.61437 -58.0
0 0.79153 -57.0
0 0.74858 -57.5
1 5.61437 -58.0
2 5.98253 -68.5
1 5.67573 -57.5
0 0.75472 -57.0
2 6.03161 -67.0
1 5.62664 -58.5
0 0.76699 -57.5
2 6.06229 -67.5
1 5.55915 -58.5
0 0.73017 -57.5
2 5.98866 -68.5
0 0.66268 -57.5
1 5.70027 -58.0
2 5.87821 -67.5
1 5.62051 -58.5
0 0.77313 -57.5
1 5.67573 -58.0
0 0.73017 -57.0
2 6.01934 -68.5
0 0.85903 -57.5
1 5.60823 -58.0
2 6.12979 -67.5
0 0.74245 -57.5
1 5.66346 -58.5
2 6.11138 -69.5
0 0.81608 -58.0
1 5.57142 -58.0
2 5.93957 -68.0
2 6.09911 -68.0
0 0.67495 -57.5
1 5.65732 -58.0
1 5.57142 -59.0
0 0.73631 -57.0
2 0.06750 -67.5
1 5.62664 -58.0
0 0.71790 -57.5
2 6.04388 -68.0
0 0.79153 -57.0
1 5.62664 -58.5
2 5.61437 -68.5
0 0.79767 -57.5
1 5.60210 -58.5
2 6.12365 -68.0
1 5.57755 -58.5
0 0.71177 -57.5
2 0.00614 -66.5
1 5.61437 -58.5
0 0.79153 -57.5
2 6.00707 -67.5
1 5.62664 -58.5
0 0.76085 -57.5
2 6.04388 -68.0
1 5.61437 -58.0
0 0.69336 -57.5
2 6.18501 -69.0
0 0.79153 -57.0
1 5.59596 -58.5
2 6.15433 -68.0
1 5.66959 -58.5
0 0.79153 -57.5
2 5.93344 -68.0
0 0.78540 -57.5
1 5.66346 -58.5
2 6.27091 -68.0
0 0.77926 -57.5
1 5.62051 -59.0
2 5.91503 -68.5
1 5.63891 -58.5
0 0.80381 -57.5
2 6.12979 -67.5
0 0.80994 -57.0
1 5.62664 -58.0
2 6.14206 -66.5
1 5.62664 -58.5
0 0.80381 -57.5
2 6.25864 -67.5
1 5.67573 -58.0
0 0.74245 -57.5
2 5.82299 -69.0
1 5.57755 -58.0
0 0.77926 -57.5
2 5.74936 -66.5
1 5.66346 -58.5
0 0.77313 -57.5
2 6.14819 -68.0
0 0.77926 -57.5
1 5.67573 -58.5
