2 6.15433 -63.0
0 1.03084 -52.0
1 6.06229 -54.5
3 5.87821 -69.5
0 1.10447 -52.0
1 6.07456 -54.0
2 6.21569 -63.0
0 1.09833 -52.0
1 6.10524 -54.5
2 6.11752 -64.5
3 6.13592 -68.0
0 1.07379 -52.5
1 6.09911 -54.0
2 6.16660 -64.0
1 6.09297 -54.0
0 1.03084 -52.0
2 6.15433 -63.0
0 1.15355 -52.0
1 6.10524 -54.0
2 6.12979 -64.0
2 6.20342 -64.0
0 1.11060 -52.5
1 6.10524 -54.5
0 1.11674 -52.0
1 6.08684 -54.0
2 6.11752 -64.5
0 1.06765 -52.5
1 6.08684 -54.0
2 6.16047 -63.0
0 1.07992 -52.0
1 6.09911 -54.0
2 6.11138 -64.5
0 1.06765 -52.0
1 6.07456 -54.5
2 6.12365 -63.0
1 6.11138 -54.0
0 1.08606 -52.0
2 6.09297 -63.5
2 6.13592 -63.0
1 6.11138 -54.0
0 1.10447 -52.0
0 1.11674 -52.5
1 6.06843 -54.0
2 6.15433 -63.5
0 1.08606 -52.0
1 6.06843 -54.0
2 6.12979 -64.0
0 1.07992 -52.5
1 6.09911 -54.0
2 6.15433 -63.0
1 6.14819 -54.0
0 1.04311 -52.5
2 6.16660 -62.5
2 6.14819 -64.5
1 6.08684 -54.0
0 1.09219 -52.5
1 6.05616 -54.0
0 1.08606 -52.0
2 6.14819 -63.5
0 1.09833 -52.0
1 6.04388 -54.0
2 6.12979 -64.0
0 1.07379 -52.5
1 6.06843 -54.0
2 6.16660 -64.5
2 6.12979 -63.0
0 1.12901 -52.5
1 6.11752 -54.5
0 1.10447 -52.0
1 6.09297 -54.0
2 6.16660 -64.5
0 1.04311 -52.0
1 6.06229 -54.0
2 6.05002 -64.0
0 1.13515 -52.0
1 6.07456 -54.0
2 6.11138 -63.5
0 1.09833 -52.0
1 6.07456 -54.0
2 6.09297 -63.0
0 1.09833 -52.0
1 6.07456 -54.0
2 6.19115 -63.0
0 1.10447 -52.0
1 6.12979 -54.0
2 6.09297 -63.0
1 6.09911 -54.0
0 1.07379 -52.0
2 6.23410 -63.5
2 6.24023 -64.0
1 6.11138 -54.5
0 1.10447 -52.0
0 1.07379 -52.5
1 6.09911 -54.0
2 6.22183 -64.0
0 1.06151 -52.0
1 6.05002 -54.5
2 6.16660 -63.5
0 1.09219 -52.5
1 6.09297 -54.5
2 6.26478 -63.5
0 1.10447 -52.5
1 6.06843 -54.0
2 0.02454 -65.0
0 1.10447 -52.0
1 6.09297 -54.5
2 6.16660 -63.5
0 1.12901 -52.0
1 6.10524 -54.5
2 6.20342 -65.5
1 6.05616 -54.0
2 6.09911 -64.0
0 1.08606 -52.0
1 6.08684 -54.0
0 1.07379 -52.5
2 6.19728 -64.0
0 1.08606 -52.0
1 6.08684 -54.0
2 6.26478 -64.5
2 6.22796 -64.0
0 1.09219 -52.5
1 6.11138 -54.0
0 1.06151 -52.5
2 6.06229 -65.0
1 6.03161 -54.5
0 1.07379 -52.5
1 6.07456 -54.0
2 6.17887 -63.5
1 6.03775 -54.0
0 1.09833 -52.0
2 6.21569 -64.0
1 6.08070 -54.0
0 1.06151 -52.0
2 0.11658 -62.5
2 6.11138 -63.0
0 1.11060 -52.5
1 6.03775 -54.0
1 6.12365 -54.5
0 1.09833 -52.0
2 6.10524 -64.0
0 1.06765 -52.0
1 6.10524 -54.5
2 6.17887 -63.5
0 1.17196 -52.0
1 6.09911 -54.5
2 6.17887 -63.0
0 1.15969 -52.0
1 6.09297 -54.0
2 6.14206 -63.5
1 6.09911 -54.5
0 1.11674 -52.0
2 5.93957 -63.0
0 1.11060 -52.0
1 6.09297 -54.0
2 5.90889 -65.0
2 6.17274 -64.5
1 6.07456 -54.5
0 1.07992 -52.5
0 1.09833 -52.5
2 6.16660 -62.5
1 6.09911 -54.5
0 1.09219 -52.5
1 6.11138 -54.0
2 6.18501 -63.5
1 6.11752 -54.0
0 1.11060 -52.0
2 5.92730 -64.0
0 1.06151 -52.5
1 6.10524 -54.5
2 6.15433 -63.5
0 1.06765 -52.5
1 6.09911 -54.5
2 6.17274 -62.5
0 1.12901 -52.0
1 6.08684 -54.0
2 6.13592 -62.5
0 1.13515 -52.5
1 6.08684 -54.0
2 6.11752 -63.0
0 1.08606 -52.0
1 6.10524 -54.0
2 6.09297 -63.5
0 1.14128 -52.0
1 6.10524 -54.0
2 6.25251 -63.0
2 6.22796 -63.5
0 1.09833 -52.5
1 6.07456 -54.5
0 1.05538 -52.0
1 6.10524 -54.5
2 6.16047 -63.5
0 1.11674 -52.0
1 6.09911 -54.5
2 6.15433 -64.0
0 1.14742 -52.5
1 6.08684 -54.5
2 6.18501 -64.0
0 1.14128 -52.0
1 6.06843 -54.5
2 6.10524 -64.0
1 6.10524 -54.5
0 1.15355 -52.5
2 6.25251 -63.5
0 1.09219 -52.5
1 6.07456 -54.5
2 6.09297 -64.0
0 1.12287 -52.0
1 6.09297 -54.5
2 6.10524 -64.0
0 1.10447 -52.0
1 6.08070 -54.0
2 6.05616 -63.5
0 1.11060 -52.5
1 6.08684 -54.0
2 6.06843 -64.0
1 6.06229 -54.5
0 1.09833 -52.0
2 6.15433 -63.0
0 1.13515 -52.0
1 6.05002 -54.0
2 6.19115 -64.0
2 6.09297 -63.5
1 6.09911 -54.0
0 1.11674 -52.0
0 1.10447 -52.5
1 6.07456 -54.0
2 6.10524 -63.5
0 1.09833 -52.0
1 6.06843 -54.5
2 6.24637 -63.5
1 6.09911 -54.5
0 1.06765 -52.5
2 6.11138 -63.5
0 1.11060 -52.5
1 6.06843 -54.0
2 6.11138 -64.0
2 6.05002 -64.0
1 6.08070 -54.0
0 1.09219 -52.5
1 6.09297 -54.0
0 1.10447 -52.0
2 6.17887 -63.5
0 1.11674 -52.0
1 6.05616 -54.5
2 6.03161 -63.5
1 6.11138 -54.0
0 1.08606 -52.5
2 6.24637 -63.0
1 6.06229 -54.0
0 1.09219 -52.5
2 6.14819 -63.5
1 6.11752 -54.0
0 1.07992 -52.0
2 6.17274 -62.5
0 1.07992 -52.0
0 1.07379 -52.0
1 6.15433 -54.0
2 5.91503 -63.5
3 5.99480 -70.5
2 6.20342 -63.0
1 6.08070 -54.5
0 1.06765 -52.0
3 6.00093 -68.5
0 1.11674 -52.0
1 6.08684 -54.0
2 6.12979 -64.5
3 6.11752 -68.5
1 6.10524 -54.0
0 1.10447 -52.0
2 6.14819 -64.5
3 5.62664 -68.5
0 1.04924 -52.0
1 6.09911 -54.5
2 6.05616 -64.0
3 5.98253 -68.5
1 6.09911 -54.5
0 1.07379 -52.5
2 6.06843 -63.5
3 5.71254 -68.5
1 6.08684 -54.0
0 1.12901 -52.0
2 6.16047 -64.0
3 6.03775 -71.0
0 1.07992 -52.5
1 6.06843 -54.0
3 6.24023 -69.0
2 6.25251 -63.5
1 6.06843 -54.0
0 1.09219 -52.0
2 6.06229 -64.0
3 5.83526 -69.0
0 1.01243 -52.5
1 6.09297 -54.0
2 6.19115 -64.0
3 6.01320 -67.5
1 6.11138 -54.0
0 1.09833 -52.0
2 6.06229 -63.5
0 1.06765 -52.0
1 6.07456 -54.0
2 6.15433 -64.5
1 6.00093 -54.0
0 1.09219 -52.5
2 6.17887 -64.5
3 5.54687 -68.0
1 6.06229 -54.5
0 1.11060 -52.0
2 6.17887 -63.0
3 5.87208 -70.0
0 1.06151 -52.0
1 6.09911 -54.0
2 6.11138 -63.5
3 6.08684 -68.5
0 1.09833 -52.0
1 6.14819 -54.0
2 6.22183 -63.5
0 1.12287 -52.0
1 6.09911 -54.0
2 6.19728 -63.5
1 6.12365 -54.0
0 1.09219 -52.0
2 6.11752 -63.5
3 5.89049 -69.5
2 6.08070 -63.5
0 1.10447 -52.5
1 6.11138 -54.5
1 6.09297 -54.0
0 1.09219 -52.0
2 0.00614 -64.5
3 5.99480 -69.5
0 1.09833 -52.0
1 6.07456 -54.0
2 6.17887 -64.0
3 5.77390 -70.0
0 1.11674 -52.0
1 6.08684 -54.0
2 6.22183 -64.0
0 1.11060 -52.0
1 6.07456 -54.0
2 6.19115 -63.0
0 1.09219 -52.0
1 6.10524 -54.0
2 6.09297 -65.0
0 1.12901 -52.0
1 6.06229 -54.5
2 6.15433 -64.0
0 1.09833 -52.5
1 6.05002 -54.5
2 6.12979 -63.5
0 1.09833 -52.0
1 6.09297 -54.0
2 6.08070 -63.0
2 6.09911 -63.5
0 1.11674 -52.5
1 6.07456 -54.0
3 5.97639 -70.0
0 1.08606 -52.5
1 6.09297 -54.0
3 5.84753 -69.5
2 6.17274 -63.5
0 1.11674 -52.0
1 6.05002 -54.0
2 6.24023 -63.5
3 5.87208 -69.0
0 1.12287 -52.5
1 6.06843 -54.0
2 6.17274 -64.0
0 1.12287 -52.0
1 6.08684 -54.0
2 6.22183 -64.5
0 1.13515 -52.0
1 6.11752 -54.0
2 6.19115 -63.5
3 5.85367 -67.0
1 6.09911 -54.0
0 1.08606 -52.0
2 6.15433 -63.5
3 5.82299 -69.5
2 6.08684 -64.0
0 1.09219 -52.0
1 6.07456 -54.5
3 6.03775 -69.5
1 6.08070 -54.0
0 1.07992 -52.0
2 6.00707 -64.0
3 5.81072 -68.0
