0 1.33763 -48.5
1 0.13499 -52.0
2 6.27705 -60.5
3 6.19728 -66.0
1 0.08590 -51.5
0 1.31309 -49.0
2 0.06136 -61.0
3 5.94571 -66.5
0 1.30695 -48.5
1 0.07363 -52.0
2 6.27705 -61.0
3 6.14206 -66.0
0 1.31309 -49.0
1 0.07977 -52.0
2 6.25864 -60.5
3 6.05002 -66.5
2 6.23410 -61.0
3 6.05002 -65.0
0 1.33150 -49.0
1 0.07977 -51.5
1 0.09204 -51.5
0 1.31309 -49.0
2 0.09204 -61.0
3 6.27091 -65.5
2 0.00000 -60.5
0 1.30695 -48.5
1 0.09817 -52.0
3 6.11752 -66.5
0 1.31309 -49.0
1 0.09817 -52.0
2 6.19115 -61.5
3 6.24023 -67.0
0 1.31309 -48.5
1 0.11045 -51.5
2 0.06750 -60.5
3 6.06843 -66.5
0 1.38672 -49.0
1 0.09817 -52.0
2 6.08070 -61.0
3 6.14819 -66.0
0 1.30082 -49.0
1 0.06750 -52.0
3 6.01934 -65.0
2 0.01841 -61.0
0 1.31309 -49.0
1 0.06750 -52.0
2 0.03068 -60.0
3 6.05002 -66.0
2 6.27091 -61.0
1 0.10431 -52.0
0 1.31309 -48.5
3 6.03775 -65.5
0 1.30695 -48.5
1 0.10431 -52.0
3 6.16660 -65.5
2 0.02454 -60.5
3 6.12365 -66.5
1 0.10431 -52.0
2 6.17274 -60.5
0 1.35604 -49.0
0 1.30695 -49.0
1 0.10431 -51.5
3 0.04909 -66.5
2 0.05522 -60.5
0 1.28241 -48.5
1 0.09817 -52.0
2 0.05522 -60.5
3 6.19728 -66.5
2 0.12272 -60.5
1 0.07363 -52.0
0 1.30695 -48.5
3 6.19728 -65.5
3 6.13592 -66.0
0 1.33763 -48.5
1 0.13499 -52.0
2 0.04295 -60.5
2 0.03682 -60.5
0 1.31309 -49.0
1 0.12272 -52.0
3 6.26478 -65.5
0 1.31922 -49.0
1 0.10431 -52.0
3 6.16660 -66.5
2 0.00000 -60.5
3 6.04388 -66.0
0 1.30082 -48.5
2 6.27091 -61.0
1 0.08590 -51.5
0 1.33150 -48.5
1 0.11045 -52.0
2 0.01841 -60.0
3 6.10524 -66.0
0 1.33150 -49.0
1 0.12272 -52.0
2 0.03682 -61.0
3 6.14206 -65.0
0 1.31922 -48.5
1 0.08590 -52.0
2 6.25864 -60.5
3 6.19728 -67.0
0 1.33150 -48.5
1 0.09817 -51.5
3 6.11752 -66.5
2 0.01841 -61.0
1 0.10431 -52.0
0 1.32536 -49.0
2 0.12272 -61.0
3 6.19728 -66.0
2 6.26478 -61.0
0 1.31309 -48.5
1 0.10431 -52.0
3 6.09911 -67.0
1 0.07363 -52.0
0 1.32536 -49.0
3 6.17887 -66.0
2 6.27091 -60.5
0 1.32536 -49.0
1 0.07977 -51.5
2 0.06136 -60.5
3 6.20342 -67.0
0 1.34990 -49.0
1 0.12272 -52.0
2 0.03068 -60.5
3 6.22796 -65.0
0 1.31922 -49.0
1 0.12272 -52.0
2 6.25864 -61.0
3 6.03775 -66.0
1 0.09204 -52.0
0 1.34377 -49.0
2 6.25251 -61.0
3 6.25864 -66.0
0 1.27014 -49.0
1 0.11045 -52.0
2 0.00000 -61.5
3 6.19728 -65.5
0 1.34990 -48.5
1 0.11658 -52.0
2 6.26478 -60.5
3 6.19115 -66.5
0 1.35604 -48.5
1 0.10431 -52.0
2 6.25864 -61.0
3 6.12365 -66.5
2 0.06136 -60.5
0 1.34377 -49.0
1 0.09204 -52.0
3 6.16047 -66.5
0 1.36831 -49.0
1 0.07977 -52.0
2 0.08590 -61.0
3 0.25771 -66.0
2 0.00000 -61.0
0 1.33150 -49.0
1 0.11045 -52.0
3 6.14206 -66.0
1 0.08590 -52.0
0 1.32536 -49.0
2 6.27091 -60.5
3 6.00093 -67.0
0 1.35604 -48.5
1 0.05522 -52.0
3 6.07456 -67.0
2 6.24023 -61.0
1 0.07363 -52.0
0 1.30695 -49.0
2 0.02454 -60.5
3 6.23410 -66.5
1 0.11045 -52.0
0 1.30082 -49.0
2 0.04295 -61.0
3 6.05616 -67.0
0 1.35604 -48.5
1 0.07977 -51.5
2 0.00614 -61.5
3 6.11138 -65.0
0 1.33763 -48.5
1 0.11045 -52.0
2 6.22183 -61.0
3 6.26478 -66.5
0 1.34377 -48.5
1 0.10431 -52.0
3 6.04388 -65.5
2 6.24023 -61.0
0 1.30695 -49.0
3 6.16047 -67.0
1 0.05522 -51.5
2 6.26478 -61.5
1 0.10431 -52.0
0 1.31922 -49.0
2 0.00614 -60.5
3 6.02548 -67.0
1 0.11658 -52.0
0 1.31309 -48.5
2 0.00000 -60.5
3 6.12365 -65.5
1 0.08590 -52.0
0 1.36217 -48.5
2 0.03682 -61.0
3 6.25251 -66.5
1 0.11045 -52.0
0 1.33150 -48.5
2 6.27705 -61.5
3 6.27091 -65.0
1 0.11045 -51.5
0 1.33763 -49.0
2 0.02454 -61.5
3 6.16047 -67.0
0 1.33763 -49.0
1 0.10431 -51.5
2 6.24023 -60.5
3 6.18501 -67.0
2 6.25864 -61.0
3 6.19728 -66.5
0 1.32536 -49.0
1 0.10431 -52.0
0 1.31309 -49.0
1 0.08590 -52.0
2 0.05522 -60.5
3 6.08684 -66.5
0 1.36217 -49.0
1 0.09817 -52.0
2 6.27091 -60.5
3 0.03068 -66.5
1 0.11045 -52.0
0 1.32536 -48.5
2 0.00000 -61.0
3 6.04388 -66.5
0 1.33150 -49.0
1 0.10431 -52.0
2 0.07363 -61.0
3 6.06843 -66.0
0 1.36217 -48.5
1 0.09817 -52.0
2 0.03068 -61.5
3 6.08070 -67.0
2 6.24637 -60.5
0 1.30082 -48.5
1 0.10431 -51.5
3 6.24023 -66.0
0 1.31922 -48.5
1 0.09204 -52.0
2 6.25864 -60.5
3 0.00614 -65.5
0 1.34377 -48.5
1 0.11658 -52.0
2 6.21569 -60.5
3 6.25251 -66.0
2 6.26478 -61.0
1 0.09204 -52.0
0 1.34377 -48.5
3 6.16047 -66.5
0 1.31309 -49.0
1 0.09817 -51.5
2 6.26478 -61.0
3 6.15433 -66.5
0 1.31309 -49.0
1 0.08590 -52.0
2 0.04295 -61.0
3 6.15433 -66.5
1 0.09204 -52.0
0 1.31922 -49.0
2 6.27705 -61.5
3 6.08684 -66.0
1 0.07977 -52.0
0 1.31309 -49.0
2 0.07363 -61.0
3 6.16047 -66.5
3 6.05002 -66.0
2 0.04295 -60.5
1 0.11658 -52.0
0 1.37445 -49.0
0 1.38672 -48.5
1 0.10431 -51.5
2 6.20342 -60.5
3 6.03775 -67.0
0 1.33150 -49.0
1 0.10431 -52.0
2 0.01227 -60.5
3 6.13592 -66.0
1 0.10431 -52.0
0 1.34990 -48.5
2 0.06750 -61.5
3 6.16660 -66.0
0 1.31309 -49.0
1 0.11045 -52.0
2 0.09204 -61.0
3 6.22183 -67.0
2 0.07363 -60.5
0 1.35604 -49.0
1 0.11658 -52.0
3 6.03775 -65.5
0 1.30082 -48.5
1 0.08590 -51.5
2 6.27091 -61.0
3 6.27705 -66.0
0 1.34990 -48.5
1 0.11658 -52.0
2 0.02454 -61.0
3 6.15433 -66.0
2 6.22183 -61.0
0 1.38058 -48.5
1 0.09204 -52.0
3 6.27091 -66.0
3 6.11138 -65.0
2 6.26478 -61.0
0 1.30695 -49.0
1 0.10431 -52.0
0 1.33150 -49.0
1 0.07977 -52.0
2 0.01227 -61.5
3 6.08684 -66.0
2 6.24023 -61.0
0 1.35604 -48.5
1 0.05522 -52.0
3 6.05002 -66.5
1 0.10431 -51.5
0 1.32536 -49.0
2 6.24637 -60.5
3 6.17274 -65.5
0 1.29468 -49.0
1 0.07363 -52.0
2 0.01841 -60.0
1 0.10431 -52.0
0 1.31922 -48.5
2 6.25251 -61.0
3 6.21569 -66.5
0 1.28854 -49.0
1 0.07977 -52.0
2 6.24023 -60.5
3 5.97025 -66.5
0 1.33150 -49.0
1 0.07363 -52.0
2 0.01227 -61.0
3 6.14206 -65.0
2 6.25251 -60.5
0 1.36831 -49.0
1 0.10431 -52.0
3 6.27091 -65.5
0 1.32536 -49.0
1 0.07977 -52.0
2 6.23410 -61.0
3 6.16047 -66.5
3 6.14819 -66.0
0 1.32536 -49.0
1 0.11658 -52.0
2 6.27705 -60.5
0 1.33763 -49.0
1 0.08590 -52.0
2 0.03068 -60.5
3 6.03161 -65.5
1 0.12272 -52.0
0 1.30082 -49.0
2 6.25864 -60.5
3 6.14819 -66.5
1 0.06750 -51.5
0 1.32536 -48.5
2 0.01841 -61.5
3 6.14819 -67.0
1 0.09204 -52.0
0 1.34990 -49.5
2 0.07363 -61.0
3 6.25864 -64.5
0 1.32536 -49.5
1 0.10431 -52.0
2 0.04295 -60.5
3 6.09911 -65.5
1 0.06136 -52.0
0 1.34377 -48.5
2 6.24637 -60.5
3 6.12365 -68.0
1 0.10431 -52.0
0 1.33150 -49.0
2 0.00614 -60.5
3 6.12979 -66.0
0 1.32536 -49.0
1 0.09817 -52.0
2 0.00000 -60.0
3 6.02548 -66.5
0 1.36217 -48.5
1 0.08590 -51.5
3 6.25251 -65.5
2 0.01227 -61.0
0 1.31922 -49.0
2 0.07977 -61.0
3 6.14206 -67.0
1 0.09817 -52.0
0 1.33150 -49.0
1 0.09204 -52.0
3 6.13592 -66.0
2 0.02454 -60.5
0 1.34990 -49.0
1 0.09204 -51.5
2 6.27705 -61.5
3 0.00614 -66.0
1 0.07977 -52.0
0 1.30695 -49.0
2 6.24023 -60.5
3 6.14206 -66.0
0 1.36831 -49.0
1 0.07363 -51.5
2 6.22183 -60.5
3 6.04388 -66.0
1 0.06136 -51.5
0 1.31922 -48.5
2 6.27091 -61.0
3 6.14819 -65.5
