0 1.35604 -47.0
1 0.09817 -51.0
2 6.09297 -58.5
3 5.72482 -63.0
1 0.09817 -50.5
0 1.36831 -46.5
2 6.02548 -59.0
3 5.74936 -63.5
3 5.91503 -63.5
0 1.35604 -47.0
1 0.07977 -50.5
2 6.06843 -58.5
3 5.52233 -63.0
0 1.35604 -47.0
1 0.11045 -50.5
2 6.08070 -58.0
0 1.33763 -46.5
1 0.12272 -51.0
2 6.03775 -58.5
3 5.52847 -63.5
1 0.11658 -51.0
0 1.35604 -47.0
2 6.07456 -58.5
3 5.73095 -63.0
2 6.02548 -59.0
0 1.37445 -47.0
1 0.13499 -51.0
3 5.64505 -63.0
0 1.36217 -47.0
1 0.09817 -50.5
2 6.02548 -59.0
3 5.73095 -63.5
0 1.39899 -46.5
1 0.11658 -50.5
2 6.04388 -58.0
3 5.80458 -63.5
1 0.10431 -51.0
0 1.39899 -47.0
2 6.16660 -58.0
3 5.71868 -64.0
1 0.09817 -50.5
0 1.36217 -47.0
2 6.09911 -58.5
3 5.90889 -63.0
3 5.62051 -63.5
0 1.38058 -47.0
1 0.09817 -50.5
2 6.08070 -58.5
3 5.59596 -63.5
0 1.38672 -47.0
1 0.12885 -51.0
2 6.00707 -58.5
0 1.39285 -47.0
1 0.11658 -50.5
2 6.07456 -58.0
3 5.70027 -63.5
0 1.33763 -46.5
1 0.09817 -50.5
2 6.03161 -58.0
3 5.74322 -63.0
2 6.00707 -58.5
0 1.35604 -47.0
1 0.13499 -51.0
3 5.67573 -62.5
1 0.06750 -50.5
0 1.39285 -46.5
2 6.03161 -58.5
3 5.74322 -64.5
0 1.34377 -47.0
1 0.08590 -50.5
2 6.03775 -58.5
3 5.90276 -64.5
3 5.58983 -63.5
0 1.38058 -47.0
1 0.10431 -50.5
2 6.09297 -58.0
0 1.35604 -47.0
1 0.11045 -51.0
3 5.63891 -63.5
2 5.97025 -58.5
0 1.36831 -46.5
1 0.11045 -50.5
2 6.05616 -58.5
3 5.82299 -63.5
1 0.11045 -50.5
0 1.38058 -47.0
2 6.14206 -59.0
3 5.65732 -63.5
1 0.10431 -50.5
0 1.38058 -47.0
2 6.08684 -59.5
3 5.76777 -65.0
1 0.10431 -50.5
0 1.36217 -46.5
2 6.06229 -58.0
3 5.68800 -64.0
0 1.34990 -47.0
1 0.09204 -50.5
2 6.05002 -58.5
3 5.66346 -63.5
0 1.36217 -47.0
3 5.82299 -63.5
2 6.07456 -58.5
1 0.12272 -50.5
0 1.39285 -47.0
1 0.07363 -50.5
2 6.09297 -58.5
3 5.65119 -64.5
2 6.06229 -58.5
0 1.39285 -47.0
1 0.11045 -50.5
3 5.64505 -64.0
0 1.39285 -47.0
1 0.11658 -50.5
2 6.05616 -58.5
3 5.78618 -64.5
1 0.11045 -50.5
0 1.36831 -46.5
2 6.05002 -59.0
3 5.77390 -63.5
3 5.70027 -63.5
0 1.38058 -47.0
1 0.11658 -50.5
2 6.07456 -58.5
2 6.02548 -58.5
0 1.36831 -47.0
1 0.10431 -50.5
3 5.69414 -65.0
0 1.39285 -47.0
3 5.73095 -64.0
1 0.12885 -50.5
2 6.01934 -58.5
1 0.12272 -50.5
0 1.38058 -46.5
2 6.10524 -58.5
3 5.84753 -63.5
0 1.39285 -47.0
1 0.15340 -50.5
2 6.06229 -58.5
3 5.74322 -63.0
0 1.39285 -46.5
1 0.12272 -51.0
2 6.12365 -59.0
3 5.65732 -64.0
1 0.10431 -50.5
0 1.38672 -46.5
3 5.71254 -64.0
2 6.08070 -58.0
3 5.68186 -63.0
0 1.39899 -47.0
1 0.12272 -51.0
2 6.13592 -58.5
0 1.40513 -47.0
1 0.10431 -51.0
2 6.06229 -58.5
3 5.70027 -64.0
0 1.36831 -47.0
1 0.08590 -50.5
2 6.05002 -58.5
3 5.72482 -64.5
1 0.07977 -50.5
0 1.39285 -47.0
2 6.06229 -58.5
3 5.60210 -64.5
0 1.40513 -47.0
1 0.10431 -50.5
2 5.99480 -59.0
3 5.68800 -64.5
0 1.37445 -46.5
2 6.05002 -58.5
1 0.12885 -50.5
3 5.68800 -64.0
0 1.39285 -47.0
1 0.10431 -50.5
2 6.01320 -58.5
3 5.67573 -64.0
0 1.38058 -47.0
3 5.83526 -63.5
1 0.12885 -50.5
2 6.13592 -58.5
0 1.39285 -47.0
1 0.09817 -50.5
2 6.03775 -58.5
3 5.71254 -63.5
1 0.10431 -51.0
0 1.40513 -46.5
2 6.08070 -58.5
3 5.63278 -64.0
0 1.42353 -47.0
1 0.09817 -50.5
2 6.10524 -58.5
3 5.85367 -63.0
0 1.40513 -47.0
1 0.10431 -50.5
2 6.05002 -59.0
3 5.65732 -64.0
0 1.38672 -47.0
1 0.13499 -50.5
2 6.02548 -59.0
3 5.71868 -63.0
0 1.39285 -47.0
1 0.10431 -51.0
2 6.09911 -59.0
3 5.59596 -64.0
0 1.39285 -47.0
1 0.12272 -50.5
2 6.09297 -58.5
3 5.75550 -64.5
1 0.11045 -50.5
0 1.38058 -47.0
2 6.06843 -59.0
3 5.65119 -63.0
0 1.39285 -47.0
2 6.05002 -58.5
3 5.54074 -64.0
1 0.12272 -50.5
0 1.38672 -46.5
1 0.13499 -51.0
2 6.05002 -58.5
3 5.80458 -63.5
2 6.04388 -58.5
0 1.38672 -47.0
1 0.11045 -51.0
3 5.47324 -63.5
0 1.40513 -47.0
1 0.12272 -50.5
2 6.11138 -58.5
3 5.68800 -63.0
1 0.12885 -50.5
0 1.37445 -47.0
2 6.06229 -58.0
3 5.76777 -63.5
3 5.73709 -63.5
0 1.38672 -47.5
1 0.09817 -50.5
2 6.06843 -58.5
1 0.11658 -51.0
0 1.38672 -47.0
3 5.76777 -64.0
2 6.10524 -58.5
0 1.39899 -47.0
1 0.10431 -51.0
2 6.04388 -58.5
3 5.75550 -63.5
1 0.11658 -50.5
0 1.38058 -47.0
3 5.66959 -63.5
2 6.11752 -58.5
1 0.11045 -50.5
0 1.39285 -47.0
3 5.76163 -63.5
2 6.08070 -59.0
0 1.34990 -47.0
1 0.13499 -50.5
2 6.04388 -59.0
3 5.68186 -63.5
1 0.13499 -50.5
0 1.38672 -47.0
2 6.07456 -58.5
3 5.79845 -63.5
2 6.06229 -59.0
0 1.40513 -47.0
1 0.09817 -51.0
3 5.68800 -64.5
0 1.41126 -46.5
1 0.11658 -50.5
2 6.00093 -59.0
3 5.75550 -64.0
0 1.39899 -47.0
1 0.10431 -50.5
2 6.09911 -58.0
3 5.67573 -63.5
0 1.39285 -47.0
1 0.13499 -50.5
2 6.06229 -58.5
3 5.60823 -64.0
2 6.07456 -59.0
0 1.39899 -47.0
1 0.11045 -50.5
3 5.70641 -64.0
1 0.09204 -50.5
0 1.41740 -47.0
2 6.06229 -59.0
3 5.84753 -63.5
2 6.06229 -59.0
0 1.38672 -47.0
1 0.09204 -50.5
3 5.70641 -64.5
0 1.39285 -47.0
1 0.12885 -51.0
2 6.01934 -58.5
3 5.56528 -63.5
1 0.11658 -50.5
0 1.39899 -46.5
3 5.58983 -63.5
2 6.08070 -58.5
1 0.11045 -50.5
0 1.39285 -47.0
2 6.07456 -59.0
3 5.91503 -64.0
3 5.60210 -64.0
0 1.40513 -47.0
1 0.11658 -50.5
2 6.12979 -58.5
0 1.39899 -46.5
1 0.10431 -50.5
2 6.08684 -57.5
3 5.63278 -64.0
0 1.39899 -47.0
1 0.12272 -50.5
2 6.14819 -58.0
3 5.57142 -64.0
1 0.11045 -50.5
0 1.39285 -47.0
2 5.97025 -58.5
0 1.38672 -47.0
1 0.09817 -51.0
2 6.09911 -59.0
3 5.64505 -63.0
0 1.38672 -46.5
1 0.12272 -51.0
2 6.00093 -58.5
3 5.76777 -63.5
1 0.11045 -50.5
0 1.39285 -47.0
2 6.05616 -58.5
3 5.60823 -64.0
0 1.38058 -47.0
1 0.11045 -51.0
2 6.05616 -58.5
3 5.56528 -63.5
0 1.38058 -47.0
1 0.12885 -50.5
2 6.03775 -58.5
3 5.71254 -63.0
0 1.36831 -47.0
1 0.06750 -51.0
2 6.03161 -58.5
3 5.58369 -63.5
0 1.36831 -47.0
1 0.10431 -51.0
3 5.57755 -63.5
2 6.00707 -59.0
1 0.09817 -51.0
0 1.37445 -47.0
2 6.05616 -58.0
3 5.68800 -64.0
0 1.38058 -47.0
1 0.09817 -51.0
2 6.02548 -58.5
3 5.63891 -63.5
1 0.14113 -50.5
0 1.36217 -47.0
2 6.08684 -58.0
3 5.73095 -63.5
0 1.36831 -47.0
1 0.12885 -50.5
2 5.97639 -58.0
3 5.85367 -63.5
0 1.34990 -47.0
1 0.12272 -51.0
2 6.08684 -59.0
3 5.60210 -63.5
0 1.38672 -47.0
1 0.09817 -50.5
2 6.05002 -58.5
3 5.74936 -63.0
0 1.41126 -47.0
1 0.09817 -50.5
2 6.09297 -58.5
3 5.81072 -64.0
0 1.37445 -47.0
1 0.09817 -50.5
2 6.10524 -58.5
3 5.66346 -63.5
0 1.34990 -47.0
1 0.09817 -50.5
2 6.11138 -59.0
3 5.55301 -64.0
0 1.39899 -47.5
3 5.76163 -63.5
1 0.09204 -51.0
2 5.99480 -58.5
0 1.38672 -47.0
1 0.09817 -50.5
3 5.79231 -63.5
2 6.15433 -58.5
2 5.99480 -59.0
0 1.39899 -47.0
1 0.11658 -50.5
3 5.65732 -64.0
1 0.09817 -50.5
0 1.36831 -46.5
2 6.04388 -58.5
3 5.79231 -63.5
0 1.37445 -47.0
1 0.09817 -50.5
2 6.06843 -58.5
3 5.61437 -64.0
2 6.08684 -58.5
0 1.39899 -47.0
1 0.08590 -50.5
3 5.66959 -63.5
0 1.41126 -47.0
1 0.11045 -51.0
