0 1.40513 -47.5
1 0.22703 -51.0
2 0.02454 -59.5
3 6.08684 -64.5
0 1.39285 -48.0
1 0.19635 -51.0
2 0.12272 -59.0
3 6.15433 -65.0
0 1.37445 -48.0
1 0.20862 -51.5
2 0.06136 -59.0
3 0.02454 -64.5
1 0.12885 -51.0
0 1.35604 -48.0
2 0.07363 -59.5
3 6.22183 -64.5
3 6.12365 -65.0
1 0.19635 -51.5
0 1.40513 -48.0
2 0.01841 -59.0
2 0.07363 -59.5
0 1.37445 -47.5
1 0.21476 -51.5
3 6.23410 -64.0
0 1.38672 -47.5
1 0.21476 -51.5
2 0.03068 -59.0
3 6.27091 -64.5
3 6.24023 -65.5
0 1.40513 -48.0
1 0.24544 -51.5
2 0.07363 -59.0
0 1.36831 -48.0
1 0.18408 -51.5
2 0.06750 -59.0
3 6.11138 -63.5
0 1.43581 -48.0
1 0.17794 -51.5
3 6.12365 -65.5
2 6.27705 -60.0
0 1.38672 -47.5
1 0.20249 -51.5
2 0.00614 -60.0
3 6.17274 -65.0
0 1.40513 -47.5
1 0.19021 -51.0
2 0.03068 -59.0
3 6.18501 -64.5
1 0.20249 -51.0
0 1.42353 -47.5
2 6.27705 -59.0
3 6.20342 -65.5
0 1.40513 -48.0
1 0.19021 -51.5
2 0.06750 -59.0
3 6.22796 -65.0
0 1.45421 -47.5
1 0.19021 -51.5
2 0.09817 -59.0
3 6.13592 -64.0
0 1.41126 -48.0
1 0.14726 -51.5
2 0.04295 -59.5
3 6.14819 -64.0
0 1.41126 -47.5
1 0.19635 -51.5
3 6.09297 -64.5
2 0.04909 -59.0
1 0.20862 -51.5
0 1.36217 -47.5
2 0.11045 -59.0
3 6.22183 -65.0
1 0.19635 -51.5
0 1.38672 -47.5
2 0.01841 -59.0
3 6.25251 -64.5
0 1.41126 -48.0
1 0.19635 -51.0
2 0.03068 -59.5
3 6.18501 -65.5
1 0.17794 -51.0
0 1.40513 -47.5
2 0.15340 -59.0
3 6.22183 -64.5
0 1.41740 -47.5
1 0.17794 -51.5
2 0.09817 -59.5
3 6.24023 -64.0
0 1.41740 -47.5
1 0.20249 -51.5
2 0.17794 -59.5
3 6.08684 -65.0
0 1.44194 -48.0
1 0.20249 -51.5
2 0.10431 -59.0
3 6.13592 -65.0
0 1.37445 -48.0
1 0.22703 -51.5
2 0.04295 -59.5
3 6.19115 -65.0
3 6.16660 -64.5
0 1.39899 -48.0
1 0.21476 -51.0
2 0.12272 -59.0
2 0.07977 -59.5
0 1.40513 -47.5
1 0.23317 -51.5
3 6.25251 -65.5
0 1.40513 -47.5
1 0.19635 -51.5
2 0.14113 -58.5
3 6.08684 -65.0
0 1.44194 -48.0
1 0.19021 -51.0
2 0.07363 -59.5
3 6.12979 -65.0
0 1.39899 -48.0
1 0.19021 -51.5
3 6.17274 -65.5
2 0.06750 -59.5
1 0.17181 -51.0
0 1.40513 -47.5
3 6.20342 -64.0
2 0.08590 -59.0
1 0.17181 -51.0
0 1.41740 -48.0
2 0.10431 -59.0
3 6.12979 -65.0
1 0.21476 -51.5
0 1.40513 -48.0
3 6.19728 -64.0
2 0.09817 -59.0
0 1.43581 -48.0
2 0.11658 -59.5
1 0.21476 -51.5
3 6.27091 -65.5
0 1.39285 -48.0
1 0.20862 -51.5
2 0.09204 -59.5
3 0.00614 -64.5
0 1.37445 -48.0
1 0.20862 -51.5
2 0.14726 -59.5
3 6.22796 -65.0
2 0.04295 -60.0
0 1.43581 -48.0
1 0.20249 -51.0
3 6.17274 -65.0
1 0.20249 -51.5
0 1.40513 -48.0
2 0.15953 -59.0
3 6.25251 -64.5
0 1.38672 -47.5
1 0.19635 -51.0
3 6.22796 -64.5
2 0.12272 -59.0
0 1.39285 -48.0
1 0.18408 -51.0
2 0.07363 -59.5
3 6.23410 -66.0
0 1.39285 -48.0
1 0.19635 -51.0
2 0.12885 -59.5
3 6.12979 -66.0
2 0.13499 -59.0
3 6.11138 -64.5
0 1.43581 -48.0
1 0.22703 -51.5
3 6.13592 -64.5
0 1.40513 -48.0
1 0.18408 -51.5
2 0.10431 -59.5
1 0.20249 -51.5
0 1.39899 -48.0
2 0.15340 -59.5
3 6.23410 -64.0
0 1.38058 -48.0
1 0.19635 -51.5
2 0.09204 -59.5
3 6.20955 -66.0
2 0.05522 -59.5
0 1.44194 -47.5
1 0.19021 -51.0
3 6.27091 -65.0
0 1.40513 -48.0
1 0.20249 -51.5
2 0.06136 -59.0
3 6.08684 -64.0
2 0.15953 -60.0
0 1.39899 -48.0
1 0.23317 -52.0
3 0.01227 -65.0
3 0.19021 -65.5
0 1.38672 -48.0
1 0.19635 -51.0
2 0.07363 -59.0
1 0.20862 -51.0
0 1.46035 -47.5
2 0.01841 -59.5
3 0.00614 -65.0
0 1.45421 -48.0
1 0.19635 -51.5
2 0.11045 -59.5
3 6.09297 -65.0
0 1.42967 -48.0
1 0.20249 -51.0
2 0.06136 -59.0
3 6.09297 -65.0
1 0.17794 -51.5
0 1.38672 -48.0
2 0.09204 -59.5
3 6.09911 -63.5
2 0.13499 -59.0
0 1.39899 -47.5
1 0.21476 -51.0
3 6.11752 -64.5
0 1.43581 -47.5
3 6.17274 -63.5
1 0.21476 -51.0
2 0.07977 -59.0
1 0.20862 -51.5
0 1.39899 -48.0
2 6.27091 -59.5
3 6.00707 -65.0
0 1.42353 -47.5
1 0.19021 -51.5
2 0.01227 -59.5
3 6.09297 -64.0
0 1.41740 -48.0
1 0.20249 -51.5
2 0.05522 -58.5
3 6.14206 -65.0
1 0.17794 -51.5
0 1.38672 -48.0
2 0.01841 -59.5
3 6.25251 -64.5
1 0.22089 -51.5
0 1.40513 -47.5
2 0.06136 -59.5
3 6.13592 -65.5
0 1.38672 -48.0
1 0.17794 -51.0
3 0.03682 -65.0
2 0.06750 -59.5
0 1.39899 -48.0
1 0.18408 -51.0
2 0.09204 -59.5
3 0.07977 -65.5
1 0.20249 -51.5
0 1.38058 -47.5
2 0.01227 -59.5
3 0.03068 -65.0
2 0.04909 -59.5
0 1.38672 -47.5
1 0.18408 -51.5
3 6.25251 -66.0
0 1.36831 -48.0
1 0.21476 -51.5
2 0.12272 -59.5
3 6.25864 -65.5
0 1.42967 -47.5
1 0.20862 -51.0
2 0.17181 -59.5
3 0.09817 -65.0
3 6.20342 -64.5
0 1.42967 -47.5
1 0.20249 -51.5
2 0.01841 -59.5
1 0.19021 -51.0
0 1.42967 -48.0
2 0.10431 -59.5
3 6.21569 -65.5
0 1.39899 -47.5
1 0.24544 -51.5
2 0.17181 -59.0
3 6.17887 -65.5
0 1.39285 -48.0
1 0.20862 -51.5
2 0.14113 -59.0
3 0.03682 -65.5
0 1.39899 -47.5
1 0.18408 -51.5
2 0.08590 -59.5
3 6.23410 -64.0
0 1.40513 -48.0
1 0.20249 -51.5
2 0.07977 -59.0
3 6.23410 -64.5
2 0.11045 -59.5
0 1.46649 -47.5
1 0.20249 -51.5
3 6.23410 -65.5
0 1.38058 -47.5
1 0.17794 -51.5
2 0.17181 -59.0
3 6.10524 -65.5
1 0.21476 -51.0
0 1.42353 -48.0
2 0.05522 -59.0
3 6.17887 -65.5
0 1.38672 -48.0
1 0.23317 -51.5
2 0.07977 -59.0
3 6.06229 -65.0
1 0.19635 -51.5
0 1.42967 -48.0
2 0.01841 -59.5
3 0.05522 -64.5
0 1.41740 -48.0
1 0.17794 -51.0
3 6.25251 -65.5
2 0.05522 -59.0
0 1.38672 -47.5
1 0.21476 -51.5
2 0.00614 -59.0
3 6.00093 -65.0
0 1.36831 -47.5
1 0.20249 -51.5
2 0.00614 -59.5
3 6.20955 -64.5
1 0.18408 -51.5
0 1.38058 -48.0
2 0.06136 -60.0
3 6.06843 -65.5
0 1.38672 -48.0
1 0.18408 -51.5
2 6.26478 -60.0
3 6.22183 -64.5
1 0.15340 -51.5
0 1.41126 -48.0
2 0.04909 -60.0
3 6.16047 -66.0
0 1.41126 -48.0
1 0.15340 -51.0
2 6.27091 -60.0
3 6.12979 -66.0
1 0.16567 -51.5
0 1.39285 -48.0
3 6.16047 -65.0
2 0.03068 -59.0
1 0.19021 -51.5
0 1.38672 -47.5
2 0.08590 -59.5
3 6.15433 -65.5
0 1.44194 -48.0
1 0.16567 -51.5
2 0.07363 -60.0
3 6.20955 -65.0
2 0.07363 -60.0
0 1.42967 -47.5
1 0.19021 -51.5
3 6.26478 -65.5
0 1.43581 -47.5
1 0.15953 -51.5
2 0.07363 -59.5
3 6.25251 -66.0
0 1.38058 -48.0
1 0.20249 -51.5
2 0.06136 -59.5
3 0.04909 -64.5
0 1.41126 -48.5
1 0.19021 -51.5
2 0.07977 -60.0
3 6.19115 -65.5
0 1.42967 -48.0
1 0.20862 -51.5
2 0.11045 -59.0
3 6.24023 -65.0
1 0.22703 -51.5
0 1.39285 -48.0
3 6.23410 -64.5
2 0.07363 -59.0
3 0.26998 -66.0
0 1.36217 -48.0
1 0.20862 -51.5
2 0.02454 -60.0
2 0.06136 -59.5
0 1.38058 -47.5
1 0.21476 -51.5
3 0.12272 -65.5
2 0.11658 -59.5
0 1.39899 -48.0
1 0.20862 -51.0
3 6.15433 -65.0
0 1.37445 -47.5
2 0.08590 -59.5
3 0.07977 -64.5
1 0.23317 -51.5
0 1.38058 -47.5
1 0.21476 -51.5
2 0.09817 -59.0
3 6.25864 -65.0
0 1.41740 -48.0
1 0.20249 -51.0
2 0.07977 -59.0
