0 1.39899 -47.0
3 6.01934 -64.5
1 0.15340 -51.5
2 0.09204 -58.0
0 1.39899 -47.5
1 0.12272 -51.5
2 0.04295 -58.5
3 5.85367 -64.5
0 1.38058 -47.5
1 0.17181 -52.0
2 0.07363 -58.5
3 6.00093 -65.0
0 1.38058 -47.0
1 0.15340 -52.0
2 0.08590 -58.5
3 5.97639 -64.5
0 1.41126 -47.0
1 0.14113 -51.5
2 0.04909 -58.5
3 6.05002 -65.0
0 1.37445 -47.0
1 0.12885 -51.5
2 0.14726 -58.0
3 5.95798 -64.5
0 1.42353 -47.0
1 0.15953 -51.5
2 0.05522 -57.5
3 5.97025 -66.0
2 0.04295 -58.0
0 1.40513 -47.5
1 0.13499 -51.5
3 5.98253 -64.0
2 6.24637 -58.0
0 1.45421 -47.0
1 0.14113 -51.5
3 5.97639 -65.0
1 0.15340 -51.5
0 1.39285 -47.0
2 0.05522 -59.0
3 6.02548 -65.5
0 1.44194 -47.5
2 6.25864 -58.0
1 0.14113 -51.5
3 6.08070 -64.5
0 1.42353 -47.0
1 0.14113 -51.5
2 6.25251 -58.5
3 6.16047 -65.0
0 1.41126 -47.0
1 0.12272 -51.5
2 0.01841 -58.5
3 6.02548 -65.0
0 1.42353 -47.5
1 0.14113 -51.5
2 0.07363 -58.5
3 6.06229 -65.5
2 0.03068 -58.5
0 1.42967 -47.5
1 0.17181 -51.5
3 6.14819 -64.5
1 0.14726 -51.5
0 1.44194 -47.0
2 0.07977 -58.0
3 6.03161 -64.5
0 1.44194 -47.0
1 0.14113 -51.5
2 0.06750 -58.0
3 5.99480 -64.0
3 6.06229 -64.5
0 1.41740 -47.0
1 0.12885 -51.5
2 6.24023 -58.0
0 1.41126 -47.5
1 0.14113 -51.5
2 0.06750 -58.0
3 6.05002 -65.0
1 0.13499 -51.5
0 1.41740 -47.5
2 0.09204 -58.5
3 5.93344 -65.5
0 1.42353 -47.0
1 0.17181 -52.0
2 0.06750 -58.5
3 6.05002 -65.0
0 1.39285 -47.0
1 0.18408 -51.5
2 0.06136 -58.5
3 5.98866 -67.0
0 1.42967 -47.5
1 0.14113 -51.5
2 0.08590 -58.5
3 6.08684 -65.5
1 0.12272 -51.5
0 1.44808 -47.0
2 0.15953 -58.5
3 5.94571 -64.5
0 1.40513 -47.5
1 0.13499 -52.0
2 0.00614 -58.5
3 5.88435 -65.0
0 1.42353 -47.0
1 0.12885 -52.0
2 0.07977 -58.5
3 6.17887 -65.5
2 0.05522 -58.0
0 1.41126 -47.0
1 0.14726 -52.0
3 5.97639 -65.0
1 0.13499 -51.5
0 1.45421 -47.0
2 0.09817 -58.0
3 5.87208 -64.5
0 1.43581 -47.0
1 0.11658 -51.5
2 0.10431 -58.0
3 6.05616 -65.5
0 1.42353 -47.0
1 0.12272 -52.0
2 0.03682 -58.0
3 5.95185 -64.5
1 0.13499 -51.5
0 1.42353 -47.0
2 0.12885 -58.0
3 6.05002 -64.5
1 0.19635 -51.5
0 1.43581 -47.0
2 0.02454 -58.0
3 5.92730 -65.0
0 1.46035 -47.0
3 6.13592 -65.0
2 0.04295 -58.5
1 0.15953 -51.5
1 0.16567 -52.0
0 1.42967 -47.0
2 0.06136 -58.5
3 6.01934 -64.0
1 0.14113 -51.5
0 1.44808 -47.0
2 0.01841 -58.5
3 5.96412 -65.5
1 0.12885 -52.0
0 1.41740 -47.5
2 0.03068 -59.0
3 5.85367 -65.0
2 0.00000 -58.5
0 1.42967 -47.0
1 0.14113 -51.5
3 6.07456 -66.0
1 0.17181 -52.0
0 1.42353 -47.0
2 0.03682 -58.5
3 5.98253 -64.5
0 1.44808 -47.5
1 0.14113 -52.0
2 0.18408 -58.0
3 5.96412 -65.0
0 1.44808 -47.5
2 0.01227 -58.0
1 0.12885 -51.5
3 6.01320 -65.0
0 1.41126 -47.0
1 0.16567 -51.5
2 0.07977 -58.0
3 6.08684 -64.0
2 0.01841 -58.5
0 1.48489 -47.5
1 0.14726 -51.5
3 6.02548 -65.5
2 0.06136 -58.5
0 1.42967 -47.0
1 0.14726 -51.5
3 6.11752 -65.0
0 1.42967 -47.5
2 0.06750 -59.0
1 0.16567 -51.5
3 5.98253 -64.0
3 6.12365 -65.5
0 1.44808 -47.5
1 0.15340 -52.0
2 0.06750 -59.0
0 1.46649 -47.5
1 0.16567 -51.5
2 0.13499 -58.5
3 5.99480 -65.5
0 1.42967 -47.5
3 5.99480 -64.5
2 6.27705 -58.0
1 0.16567 -51.5
1 0.15340 -51.5
0 1.42967 -47.5
2 0.11045 -58.0
3 6.01934 -64.0
0 1.46035 -47.5
1 0.15340 -51.5
2 0.11045 -58.0
3 6.12365 -65.0
0 1.46035 -47.0
1 0.15953 -52.0
3 6.12365 -64.5
2 0.05522 -58.5
1 0.14726 -51.5
0 1.44808 -47.5
2 0.05522 -58.0
3 6.04388 -65.0
0 1.46035 -47.5
1 0.15953 -52.0
2 0.08590 -58.5
3 6.01934 -65.5
0 1.41126 -47.5
1 0.13499 -52.0
2 0.14113 -58.5
3 6.11752 -64.5
0 1.43581 -47.0
1 0.15340 -51.5
2 0.06750 -58.0
3 5.98866 -65.0
0 1.44808 -47.5
1 0.14726 -51.5
2 0.00614 -58.5
3 6.16660 -66.0
2 0.11045 -58.5
0 1.44808 -47.0
1 0.14726 -51.5
3 5.97025 -65.0
0 1.43581 -47.5
1 0.15340 -51.5
2 0.04909 -58.0
3 6.17887 -65.0
0 1.44808 -47.0
2 0.01227 -58.5
1 0.13499 -51.5
3 6.09297 -65.5
2 0.05522 -58.0
0 1.43581 -47.5
1 0.18408 -52.0
3 5.96412 -66.5
0 1.44808 -47.5
1 0.17181 -51.5
2 0.12885 -58.0
3 6.00707 -65.0
0 1.41126 -47.0
1 0.14113 -51.5
2 0.01841 -58.0
3 5.93344 -65.0
0 1.45421 -47.5
1 0.12885 -51.5
2 0.09817 -58.0
3 6.08684 -65.5
1 0.16567 -52.0
0 1.41740 -47.5
2 0.03682 -59.0
3 6.01934 -65.0
0 1.44808 -47.5
2 0.07977 -58.0
3 6.09911 -65.0
1 0.15340 -52.0
0 1.43581 -47.5
1 0.11658 -52.0
2 0.06136 -59.0
3 6.11138 -64.5
0 1.42353 -47.0
1 0.12272 -52.0
2 0.04909 -58.0
3 5.94571 -65.0
0 1.44808 -47.5
3 6.10524 -64.5
1 0.14113 -51.5
2 0.01841 -58.0
3 6.17887 -65.0
0 1.40513 -47.5
1 0.15340 -51.5
2 0.11658 -58.5
0 1.46035 -47.0
1 0.14726 -52.0
2 0.07363 -58.0
3 5.90889 -66.5
1 0.15340 -52.0
0 1.44194 -47.5
2 0.07977 -58.5
3 5.97639 -64.5
1 0.16567 -52.0
0 1.44808 -47.5
3 6.12365 -65.0
2 0.09817 -58.5
0 1.41740 -47.0
2 0.15340 -58.5
1 0.18408 -52.0
3 6.12365 -65.0
0 1.48489 -47.0
1 0.16567 -51.5
2 0.01841 -58.5
3 5.90889 -64.5
1 0.15340 -52.0
0 1.41126 -47.5
2 0.01841 -59.0
3 6.00707 -65.0
0 1.42353 -47.0
1 0.13499 -52.0
2 0.06750 -58.0
3 5.99480 -64.5
1 0.16567 -52.0
0 1.47262 -47.0
2 0.06750 -57.5
3 6.09297 -65.0
0 1.43581 -47.5
3 6.10524 -65.0
1 0.16567 -51.5
2 0.07363 -58.0
0 1.46035 -47.0
1 0.16567 -51.5
3 6.18501 -65.0
2 0.03682 -58.0
0 1.41740 -47.0
1 0.14113 -51.5
2 0.01841 -58.5
0 1.41126 -47.0
1 0.15953 -52.0
2 0.04909 -58.5
3 6.14206 -64.5
1 0.13499 -52.0
0 1.42967 -47.0
2 0.07363 -58.0
3 6.09911 -65.0
0 1.41740 -47.5
3 5.99480 -66.0
1 0.14726 -51.5
2 0.02454 -59.0
0 1.43581 -47.5
1 0.16567 -52.0
2 0.07977 -58.5
3 6.00707 -66.0
0 1.42967 -47.0
1 0.13499 -51.5
2 0.12272 -58.5
3 5.82913 -64.5
0 1.42967 -47.0
1 0.14726 -51.5
2 0.05522 -58.0
3 5.94571 -64.5
0 1.42353 -47.5
1 0.17181 -51.5
3 5.94571 -64.5
2 0.01227 -58.5
0 1.40513 -47.0
1 0.15953 -51.5
3 5.90889 -64.0
2 0.04909 -58.5
0 1.44808 -47.5
1 0.16567 -52.0
2 0.02454 -58.5
3 5.95798 -65.0
3 5.99480 -65.0
0 1.42353 -47.0
1 0.14726 -52.0
2 0.00000 -58.0
1 0.14113 -51.5
0 1.41740 -47.0
2 6.21569 -58.0
3 6.06843 -65.5
0 1.41126 -47.5
2 0.07977 -58.0
1 0.14726 -51.5
3 5.98253 -64.0
1 0.15953 -52.0
0 1.42353 -47.5
2 6.27091 -57.5
3 5.88435 -65.0
0 1.43581 -47.0
1 0.14726 -52.0
2 0.00614 -58.5
3 6.08684 -66.0
3 5.75550 -66.0
1 0.12885 -51.5
2 0.08590 -58.5
0 1.43581 -47.5
1 0.10431 -51.5
0 1.41126 -47.5
2 0.05522 -58.5
3 6.01320 -64.0
0 1.41740 -47.0
1 0.14113 -52.0
2 0.07363 -58.0
3 6.05002 -63.5
0 1.42967 -47.5
1 0.14726 -51.5
2 0.02454 -57.5
3 6.02548 -64.5
1 0.12272 -51.5
0 1.43581 -47.0
2 6.25864 -58.5
3 6.05002 -64.0
1 0.16567 -51.5
0 1.44194 -47.0
2 0.08590 -58.5
