2 6.22183 -57.5
0 1.39899 -47.0
1 6.27091 -52.5
3 5.59596 -64.0
0 1.42967 -47.0
1 6.26478 -52.5
2 6.15433 -57.5
3 5.60823 -64.5
3 5.49779 -64.0
0 1.44194 -47.0
1 6.23410 -52.5
2 6.09297 -57.0
0 1.38058 -47.0
1 6.25864 -52.5
2 6.22183 -57.5
3 5.50392 -65.0
1 6.24637 -52.5
0 1.42353 -46.5
2 6.19115 -57.5
3 5.61437 -64.5
1 6.27705 -52.5
0 1.43581 -47.0
2 6.14819 -57.5
3 5.68800 -63.5
0 1.45421 -47.0
1 6.27091 -52.5
2 6.14819 -58.0
3 5.56528 -65.0
0 1.44808 -47.0
1 6.22796 -52.5
2 6.25251 -57.5
3 5.62051 -63.5
1 6.21569 -52.0
0 1.44808 -47.0
2 6.24023 -57.5
3 5.44870 -64.5
0 1.45421 -47.0
3 5.66346 -64.5
1 6.24023 -52.5
2 6.23410 -57.5
2 6.22796 -57.5
0 1.42353 -47.0
1 6.24637 -52.5
3 5.70641 -64.0
0 1.44194 -46.5
1 6.24637 -52.5
2 6.24637 -57.5
3 5.66959 -63.5
1 6.24637 -52.5
0 1.46035 -47.0
2 6.20342 -57.5
3 5.67573 -64.5
2 6.22183 -58.0
0 1.42967 -47.0
1 6.25864 -52.5
3 5.62051 -64.5
0 1.48489 -47.0
2 6.14206 -57.5
1 6.25864 -52.5
3 5.72482 -64.0
0 1.46035 -47.0
3 5.67573 -64.0
1 6.24023 -52.5
2 6.22796 -57.0
0 1.46035 -47.0
2 6.16660 -57.5
1 6.26478 -52.5
3 5.62664 -64.0
0 1.44808 -47.0
2 6.20342 -57.0
1 6.27091 -52.5
3 5.56528 -65.0
0 1.43581 -47.0
2 6.17887 -58.0
3 5.67573 -64.0
1 6.23410 -52.5
0 1.46649 -47.0
1 6.26478 -52.5
2 6.19728 -57.0
3 5.70641 -64.0
0 1.45421 -47.0
3 5.52847 -64.5
1 0.00000 -52.5
2 6.14206 -57.5
1 6.25864 -52.5
0 1.44194 -47.0
2 6.25251 -57.5
3 5.86594 -64.0
0 1.45421 -47.0
1 6.20342 -52.5
2 6.17274 -57.5
3 5.68186 -64.5
0 1.45421 -47.0
2 6.24023 -57.5
1 6.25864 -52.5
3 5.52847 -64.0
0 1.44194 -47.0
1 6.22796 -52.5
2 6.07456 -57.5
3 5.65732 -65.0
0 1.43581 -47.0
1 6.24637 -52.5
2 6.17887 -57.5
3 5.81072 -64.5
1 6.26478 -52.5
0 1.44808 -47.0
2 6.24023 -57.5
3 5.70641 -63.5
0 1.45421 -47.0
1 6.24637 -52.5
2 6.18501 -57.5
3 5.73095 -63.5
1 6.21569 -52.5
0 1.42967 -47.0
2 6.20955 -57.5
3 5.56528 -64.5
0 1.46035 -47.0
1 6.24023 -52.5
2 6.12365 -58.0
3 5.71254 -64.5
1 6.25251 -52.5
0 1.45421 -47.0
2 6.20955 -58.5
3 5.52847 -63.5
0 1.45421 -47.0
1 6.27091 -52.5
2 6.26478 -57.0
3 5.55301 -65.0
0 1.44808 -47.0
1 6.23410 -52.5
2 6.15433 -58.0
3 5.65119 -63.0
0 1.46035 -47.0
2 6.21569 -58.0
1 6.25864 -52.5
3 5.75550 -64.0
1 6.25864 -52.0
0 1.41740 -47.0
2 6.17887 -58.0
3 5.70027 -63.5
0 1.42967 -47.0
3 5.38120 -64.0
1 6.25251 -52.5
2 6.20342 -58.0
0 1.41126 -47.0
2 6.19115 -57.5
1 6.23410 -52.5
3 5.62051 -65.0
0 1.47262 -47.0
2 6.20955 -58.0
1 6.25864 -52.5
3 5.61437 -64.5
0 1.42353 -47.0
2 6.19728 -57.5
1 6.24637 -52.5
3 5.53460 -64.0
0 1.48489 -47.0
3 5.65732 -64.5
2 6.19728 -57.5
1 6.24637 -52.5
0 1.44808 -47.0
1 6.25864 -52.5
2 6.24637 -57.5
3 5.79231 -64.0
0 1.41740 -47.0
2 6.19728 -57.5
1 6.27091 -52.5
3 5.59596 -64.5
1 6.24637 -52.0
0 1.45421 -47.0
2 6.18501 -57.5
3 5.58369 -64.5
0 1.46035 -47.0
1 6.27705 -52.0
2 6.24023 -57.5
3 5.66346 -65.5
3 5.59596 -64.5
0 1.45421 -46.5
1 6.25864 -52.5
2 6.21569 -57.5
0 1.46035 -47.0
2 6.17274 -57.5
1 6.22183 -52.5
3 5.70641 -64.0
0 1.46035 -47.0
1 6.26478 -52.5
2 6.25864 -57.5
3 5.71868 -66.0
1 6.24637 -52.5
0 1.44808 -47.0
2 6.21569 -57.5
3 5.57755 -64.0
0 1.43581 -47.0
1 6.24637 -52.5
2 0.00000 -57.5
3 5.76163 -63.5
1 0.00000 -52.5
0 1.44808 -47.0
2 6.19115 -57.0
3 5.57142 -64.5
0 1.44194 -46.5
1 6.23410 -52.5
2 6.24637 -58.0
3 5.56528 -64.0
0 1.48489 -46.5
1 6.24637 -53.0
2 6.20342 -57.0
3 5.70027 -64.0
3 5.64505 -64.0
0 1.42967 -47.0
2 6.16660 -57.0
1 6.25251 -52.5
0 1.44808 -47.0
3 5.83526 -64.5
2 6.22183 -57.5
1 6.26478 -52.5
0 1.44808 -47.0
1 6.24637 -52.5
2 6.16047 -57.5
3 5.59596 -64.0
1 6.26478 -52.5
0 1.44808 -47.0
2 6.25864 -57.0
3 5.71254 -64.0
1 6.25251 -52.5
0 1.45421 -47.0
2 6.17274 -57.5
3 5.68800 -64.5
0 1.45421 -47.0
1 0.00000 -52.5
2 6.16660 -57.5
3 5.62664 -64.5
0 1.46035 -47.5
1 6.27091 -52.5
2 6.18501 -57.5
3 5.62051 -64.5
0 1.47262 -47.0
1 6.25864 -52.5
2 6.19728 -57.5
3 5.67573 -65.5
1 6.21569 -52.5
0 1.48489 -47.0
2 6.22796 -57.5
3 5.76777 -63.5
0 1.47876 -47.0
1 6.27091 -52.5
2 6.20342 -57.5
3 5.57142 -63.5
0 1.45421 -47.0
2 6.20955 -57.0
1 6.25864 -52.5
3 5.33212 -64.5
0 1.44194 -47.0
1 6.27091 -52.5
2 6.21569 -57.5
3 5.57755 -65.0
0 1.48489 -47.0
1 6.25251 -52.5
2 6.18501 -57.5
3 5.80458 -63.0
0 1.47876 -47.0
1 0.00000 -52.5
2 6.12979 -57.5
3 5.66346 -63.5
0 1.44194 -47.0
1 6.27091 -52.5
2 6.19728 -57.0
3 5.62051 -64.0
0 1.42967 -47.0
1 6.25864 -52.5
2 6.22183 -57.5
3 5.63278 -65.0
0 1.46035 -47.0
1 6.24637 -52.5
2 6.22183 -58.0
3 5.63891 -64.5
0 1.46035 -47.0
2 6.20342 -57.5
1 0.01227 -52.5
3 5.63278 -64.0
1 6.25251 -52.0
0 1.47262 -47.0
2 6.22796 -57.5
3 5.65732 -64.5
0 1.45421 -47.0
3 5.62051 -64.0
1 6.27705 -52.5
2 6.19728 -57.5
0 1.47876 -47.0
1 6.22183 -52.5
2 6.23410 -57.0
3 5.51006 -64.0
0 1.47876 -47.0
1 0.00614 -52.5
2 6.22183 -57.5
3 5.59596 -64.0
0 1.43581 -47.0
2 6.22183 -57.5
1 6.25864 -53.0
3 5.58369 -64.5
0 1.47876 -47.0
3 5.71254 -64.5
1 6.27705 -52.0
2 6.19115 -57.5
1 6.27705 -52.5
0 1.47262 -47.0
2 6.17274 -57.0
3 5.59596 -63.0
0 1.47876 -47.0
1 0.00000 -52.5
2 6.18501 -57.5
3 5.66959 -64.0
2 6.24637 -58.0
0 1.44808 -47.0
1 6.23410 -52.0
3 5.70027 -63.5
0 1.43581 -47.0
1 0.00614 -52.5
2 6.15433 -57.5
3 5.62664 -64.5
0 1.46649 -47.0
3 5.63891 -64.5
2 6.21569 -57.5
1 6.24637 -52.5
2 6.25251 -58.0
0 1.45421 -47.0
1 6.25251 -52.5
3 5.58369 -64.0
0 1.46035 -47.0
2 6.20955 -57.5
1 6.27091 -52.5
3 5.49165 -64.5
0 1.43581 -47.0
1 0.00614 -52.5
2 6.21569 -57.5
3 5.54074 -63.5
3 5.67573 -64.5
0 1.46649 -47.5
1 6.24637 -52.5
2 0.03068 -57.5
1 6.23410 -52.5
0 1.46035 -47.0
2 6.18501 -57.5
3 5.72482 -64.5
0 1.44194 -47.0
1 0.00614 -52.5
3 5.65732 -65.0
2 6.20342 -57.0
1 0.00000 -52.5
0 1.44808 -47.0
2 6.24023 -57.5
3 5.53460 -63.5
2 6.16047 -57.5
0 1.46035 -47.0
1 0.00000 -52.5
3 5.66346 -65.5
3 5.73095 -63.5
0 1.42353 -47.5
1 6.27091 -53.0
2 6.22183 -57.5
0 1.43581 -47.0
2 6.17887 -58.0
1 6.22796 -52.0
3 5.65732 -63.5
0 1.46035 -47.0
2 6.14819 -57.5
1 0.00000 -52.5
3 5.65732 -64.0
0 1.39285 -47.0
1 6.27091 -52.5
2 6.21569 -57.5
3 5.57142 -64.0
0 1.46649 -47.0
1 6.25864 -52.5
2 6.18501 -57.5
3 5.52233 -63.5
0 1.46035 -47.0
1 6.25251 -53.0
3 5.58369 -64.0
2 6.14819 -57.5
0 1.44808 -47.0
1 6.26478 -52.5
2 6.17274 -57.5
3 5.72482 -63.5
0 1.48489 -47.0
3 5.62664 -63.5
1 6.25251 -52.5
2 6.23410 -57.5
0 1.43581 -47.0
2 6.21569 -58.0
1 6.24023 -52.5
3 5.77390 -64.5
0 1.44194 -47.0
1 6.25251 -52.5
2 6.19728 -57.5
3 5.73709 -64.5
0 1.46035 -47.0
3 5.69414 -64.0
2 6.22796 -58.0
1 6.24637 -52.5
0 1.48489 -47.5
1 6.25251 -52.5
2 6.19728 -58.0
3 5.67573 -63.5
0 1.49103 -47.5
1 6.25251 -52.5
2 6.25864 -57.5
3 5.78618 -64.0
0 1.44194 -47.0
1 6.26478 -52.5
2 6.19115 -57.0
3 5.62051 -64.0
0 1.45421 -47.0
1 6.27705 -52.5
2 6.19115 -58.0
3 5.51006 -63.5
2 6.22183 -58.0
0 1.47262 -47.5
1 6.24023 -52.5
3 5.70027 -65.0
0 1.48489 -47.5
1 6.27091 -52.5
3 5.74936 -64.5
2 6.17887 -57.5
0 1.46649 -47.0
1 6.24637 -52.5
2 6.24637 -57.5
3 5.39961 -64.5
0 1.44194 -47.0
1 6.26478 -52.5
2 6.20955 -57.5
3 5.60210 -63.0
0 1.46649 -47.0
1 6.24637 -52.5
2 6.20955 -57.5
