0 1.37445 -47.5
1 0.15953 -50.5
2 5.81686 -58.0
3 5.55915 -63.5
0 1.35604 -47.5
1 0.12272 -50.5
3 5.52847 -62.5
2 5.87208 -58.0
2 5.73709 -59.0
0 1.36831 -47.5
1 0.16567 -50.5
3 5.59596 -63.5
1 0.12272 -50.0
0 1.39899 -48.0
2 5.81686 -59.0
3 5.55915 -62.5
0 1.37445 -47.5
1 0.14113 -50.5
2 5.80458 -59.0
3 5.52847 -63.0
2 5.80458 -58.5
1 0.16567 -50.5
0 1.38672 -48.0
3 5.52233 -64.0
2 5.88435 -58.5
3 5.68186 -63.0
0 1.38058 -47.5
1 0.12885 -50.5
0 1.41126 -47.5
1 0.15340 -50.5
2 5.76777 -58.0
3 5.62051 -63.0
1 0.17181 -50.0
0 1.38672 -47.5
2 5.83526 -58.5
3 5.49779 -63.0
0 1.39285 -47.5
1 0.15953 -50.5
2 5.74936 -58.5
3 5.53460 -62.5
0 1.39285 -47.5
1 0.16567 -50.5
2 5.82299 -58.5
3 5.55301 -63.5
1 0.17181 -50.5
0 1.38058 -48.0
2 5.81072 -59.0
3 5.49165 -63.5
0 1.39899 -47.5
1 0.15340 -50.5
2 5.84140 -58.0
3 5.45484 -63.0
2 5.89662 -58.5
0 1.36831 -48.0
1 0.15953 -50.5
3 5.33825 -63.0
1 0.18408 -50.5
0 1.34990 -48.0
2 5.74322 -58.5
3 5.60823 -62.5
0 1.39285 -48.0
1 0.15953 -50.5
2 5.79231 -58.5
3 5.50392 -62.5
2 5.84140 -59.0
0 1.39285 -48.0
1 0.12885 -50.5
3 5.62051 -63.5
0 1.36831 -47.5
1 0.15340 -50.5
3 5.52233 -62.5
2 5.81072 -58.0
0 1.38058 -48.0
1 0.16567 -50.5
2 5.83526 -59.0
3 5.58983 -62.5
0 1.42353 -47.5
1 0.17794 -50.5
2 5.76163 -58.0
3 5.47324 -62.5
2 5.79845 -58.5
1 0.14726 -50.5
0 1.37445 -47.5
3 5.55915 -63.5
0 1.42353 -47.5
1 0.15953 -50.5
2 5.81072 -58.5
3 5.51619 -63.0
0 1.37445 -48.0
1 0.14113 -50.5
2 5.77390 -58.5
3 5.42416 -63.0
3 5.58983 -63.0
1 0.17794 -50.5
0 1.42353 -47.5
2 5.79231 -58.5
0 1.39285 -48.0
1 0.16567 -50.5
2 5.79231 -58.5
3 5.35666 -63.0
1 0.19021 -50.5
0 1.41740 -47.5
2 5.76163 -58.5
3 5.49165 -62.5
2 5.74936 -59.5
0 1.36831 -48.0
1 0.18408 -50.5
3 5.52233 -62.0
1 0.15953 -50.5
0 1.37445 -47.5
2 5.85981 -58.5
3 5.46097 -62.5
1 0.16567 -50.5
0 1.39899 -47.5
2 5.81072 -58.5
3 5.51619 -62.0
1 0.17181 -50.5
0 1.39285 -48.0
2 5.85367 -58.0
3 5.71868 -63.5
1 0.16567 -50.5
0 1.43581 -47.5
2 5.82913 -58.5
3 5.58369 -62.0
0 1.39285 -48.0
1 0.17181 -50.5
2 5.78004 -58.5
3 5.59596 -62.0
0 1.39899 -48.0
1 0.17794 -50.5
3 5.46711 -63.5
2 5.87821 -59.0
0 1.42967 -47.5
1 0.16567 -50.5
2 5.65732 -58.5
3 5.58369 -62.5
0 1.38058 -47.5
1 0.16567 -50.0
2 5.81072 -58.5
3 5.60210 -63.0
0 1.42353 -47.5
1 0.14726 -50.5
3 5.61437 -63.0
2 5.87208 -59.0
1 0.15953 -50.5
0 1.40513 -48.0
3 5.51619 -62.5
2 5.81072 -59.0
0 1.36831 -47.5
1 0.16567 -50.5
2 5.74322 -58.5
3 5.44256 -63.0
0 1.38058 -47.5
1 0.17794 -50.5
3 5.66959 -62.0
2 5.63278 -59.0
0 1.41740 -48.0
1 0.20862 -50.0
2 5.86594 -58.5
3 5.58369 -63.5
0 1.38672 -48.0
1 0.17181 -50.5
2 5.81686 -58.0
3 5.71254 -62.5
0 1.43581 -47.5
1 0.17181 -50.5
2 5.78004 -59.0
3 5.63278 -63.5
0 1.39285 -47.5
1 0.15953 -50.5
2 5.82299 -58.0
3 5.36893 -63.0
0 1.40513 -47.5
1 0.16567 -50.5
3 5.50392 -63.0
2 5.72482 -58.5
0 1.44808 -47.5
1 0.15953 -50.5
2 5.85367 -58.5
3 5.56528 -63.0
1 0.14726 -50.5
0 1.39899 -47.5
2 5.95185 -59.0
3 5.50392 -62.5
0 1.39285 -48.0
1 0.15953 -50.5
2 5.70641 -58.5
3 5.43029 -63.0
0 1.38672 -47.5
1 0.19021 -50.5
3 5.52233 -62.5
2 5.85367 -58.5
0 1.39899 -47.5
1 0.15340 -50.5
2 5.78618 -58.5
3 5.57755 -63.0
2 5.70027 -58.5
0 1.41126 -48.0
1 0.16567 -50.5
3 5.64505 -63.0
0 1.42967 -47.5
1 0.18408 -50.5
2 5.81686 -58.0
3 5.53460 -63.0
0 1.39899 -48.0
1 0.15953 -50.5
2 5.78618 -59.0
3 5.58983 -63.5
2 5.87208 -58.5
0 1.41740 -48.0
1 0.15953 -50.5
3 5.62664 -63.0
0 1.42967 -47.5
1 0.17794 -50.5
2 5.81072 -58.5
3 5.38734 -63.0
0 1.43581 -47.5
1 0.16567 -50.5
2 5.75550 -58.0
3 5.41802 -63.0
0 1.41740 -48.0
1 0.15953 -50.5
2 5.82913 -58.5
3 5.46097 -64.0
1 0.19635 -50.5
0 1.42967 -47.5
3 5.55301 -62.5
2 5.82913 -58.5
0 1.38672 -47.5
1 0.17181 -50.5
2 5.70027 -58.5
3 5.52847 -63.0
0 1.40513 -47.5
1 0.17794 -50.5
3 5.57142 -63.0
2 5.79845 -58.5
0 1.42967 -48.0
1 0.15953 -50.5
2 5.80458 -58.5
3 5.48552 -63.0
2 5.80458 -58.5
0 1.40513 -48.0
1 0.15953 -50.5
3 5.47938 -62.5
3 5.34439 -63.0
1 0.14726 -50.5
0 1.39899 -48.0
2 5.87208 -59.0
1 0.14726 -50.5
0 1.41126 -48.0
2 5.75550 -58.0
3 5.41188 -64.0
1 0.15953 -50.5
0 1.42353 -48.0
3 5.62051 -62.5
2 5.72482 -58.5
1 0.14726 -50.5
0 1.42967 -48.0
2 5.79845 -58.5
3 5.41802 -63.5
0 1.41126 -47.5
1 0.17794 -50.5
3 5.49779 -63.0
2 5.82299 -58.5
2 5.73709 -58.5
0 1.41126 -47.5
1 0.14726 -50.5
3 5.60823 -63.0
0 1.42967 -47.5
1 0.15340 -50.5
2 5.81072 -58.5
3 5.55915 -63.5
0 1.41126 -47.5
2 5.77390 -59.0
1 0.16567 -50.5
3 5.43029 -63.0
0 1.40513 -47.5
1 0.15340 -50.5
3 5.59596 -63.0
2 5.84753 -59.0
1 0.13499 -50.0
0 1.39899 -48.0
2 5.84140 -58.5
3 5.52847 -63.0
1 0.15340 -50.0
0 1.39285 -48.0
2 5.84140 -58.5
3 5.58983 -62.5
2 5.81686 -59.0
0 1.41740 -48.0
3 5.66346 -63.0
1 0.13499 -50.5
0 1.39285 -47.5
1 0.16567 -50.5
2 5.79231 -58.5
3 5.55301 -63.0
3 5.49165 -63.0
0 1.39899 -47.5
1 0.17794 -50.5
2 5.75550 -58.5
0 1.39899 -48.0
1 0.18408 -50.5
2 5.71868 -59.0
3 5.46711 -64.0
0 1.38672 -48.0
1 0.19021 -50.5
3 5.44256 -62.5
2 5.73709 -59.0
0 1.39285 -47.5
1 0.14726 -50.0
3 5.51619 -63.0
2 5.73709 -59.0
0 1.39285 -48.0
1 0.19021 -50.5
2 5.78004 -58.5
3 5.44256 -62.5
1 0.11658 -50.5
0 1.42353 -47.5
3 5.34439 -63.5
2 5.81686 -59.0
0 1.41126 -47.5
1 0.13499 -50.5
2 5.82913 -58.5
3 5.43643 -62.5
1 0.17794 -50.5
0 1.42353 -47.5
2 5.73709 -59.0
3 5.48552 -62.5
0 1.39285 -47.5
2 5.79231 -58.5
1 0.14113 -50.5
3 5.49165 -62.5
1 0.16567 -50.5
3 5.57142 -63.0
0 1.40513 -47.5
2 5.85367 -58.5
0 1.39285 -47.5
1 0.18408 -50.5
3 5.39961 -63.0
2 5.81686 -58.5
1 0.19021 -50.0
0 1.42967 -48.0
2 5.74936 -58.5
3 5.58369 -63.0
0 1.38672 -47.5
1 0.20249 -50.5
2 5.95798 -59.0
3 5.51619 -63.0
1 0.14726 -50.0
0 1.39285 -47.5
2 5.76777 -58.5
3 5.49779 -62.5
0 1.36831 -47.5
1 0.14726 -50.5
3 5.62051 -63.0
2 5.78004 -59.0
1 0.17794 -50.5
0 1.36831 -47.5
3 5.49165 -63.0
2 5.75550 -58.5
3 5.57142 -63.0
0 1.36831 -47.5
1 0.19635 -50.0
2 5.66346 -59.0
0 1.41126 -47.5
1 0.18408 -50.5
2 5.86594 -58.5
3 5.55915 -63.5
0 1.42353 -48.0
1 0.15953 -50.5
2 5.84140 -59.0
3 5.56528 -63.5
1 0.18408 -50.5
0 1.41126 -48.0
3 5.27076 -62.5
2 5.77390 -59.0
3 5.57755 -64.0
0 1.41126 -47.5
1 0.17794 -50.5
2 5.81686 -58.0
1 0.19021 -50.5
0 1.41126 -48.0
2 5.74322 -58.5
3 5.49779 -62.5
0 1.38672 -47.5
1 0.19021 -50.5
3 5.60210 -63.0
2 5.74322 -58.5
0 1.39285 -47.5
1 0.17181 -50.5
3 5.54687 -63.0
2 5.81072 -59.0
2 5.88435 -58.5
0 1.38672 -47.5
1 0.15340 -50.5
3 5.25849 -63.0
0 1.38672 -48.0
