1 0.15340 -51.0
0 1.33763 -49.5
2 5.73709 -59.0
3 5.45484 -63.5
2 5.58369 -59.5
3 5.40575 -63.5
1 0.15953 -51.5
0 1.38672 -49.5
0 1.34990 -49.0
1 0.15953 -51.5
2 5.71254 -60.0
3 5.35666 -63.0
0 1.34990 -49.0
1 0.17181 -51.0
2 5.58369 -59.5
3 5.41802 -63.5
0 1.33150 -49.0
1 0.16567 -51.0
3 5.25235 -63.0
2 5.57755 -59.5
0 1.33763 -49.0
3 5.29530 -64.0
1 0.18408 -51.5
2 5.66959 -60.0
1 0.16567 -51.0
0 1.39899 -49.0
3 5.15418 -63.5
2 5.70641 -59.0
0 1.32536 -49.0
1 0.15340 -51.5
2 5.60210 -59.5
3 5.32598 -63.5
2 5.67573 -59.5
3 5.14190 -63.5
1 0.17181 -51.5
0 1.34377 -49.0
1 0.15953 -51.0
0 1.31922 -49.0
2 5.62051 -60.0
3 5.30144 -64.0
1 0.15953 -51.5
0 1.36217 -49.0
2 5.65119 -60.0
3 5.22781 -63.0
1 0.15340 -51.0
0 1.33150 -49.0
2 5.61437 -59.5
3 5.46097 -62.5
0 1.34377 -49.0
1 0.13499 -51.0
2 5.62664 -60.0
3 5.22167 -63.5
0 1.33763 -49.5
1 0.11658 -51.0
2 5.58983 -60.5
3 5.27689 -63.0
1 0.16567 -51.0
2 5.68800 -59.5
0 1.33763 -49.5
3 5.28303 -63.5
3 5.28303 -63.5
2 5.65119 -60.0
0 1.30082 -49.0
1 0.16567 -51.0
1 0.16567 -51.0
2 5.74936 -60.0
0 1.34990 -49.5
3 5.30757 -63.5
0 1.39899 -49.0
1 0.16567 -51.5
2 5.63891 -60.5
3 5.25235 -64.0
3 5.27076 -63.0
0 1.34990 -49.5
1 0.15340 -51.5
2 5.65732 -59.5
0 1.35604 -49.0
1 0.15953 -51.0
2 5.63891 -59.5
3 5.30757 -63.5
0 1.33763 -49.5
1 0.13499 -51.5
2 5.70027 -60.0
3 5.19713 -64.0
1 0.17181 -51.5
0 1.32536 -49.5
2 5.51006 -59.5
3 5.28917 -63.5
0 1.39285 -49.0
1 0.14726 -51.0
2 5.63891 -60.0
3 5.32598 -62.5
2 5.66959 -59.5
0 1.30695 -49.5
1 0.15953 -51.5
3 5.28303 -64.0
0 1.33763 -49.0
1 0.15953 -51.5
2 5.63891 -59.5
3 5.10509 -63.5
1 0.14726 -51.5
0 1.36831 -49.0
3 5.29530 -63.5
2 5.67573 -60.0
0 1.36217 -49.5
1 0.15953 -51.0
3 5.30144 -63.5
2 5.63278 -60.0
1 0.14726 -51.5
0 1.38058 -49.0
3 5.23394 -63.5
2 5.66346 -59.5
1 0.18408 -51.5
0 1.35604 -49.0
2 5.61437 -60.0
3 5.51006 -63.5
0 1.36217 -49.5
1 0.16567 -51.0
2 5.63278 -60.0
3 5.31985 -63.5
0 1.33150 -49.5
1 0.16567 -51.0
3 5.38734 -62.5
2 5.66959 -60.0
0 1.38672 -49.5
1 0.17181 -51.5
2 5.62051 -60.5
3 5.27689 -63.5
0 1.34990 -49.0
1 0.17181 -51.5
3 5.44256 -63.0
2 5.68800 -60.0
1 0.14726 -51.5
0 1.36831 -49.0
2 5.71254 -60.0
3 5.36280 -63.5
0 1.38672 -49.5
1 0.15953 -51.5
3 5.27076 -64.0
2 5.39348 -60.0
0 1.35604 -49.0
1 0.15953 -51.5
3 5.44870 -63.5
2 5.57755 -59.5
1 0.14113 -51.5
0 1.34377 -49.5
3 5.14804 -64.0
2 5.63891 -60.5
0 1.38058 -49.5
1 0.12885 -51.5
2 5.68186 -60.0
3 5.25849 -63.5
1 0.17794 -51.0
0 1.38058 -49.0
3 5.21553 -63.0
2 5.63891 -60.0
0 1.35604 -49.0
1 0.15340 -51.5
3 5.27076 -63.5
2 5.62051 -59.5
0 1.37445 -49.5
1 0.17794 -51.0
2 5.51619 -60.5
3 5.31985 -63.0
1 0.17794 -51.5
0 1.36831 -49.0
2 5.64505 -60.0
3 5.30144 -64.0
0 1.35604 -49.0
1 0.19021 -51.5
2 5.64505 -60.0
3 5.33825 -63.5
1 0.17794 -51.0
0 1.34377 -49.0
3 5.30757 -63.5
2 5.62051 -59.5
2 5.66346 -60.0
1 0.17794 -51.5
0 1.35604 -49.0
3 5.32598 -64.0
0 1.38058 -49.5
1 0.14726 -51.0
3 5.31985 -62.5
2 5.63278 -60.0
1 0.17794 -51.5
0 1.34990 -49.0
2 5.73709 -60.0
3 5.28303 -63.5
0 1.40513 -49.5
1 0.11658 -51.5
3 5.23394 -63.0
2 5.63891 -59.5
1 0.17794 -51.5
0 1.34990 -49.0
2 5.59596 -60.0
3 5.43643 -63.0
0 1.33763 -49.0
1 0.15953 -51.0
2 5.59596 -60.5
3 5.19713 -63.5
2 5.69414 -60.0
0 1.35604 -49.0
1 0.15953 -51.0
3 5.45484 -63.5
0 1.34377 -49.5
1 0.17794 -51.0
2 5.73709 -59.5
3 5.37507 -64.0
1 0.15953 -51.5
0 1.34377 -49.0
2 5.57142 -60.0
3 5.48552 -63.5
3 5.35666 -63.5
0 1.36217 -49.0
1 0.15340 -51.5
2 5.62051 -59.5
2 5.65732 -59.0
3 5.29530 -63.5
0 1.36831 -49.0
1 0.15953 -51.5
0 1.39285 -49.0
1 0.17794 -51.5
2 5.54687 -60.0
3 5.28917 -64.0
1 0.15953 -51.5
0 1.36217 -49.0
2 5.65732 -60.0
3 5.40575 -63.0
0 1.35604 -49.5
1 0.17181 -51.5
2 5.71254 -60.0
3 5.26462 -63.0
0 1.33763 -49.5
2 5.71254 -59.5
1 0.14726 -51.5
3 5.36893 -63.5
0 1.34377 -49.5
1 0.15953 -51.5
2 5.65732 -59.5
3 5.20326 -63.0
2 5.67573 -59.5
0 1.34990 -49.0
1 0.17181 -51.0
3 5.19713 -63.5
2 5.66959 -60.0
3 5.16645 -63.0
1 0.15340 -51.0
0 1.35604 -49.5
2 5.63891 -59.5
3 5.30144 -63.0
1 0.18408 -51.0
0 1.39285 -49.0
3 5.05600 -63.5
0 1.38672 -49.0
1 0.14726 -51.0
2 5.61437 -59.5
2 5.64505 -61.0
3 5.30757 -63.5
0 1.37445 -49.5
1 0.17794 -51.5
1 0.16567 -51.5
0 1.36831 -49.5
3 5.27689 -63.0
2 5.62051 -60.0
0 1.31309 -49.0
1 0.13499 -51.0
3 5.32598 -63.5
2 5.62664 -59.5
2 5.59596 -60.0
3 5.32598 -64.0
1 0.17181 -51.5
0 1.42967 -49.0
1 0.15340 -51.5
0 1.37445 -49.5
2 5.62051 -59.5
3 5.35052 -63.5
1 0.15340 -51.0
0 1.38058 -49.5
2 5.47324 -60.0
3 5.27076 -63.0
1 0.19021 -51.0
0 1.36217 -49.5
3 5.25235 -63.5
2 5.63278 -60.0
1 0.12885 -51.5
0 1.34990 -49.0
2 5.62051 -59.5
3 5.35052 -63.5
2 5.62664 -60.0
0 1.36217 -49.5
1 0.16567 -51.5
3 5.39961 -63.5
0 1.36831 -49.0
1 0.15953 -51.5
2 5.55301 -60.0
3 5.27689 -63.5
3 5.43029 -63.5
1 0.17794 -51.5
0 1.38672 -49.0
2 5.44256 -60.0
3 5.12963 -63.0
0 1.37445 -49.0
1 0.15953 -51.0
2 5.60210 -59.5
0 1.38058 -49.5
0 1.36217 -49.0
1 0.15953 -51.0
3 5.03759 -63.0
2 5.57755 -60.5
3 5.23394 -63.0
0 1.38058 -49.5
2 5.46097 -60.5
1 0.13499 -51.5
3 5.22781 -63.0
0 1.37445 -49.5
1 0.14113 -51.0
2 5.58983 -60.5
2 5.63278 -60.0
1 0.15340 -51.5
0 1.35604 -49.0
3 5.35052 -64.0
3 5.28917 -64.5
0 1.39899 -49.0
1 0.16567 -51.5
2 5.66346 -60.0
1 0.15953 -51.5
0 1.39899 -49.0
2 5.52847 -60.0
3 5.34439 -64.0
0 1.38058 -49.0
3 5.25849 -63.5
1 0.17181 -51.0
2 5.64505 -60.0
0 1.33150 -49.0
1 0.13499 -51.5
2 5.55301 -60.0
3 5.16645 -63.0
0 1.36831 -49.0
1 0.13499 -51.0
2 5.67573 -60.0
3 5.14190 -63.0
0 1.37445 -49.0
1 0.20249 -51.0
2 5.55915 -60.0
3 5.19713 -63.5
2 5.70641 -59.5
0 1.37445 -49.0
1 0.17794 -51.5
3 5.26462 -63.5
3 5.41802 -63.5
0 1.34990 -49.0
1 0.15953 -51.5
2 5.48552 -59.5
2 5.65119 -60.0
0 1.37445 -49.0
1 0.15953 -51.0
3 5.31985 -64.0
2 5.67573 -59.5
0 1.35604 -50.0
3 5.22781 -63.5
1 0.17181 -51.0
0 1.34990 -49.5
1 0.12885 -51.5
2 5.60210 -60.0
3 5.12963 -63.5
1 0.15953 -51.5
0 1.41126 -49.0
3 5.29530 -63.0
2 5.62051 -60.0
0 1.41126 -49.0
1 0.14726 -51.0
3 5.16645 -63.5
2 5.38734 -59.5
3 5.28303 -63.5
0 1.39285 -49.0
1 0.13499 -51.0
2 5.71868 -60.0
1 0.15340 -51.5
0 1.34990 -49.0
3 5.36280 -63.0
2 5.66959 -60.0
0 1.37445 -49.5
1 0.15953 -51.5
2 5.55915 -60.5
3 5.24621 -63.5
3 5.21553 -64.0
2 5.63278 -60.0
1 0.15340 -51.0
0 1.39899 -49.5
0 1.34377 -49.5
1 0.15340 -51.5
2 5.64505 -60.5
3 5.27689 -63.5
0 1.34377 -49.0
1 0.14113 -51.0
2 5.73709 -60.0
