0 1.20264 -52.0
1 0.26998 -53.0
2 5.64505 -62.0
3 5.09282 -66.5
0 1.24559 -52.5
1 0.25771 -53.5
3 5.44256 -66.0
2 5.71254 -63.0
0 1.23946 -52.5
1 0.28225 -53.5
3 5.45484 -67.0
2 5.71868 -62.5
2 5.67573 -63.0
0 1.25173 -52.0
1 0.24544 -53.5
3 5.21553 -66.5
0 1.25786 -52.5
1 0.23317 -53.5
3 5.19099 -66.5
2 5.82299 -63.0
2 5.63278 -62.5
3 5.23394 -65.5
0 1.22105 -52.0
1 0.23317 -54.0
3 5.25849 -66.5
0 1.27014 -52.5
1 0.29452 -53.5
2 5.73095 -63.0
3 5.22167 -65.5
0 1.22105 -52.0
2 5.81686 -62.5
1 0.24544 -53.5
1 0.27612 -53.5
0 1.23946 -52.5
2 5.68186 -62.0
3 5.12350 -66.0
2 5.76163 -62.5
0 1.19037 -52.0
1 0.26384 -53.5
3 5.12963 -66.5
1 0.25771 -54.0
0 1.23332 -52.0
2 5.76163 -62.5
3 5.12963 -66.0
0 1.27014 -52.5
1 0.25157 -54.0
2 5.78004 -62.5
3 5.04986 -65.5
3 5.11122 -66.0
2 5.79231 -62.5
1 0.21476 -53.0
0 1.27014 -52.5
0 1.21491 -52.0
1 0.24544 -53.5
2 5.71254 -62.5
3 5.08668 -66.0
3 5.12963 -67.5
0 1.26400 -52.5
1 0.26384 -53.0
2 5.60210 -63.0
0 1.27014 -52.0
1 0.25157 -53.5
2 5.75550 -62.0
3 5.18486 -67.5
0 1.21491 -52.5
1 0.27612 -54.0
2 5.82913 -62.5
3 5.31985 -67.0
1 0.26384 -53.5
0 1.23332 -52.5
2 5.89662 -63.0
3 5.15418 -66.0
0 1.22718 -52.5
1 0.25157 -53.5
2 5.72482 -62.5
3 5.16031 -66.0
2 5.81686 -63.0
0 1.17196 -52.0
1 0.23930 -53.5
3 5.08054 -67.0
0 1.26400 -52.0
2 5.72482 -62.5
1 0.28839 -53.5
3 5.20326 -66.5
0 1.22718 -52.5
1 0.23930 -53.5
3 5.08054 -66.0
2 5.78004 -62.5
0 1.25173 -52.0
1 0.25771 -53.5
2 5.71254 -62.5
3 5.13577 -66.0
1 0.26998 -53.5
0 1.24559 -53.0
2 5.62051 -63.0
3 5.06214 -66.5
1 0.22089 -53.5
0 1.24559 -52.0
2 5.70027 -62.0
3 4.91487 -66.0
1 0.25157 -53.5
0 1.25173 -52.0
3 5.10509 -65.5
2 5.63891 -62.5
1 0.26998 -53.5
3 5.08668 -66.0
0 1.25786 -52.0
2 5.81686 -62.5
0 1.21491 -53.0
1 0.24544 -53.5
2 5.60210 -62.0
3 4.94555 -65.5
3 5.16031 -67.5
2 5.81072 -62.5
0 1.25786 -52.0
1 0.25157 -53.5
3 5.28917 -67.0
2 5.72482 -63.0
1 0.25157 -53.5
0 1.23332 -52.5
0 1.22718 -52.0
1 0.28839 -53.5
2 5.65732 -61.5
3 5.05600 -67.0
0 1.23332 -52.5
1 0.25771 -53.5
2 5.76163 -63.0
3 5.14804 -66.5
0 1.27014 -52.0
1 0.22089 -53.5
2 5.71254 -62.5
3 5.14804 -66.5
2 5.73095 -62.0
1 0.26998 -53.5
0 1.25786 -52.5
3 4.85965 -67.0
3 5.16645 -66.5
2 5.69414 -62.5
0 1.26400 -52.0
1 0.24544 -53.5
3 5.25235 -66.0
2 5.72482 -62.0
1 0.22703 -53.5
0 1.27627 -52.5
3 5.36893 -67.0
1 0.25771 -53.5
0 1.27014 -52.5
2 5.73709 -61.5
0 1.25173 -52.5
1 0.28839 -53.5
2 5.65119 -62.0
3 5.06214 -67.0
3 5.20326 -66.5
0 1.23946 -52.0
1 0.30066 -53.5
2 5.81686 -62.0
0 1.28854 -52.5
1 0.23930 -53.5
2 5.53460 -62.5
3 5.08054 -66.5
0 1.28241 -52.5
1 0.22703 -53.5
2 5.70027 -62.5
3 5.09282 -67.5
0 1.20878 -52.0
1 0.25771 -53.5
2 5.80458 -62.0
3 5.16031 -66.5
1 0.24544 -53.5
0 1.22718 -52.5
3 5.04986 -66.0
2 5.71868 -63.0
0 1.23946 -52.5
1 0.19635 -53.5
2 5.63278 -63.0
3 5.29530 -66.5
1 0.26998 -53.5
0 1.21491 -52.0
2 5.58369 -63.0
3 5.28917 -66.5
0 1.22718 -52.5
1 0.28225 -53.5
2 5.56528 -62.0
3 5.24008 -65.5
0 1.22718 -52.5
1 0.28839 -53.5
2 5.71254 -63.0
3 5.25849 -66.5
1 0.24544 -53.0
0 1.20878 -52.5
3 5.16031 -67.0
2 5.68186 -62.5
3 5.17258 -66.5
0 1.21491 -52.0
1 0.26998 -53.5
2 5.49779 -62.5
2 5.66346 -62.0
3 5.30144 -66.5
0 1.27014 -52.5
1 0.30066 -53.5
1 0.25771 -53.5
0 1.27014 -52.5
3 5.15418 -66.5
2 5.82299 -62.5
0 1.24559 -52.0
1 0.26998 -53.5
3 5.04986 -67.0
2 5.66346 -62.0
1 0.26384 -53.5
0 1.24559 -52.0
2 5.57755 -63.0
3 5.05600 -66.5
2 5.65732 -62.0
3 5.14804 -66.0
1 0.27612 -53.5
0 1.24559 -52.5
3 4.89647 -67.0
2 5.60823 -62.0
1 0.28839 -53.5
0 1.23332 -52.5
3 5.25849 -66.5
0 1.25173 -52.5
1 0.26384 -53.5
2 5.74936 -63.0
2 5.79231 -62.5
3 5.21553 -66.0
1 0.25771 -53.5
0 1.29468 -52.5
3 5.04373 -66.0
1 0.28839 -53.5
2 5.67573 -62.5
0 1.25173 -52.5
3 5.28303 -66.0
2 5.68186 -62.5
0 1.25173 -52.0
1 0.30066 -53.5
0 1.30082 -52.0
1 0.26384 -53.5
2 5.69414 -62.5
3 5.27076 -67.0
2 5.54687 -63.0
3 5.15418 -67.0
0 1.25173 -52.5
1 0.25157 -53.5
0 1.25786 -52.0
1 0.23317 -53.0
3 5.16031 -66.5
2 5.74322 -62.5
1 0.28225 -53.5
0 1.25786 -52.5
3 5.16645 -67.0
2 5.70641 -62.5
0 1.28241 -52.5
1 0.28225 -53.5
2 5.74936 -62.0
3 5.17872 -66.5
1 0.27612 -53.5
0 1.26400 -52.5
3 5.14804 -66.5
2 5.60210 -63.0
1 0.26384 -53.5
0 1.28241 -52.5
2 5.72482 -62.5
3 5.10509 -66.0
2 5.70027 -62.5
1 0.26384 -53.0
0 1.26400 -52.5
3 5.18486 -66.5
1 0.24544 -53.5
0 1.30082 -52.5
2 5.73709 -63.0
3 5.20326 -66.5
0 1.22105 -52.5
1 0.27612 -53.5
3 5.12350 -66.0
2 5.75550 -62.5
1 0.23930 -53.5
0 1.24559 -52.5
3 5.22781 -66.5
2 5.66346 -62.5
3 4.80443 -67.5
1 0.28225 -53.5
0 1.22718 -53.0
2 5.75550 -63.0
1 0.29452 -53.5
0 1.30082 -52.5
3 5.19713 -66.5
2 5.36893 -62.5
1 0.25157 -53.5
0 1.26400 -52.5
2 5.75550 -62.5
3 5.12350 -67.0
3 5.12963 -67.0
0 1.29468 -52.5
1 0.26384 -53.5
2 5.79231 -62.0
1 0.26998 -53.5
0 1.27014 -52.5
2 5.87821 -63.0
3 5.12350 -67.0
1 0.28839 -53.5
0 1.22105 -52.0
2 5.54687 -62.0
3 5.18486 -67.0
2 5.70027 -62.5
0 1.23946 -52.0
1 0.28225 -53.5
1 0.22703 -53.5
0 1.25786 -52.0
3 5.24621 -67.0
2 5.70641 -63.0
0 1.28854 -52.5
2 5.66346 -63.0
1 0.25157 -53.5
3 5.25849 -66.5
0 1.23946 -52.0
1 0.25771 -53.5
3 5.14190 -67.0
2 5.72482 -62.5
0 1.27627 -52.5
1 0.28839 -53.5
2 5.62664 -62.0
3 5.43029 -67.0
3 4.84738 -66.5
2 5.73709 -62.5
0 1.31309 -52.5
1 0.24544 -53.5
1 0.23930 -53.5
0 1.27627 -52.0
2 5.78004 -62.5
3 5.08054 -66.0
1 0.24544 -53.5
0 1.20878 -52.5
2 5.76163 -62.5
3 4.98237 -66.5
0 1.27627 -52.5
1 0.25157 -53.5
2 5.66959 -62.5
3 5.13577 -66.5
0 1.24559 -52.0
1 0.20249 -53.5
2 5.68800 -63.0
3 5.27689 -66.0
1 0.23317 -53.5
0 1.22718 -52.5
2 5.58369 -62.5
3 4.91487 -67.5
3 5.37507 -66.5
0 1.28854 -52.5
1 0.25771 -53.0
2 5.73709 -62.5
3 5.06214 -66.5
0 1.23332 -52.0
2 5.74936 -61.5
1 0.20862 -53.5
0 1.25173 -52.0
1 0.24544 -53.5
2 5.74936 -62.5
3 5.01305 -66.0
0 1.23332 -52.5
1 0.23930 -54.0
3 5.25235 -67.0
2 5.77390 -62.5
2 5.75550 -62.0
1 0.25771 -54.0
0 1.25173 -52.5
3 5.01305 -66.0
3 4.95783 -66.5
1 0.30066 -53.5
0 1.28241 -52.5
2 5.70027 -62.5
1 0.22703 -53.5
0 1.27014 -52.5
3 5.11736 -66.5
2 5.62664 -61.5
0 1.25173 -52.5
1 0.27612 -53.0
2 5.71254 -62.0
3 5.00078 -66.5
0 1.27627 -52.5
1 0.25157 -53.5
3 5.27076 -66.5
2 5.60823 -62.5
3 5.08054 -67.0
1 0.25771 -53.0
0 1.23332 -52.0
2 5.78618 -63.0
0 1.25786 -52.5
1 0.26998 -53.0
2 5.58983 -62.5
3 5.14190 -66.5
3 5.09895 -66.5
0 1.28854 -52.0
1 0.26384 -53.5
2 5.69414 -62.0
2 5.71254 -62.0
3 5.17258 -66.0
0 1.24559 -52.5
1 0.26998 -53.5
2 5.63278 -63.5
1 0.30680 -53.5
3 5.19099 -67.5
0 1.25173 -52.0
0 1.28241 -52.0
1 0.24544 -53.5
3 5.11736 -66.0
2 5.98866 -62.5
0 1.21491 -52.5
1 0.26998 -53.5
2 5.81686 -63.0
3 5.08054 -66.0
1 0.20862 -53.5
0 1.29468 -52.0
2 5.79845 -62.0
3 5.14804 -67.5
2 5.69414 -62.5
1 0.21476 -53.5
0 1.21491 -52.0
3 4.92715 -67.5
1 0.26384 -53.5
0 1.25173 -52.5
2 5.76777 -63.0
3 5.01305 -66.5
1 0.24544 -53.5
0 1.20264 -52.5
2 5.71868 -63.0
3 5.08054 -66.0
0 1.20264 -52.5
2 5.63278 -63.0
