1 0.09817 -58.5
0 0.87130 -60.0
2 5.55915 -67.0
0 0.90812 -60.5
1 0.19635 -60.0
2 5.54074 -68.0
1 0.14726 -59.5
0 0.85903 -60.0
2 5.39348 -68.0
1 0.16567 -59.0
0 0.95107 -60.5
2 5.71868 -67.0
0 0.84676 -61.0
1 0.14726 -58.5
2 5.44870 -67.5
1 0.18408 -59.0
0 0.84676 -60.0
2 5.44256 -68.5
0 0.90198 -60.5
1 0.13499 -59.0
2 5.69414 -68.5
1 0.19021 -59.0
0 0.86517 -60.0
2 5.33825 -67.5
0 0.90812 -59.5
1 0.17794 -59.0
2 5.44256 -67.5
0 0.70563 -60.5
1 0.13499 -58.5
2 5.57142 -68.5
0 0.82835 -60.0
1 0.17794 -59.0
2 5.55915 -67.5
1 0.23317 -59.0
0 0.93880 -60.0
2 5.78618 -67.5
1 0.18408 -59.5
0 0.95720 -60.5
2 5.55915 -67.0
1 0.20862 -59.0
0 0.80994 -60.0
2 5.56528 -66.5
2 5.65119 -67.5
1 0.17794 -59.0
0 0.84062 -60.0
0 0.88357 -60.5
1 0.15340 -59.5
2 5.63891 -68.0
2 5.37507 -68.5
0 0.87744 -60.5
1 0.15340 -59.0
2 5.41802 -67.5
0 0.86517 -60.0
1 0.14113 -59.0
2 5.47938 -68.5
0 0.86517 -59.5
1 0.18408 -59.0
2 5.52847 -67.0
0 0.90812 -60.5
1 0.19635 -58.5
2 5.61437 -68.0
1 0.15953 -59.0
0 0.88971 -59.5
2 5.53460 -67.0
0 0.97561 -60.5
1 0.14113 -59.0
1 0.17181 -58.5
0 0.87744 -60.5
1 0.13499 -59.0
0 0.86517 -60.0
2 5.38734 -67.5
2 5.38734 -67.0
1 0.14113 -58.5
0 0.88357 -60.5
1 0.16567 -59.0
0 0.96948 -60.0
2 5.54687 -68.5
1 0.22089 -59.0
0 0.90198 -60.0
2 5.28917 -68.5
1 0.24544 -59.5
0 0.77313 -60.5
2 5.41802 -66.5
2 5.58369 -69.0
0 0.97561 -60.0
1 0.14726 -58.5
0 0.94493 -60.5
1 0.20249 -60.0
2 5.58369 -68.5
1 0.19021 -59.5
0 0.87744 -60.0
2 5.77390 -67.0
2 5.49779 -67.5
0 0.75472 -60.0
1 0.22703 -59.5
2 5.68800 -68.0
1 0.20862 -59.5
0 1.00016 -60.5
0 0.79767 -60.0
1 0.15953 -59.0
2 5.55301 -66.5
0 0.92652 -60.5
1 0.14726 -59.0
2 5.47938 -68.0
2 5.41802 -66.5
1 0.15340 -59.0
0 0.85903 -60.0
0 0.93266 -60.5
1 0.26384 -59.0
2 5.50392 -66.5
0 0.94493 -60.0
1 0.17794 -59.0
2 5.44256 -68.0
2 5.49165 -67.5
1 0.23317 -59.5
0 0.98788 -60.0
1 0.16567 -59.0
0 0.79767 -60.0
2 5.44870 -66.5
2 5.59596 -68.0
1 0.20249 -59.5
0 0.87744 -60.0
2 5.62051 -67.0
0 0.84676 -60.5
1 0.22089 -58.5
1 0.17181 -59.5
0 0.80381 -60.5
2 5.39961 -67.5
0 0.90198 -60.0
1 0.20249 -58.5
2 5.39348 -67.0
0 0.92039 -59.5
1 0.19021 -59.0
2 5.54687 -66.5
1 0.10431 -59.0
0 0.93266 -60.5
2 5.48552 -68.5
2 5.51619 -67.5
1 0.11658 -59.5
0 0.92039 -60.5
0 0.91425 -61.0
1 0.14113 -59.5
2 5.47324 -66.5
0 0.92039 -60.0
1 0.11045 -59.0
2 5.39348 -68.0
1 0.15953 -59.0
0 0.89584 -60.0
2 5.61437 -67.5
0 0.82835 -59.5
1 0.15953 -59.5
2 5.95798 -67.5
0 0.92039 -60.0
1 0.21476 -59.0
2 5.52233 -66.0
0 0.92652 -60.0
1 0.15953 -59.5
2 5.51006 -66.5
2 5.58369 -67.0
0 0.90198 -60.5
1 0.13499 -59.0
1 0.20249 -59.5
0 0.85903 -60.0
2 5.40575 -67.5
2 5.75550 -67.0
1 0.20862 -59.0
0 0.92652 -60.5
2 5.64505 -68.5
0 0.86517 -60.5
1 0.13499 -59.5
2 5.49165 -68.5
1 0.17794 -59.0
0 1.02470 -60.0
1 0.19021 -59.0
0 0.78540 -60.0
2 5.61437 -67.5
0 0.80994 -60.5
1 0.12885 -59.0
2 5.46097 -67.0
0 1.00016 -60.5
1 0.15340 -59.5
2 5.41188 -67.5
0 0.87130 -60.0
1 0.20249 -58.5
2 5.58369 -67.5
0 0.93266 -60.5
1 0.14726 -59.0
2 5.72482 -66.5
2 5.74322 -67.5
1 0.15953 -59.5
0 0.89584 -60.5
1 0.18408 -59.5
0 0.85289 -60.5
2 5.43643 -68.0
2 5.71868 -66.0
1 0.11045 -59.5
0 0.87130 -60.5
0 0.93880 -60.0
1 0.24544 -59.5
2 4.90260 -68.5
2 5.57755 -68.0
1 0.20249 -59.0
0 0.93880 -60.0
2 5.58369 -68.5
0 0.92652 -60.0
1 0.19635 -59.5
2 5.60823 -67.5
0 0.87744 -60.0
1 0.15953 -59.0
1 0.21476 -58.5
0 0.95107 -60.5
2 5.48552 -67.5
0 0.91425 -60.0
1 0.19021 -58.5
2 5.92730 -67.5
1 0.20862 -59.5
0 0.95107 -60.0
2 5.24621 -66.5
1 0.17794 -59.0
0 0.95107 -60.5
2 5.41188 -67.0
0 0.90198 -61.0
1 0.15953 -60.0
2 5.71868 -67.0
2 5.85981 -68.0
0 0.81608 -60.5
1 0.14726 -59.0
1 0.17794 -59.0
0 0.88357 -61.0
2 5.33212 -67.5
1 0.14113 -58.5
0 0.89584 -60.5
2 5.62664 -67.0
1 0.13499 -59.5
0 0.91425 -60.0
2 5.39961 -67.5
1 0.17181 -59.0
0 0.92652 -60.0
2 5.66959 -67.0
1 0.20249 -59.5
0 0.90812 -60.5
2 5.58369 -67.5
1 0.23930 -60.0
0 0.96948 -60.5
1 0.19635 -59.0
0 0.95107 -60.5
2 5.65119 -68.5
2 5.51006 -67.0
1 0.21476 -59.0
0 0.85289 -60.5
0 0.88357 -60.5
1 0.21476 -59.5
2 5.53460 -68.5
0 0.89584 -60.5
1 0.21476 -59.0
2 5.68800 -66.5
1 0.14113 -59.0
0 0.91425 -60.5
2 5.51619 -68.0
0 0.96334 -60.5
1 0.24544 -59.5
2 5.50392 -66.5
0 0.90812 -60.5
1 0.16567 -59.0
2 5.68800 -65.5
0 0.93266 -60.5
1 0.17181 -59.5
2 5.24008 -68.5
2 5.67573 -68.0
0 0.82835 -60.5
1 0.21476 -59.5
1 0.22089 -59.0
0 1.02470 -60.0
2 5.74322 -67.0
2 5.30144 -67.0
0 0.88357 -60.5
1 0.17181 -59.0
0 0.92039 -60.0
1 0.17794 -59.5
2 5.71868 -67.5
0 0.88357 -60.0
1 0.17794 -58.5
2 5.31371 -68.0
1 0.23930 -59.0
0 0.90812 -60.5
1 0.17181 -59.0
0 0.96334 -60.5
2 5.25849 -67.0
2 5.36893 -69.0
0 0.92039 -60.5
1 0.20862 -59.0
2 5.66959 -67.5
1 0.17181 -59.5
0 0.92039 -60.5
1 0.28225 -59.0
0 0.95107 -60.0
2 5.65732 -67.0
2 5.57755 -67.5
1 0.15953 -59.5
0 0.85903 -59.5
0 0.95107 -60.0
1 0.18408 -59.0
2 5.73709 -68.0
1 0.15340 -59.0
0 0.84676 -60.5
2 5.38120 -68.5
0 0.82835 -60.0
1 0.15953 -58.5
2 5.47324 -66.0
1 0.17181 -59.0
0 0.80994 -60.0
2 5.89662 -66.0
0 0.89584 -61.0
1 0.19635 -59.5
2 5.31985 -69.0
1 0.26384 -59.5
0 0.87744 -60.5
0 0.90812 -60.5
1 0.15340 -59.0
2 5.53460 -66.5
1 0.18408 -59.0
0 0.85289 -60.0
2 5.68800 -66.5
1 0.20862 -59.0
0 0.94493 -60.5
2 5.34439 -66.5
0 0.93880 -60.5
1 0.15340 -59.0
2 5.36893 -68.0
2 5.44256 -66.0
0 0.96948 -61.5
1 0.14726 -59.0
1 0.19021 -59.0
0 0.93880 -61.0
2 5.71868 -67.0
1 0.14113 -59.0
0 0.87130 -60.5
2 5.57755 -66.0
0 0.93880 -60.0
1 0.17794 -59.0
2 5.68186 -67.5
0 0.80994 -60.5
1 0.13499 -58.5
2 5.60823 -68.5
0 0.79767 -60.5
1 0.18408 -58.5
2 5.38734 -67.5
0 0.84062 -60.5
1 0.19021 -58.5
2 5.41802 -67.0
0 0.96334 -60.0
1 0.12272 -59.0
2 5.46097 -67.0
1 0.19635 -59.0
0 0.91425 -60.0
2 5.51619 -67.5
0 0.88357 -60.0
1 0.16567 -59.0
2 5.66959 -66.5
1 0.27612 -59.5
0 0.81608 -60.5
2 5.46097 -67.5
2 5.59596 -67.5
0 0.86517 -60.0
1 0.17181 -59.5
1 0.21476 -59.0
0 0.87744 -60.5
2 5.66959 -67.0
1 0.12272 -59.5
2 5.45484 -67.0
0 0.92039 -60.5
0 0.85903 -60.0
1 0.18408 -60.0
2 5.42416 -68.0
1 0.15953 -59.5
2 5.67573 -67.5
0 0.84062 -60.0
1 0.13499 -59.0
0 0.96948 -60.0
2 5.58983 -67.5
1 0.19021 -59.5
0 0.85289 -61.0
2 5.62664 -67.0
0 0.77313 -60.0
1 0.14726 -59.0
2 5.54687 -68.0
0 0.86517 -60.0
1 0.20862 -59.0
2 5.57755 -67.0
0 0.93880 -59.5
