0 1.77328 -64.5
0 1.62602 -63.5
0 1.71192 -64.0
0 1.45421 -64.5
0 1.56466 -64.5
0 1.75487 -64.0
0 1.53398 -64.5
0 1.71192 -64.0
0 1.52784 -64.5
0 1.60148 -65.0
0 1.64443 -65.0
0 1.27627 -64.5
0 1.49103 -64.0
0 1.55852 -64.5
0 1.45421 -64.5
0 1.56466 -65.0
0 1.74874 -64.5
0 1.73647 -64.5
0 1.60761 -65.0
0 1.55239 -64.5
0 1.66897 -64.0
0 1.74874 -64.5
0 1.51557 -64.5
0 1.49103 -65.0
0 1.55852 -64.5
0 1.62602 -64.5
0 1.76101 -65.0
0 1.62602 -64.5
0 1.77328 -64.5
0 1.39285 -64.5
0 1.69351 -64.0
0 1.69351 -64.5
0 1.61988 -65.0
0 1.63829 -65.0
0 1.57693 -64.5
0 1.71192 -65.0
0 1.73647 -64.0
0 1.64443 -64.0
0 1.69351 -64.5
0 1.65670 -64.0
0 1.56466 -65.0
0 1.54625 -64.0
0 1.59534 -65.0
0 1.34990 -65.0
0 1.65670 -64.5
0 1.44808 -64.0
0 1.48489 -64.0
0 1.66897 -65.0
0 1.48489 -64.5
0 1.55852 -65.0
0 1.59534 -64.0
0 1.56466 -64.5
0 1.46649 -65.0
0 1.84078 -65.0
0 1.68738 -64.5
0 1.73647 -64.5
0 1.61375 -65.0
0 1.63829 -64.5
0 1.60148 -64.5
0 1.63829 -64.0
0 1.61375 -64.5
0 1.89600 -65.0
0 1.54625 -64.5
0 1.65670 -64.5
0 1.58307 -64.0
0 1.64443 -65.0
0 1.54625 -64.5
0 1.66284 -65.0
0 1.55852 -65.0
0 1.48489 -64.5
0 1.59534 -64.0
0 1.50944 -64.5
0 1.44808 -65.0
0 1.55239 -66.0
0 1.57080 -65.0
0 1.66284 -65.5
0 1.62602 -64.5
0 1.65056 -64.0
0 1.56466 -65.0
0 1.49717 -65.0
0 1.67511 -65.0
0 1.58920 -64.0
0 1.55852 -65.0
0 1.61988 -64.5
0 1.55239 -64.0
0 1.62602 -64.0
0 1.73647 -65.0
0 1.40513 -64.5
0 1.61988 -64.5
0 1.66897 -65.0
0 1.73033 -64.5
0 1.61375 -64.5
0 1.44808 -65.0
0 1.68124 -64.5
0 1.76101 -64.0
0 1.62602 -64.5
0 1.75487 -64.5
0 1.51557 -65.0
0 1.77942 -64.0
0 1.58307 -64.5
0 1.60148 -64.5
0 1.55239 -65.0
0 1.58920 -65.0
0 1.60761 -64.5
0 1.69351 -64.5
0 1.56466 -64.5
0 1.68738 -64.0
0 1.69351 -65.5
0 1.59534 -65.0
0 1.50944 -64.0
0 1.58307 -65.0
0 1.72419 -64.5
0 1.74874 -64.0
0 1.78555 -64.5
0 1.58920 -64.5
0 1.79169 -64.5
0 1.50330 -64.5
0 1.62602 -64.5
0 1.69965 -65.5
0 1.60148 -65.0
0 1.72419 -65.0
0 1.87146 -64.5
0 1.65670 -64.5
0 1.50330 -64.5
0 1.74260 -65.0
0 1.67511 -64.5
0 1.66284 -65.5
0 1.55239 -64.0
0 1.66284 -65.0
0 1.67511 -64.5
0 1.73033 -64.5
0 1.57080 -64.5
0 1.62602 -65.0
0 1.67511 -64.5
0 1.82237 -65.0
0 1.64443 -63.5
0 1.60761 -65.0
0 1.46035 -64.5
0 1.54625 -64.5
0 1.89600 -64.5
0 1.54012 -65.0
0 1.68738 -64.5
0 1.61375 -64.0
0 1.67511 -64.5
0 1.60148 -64.0
0 1.63829 -64.5
0 1.52784 -64.5
0 1.73647 -65.0
0 1.51557 -64.5
0 1.67511 -64.0
0 1.65670 -65.0
0 1.62602 -64.5
0 1.65056 -64.5
0 1.59534 -65.0
0 1.59534 -64.5
0 1.78555 -65.0
0 1.32536 -65.5
0 1.62602 -65.0
0 1.63829 -64.5
0 1.57693 -65.0
0 1.49717 -65.0
0 1.71806 -64.5
0 1.48489 -64.5
0 1.68124 -64.5
0 1.51557 -64.5
0 1.59534 -64.5
0 1.50330 -65.0
0 1.58307 -64.5
0 1.62602 -64.5
0 1.74874 -64.5
0 1.55852 -65.0
0 1.66897 -65.0
0 1.54012 -64.5
0 1.65670 -64.5
0 1.79169 -64.5
0 1.59534 -64.5
0 1.49103 -65.0
0 1.68124 -64.5
0 1.64443 -65.0
0 1.44194 -64.0
0 1.73647 -64.0
0 1.74260 -64.5
0 1.76715 -65.0
0 1.48489 -64.5
0 1.55852 -65.0
0 1.55852 -64.5
0 1.61988 -64.5
0 1.79169 -64.5
0 1.55239 -64.5
0 1.68738 -64.5
0 1.80396 -65.0
0 1.70579 -64.5
0 1.64443 -64.5
0 1.92054 -65.0
0 1.79783 -65.0
0 1.76101 -64.5
0 1.69965 -64.5
0 1.69965 -65.0
0 1.55239 -64.5
0 1.67511 -64.5
0 1.55852 -64.5
0 1.51557 -64.5
0 1.62602 -64.5
0 1.69965 -65.0
0 1.68738 -64.5
0 1.67511 -64.5
0 1.79783 -64.5
0 1.58920 -64.5
0 1.65670 -65.0
0 1.52784 -64.5
0 1.61988 -64.5
0 1.77942 -64.5
0 1.59534 -64.5
0 1.57693 -65.0
0 1.63216 -65.0
0 1.62602 -65.0
0 1.57080 -64.5
0 1.71806 -64.5
0 1.68738 -64.5
0 1.79783 -64.5
0 1.65056 -64.5
0 1.68124 -64.5
0 1.54012 -63.5
0 1.66284 -64.5
0 1.75487 -64.5
0 1.52784 -63.5
0 1.74260 -65.0
0 1.63829 -65.0
0 1.56466 -64.5
0 1.50944 -64.5
0 1.43581 -65.0
0 1.41740 -64.0
0 1.79783 -65.0
0 1.46649 -64.0
0 1.86532 -64.5
0 1.86532 -65.0
0 1.52171 -65.0
0 1.66897 -64.0
0 1.71192 -64.5
0 1.74874 -64.0
0 1.59534 -64.5
0 1.57080 -64.0
0 1.77328 -64.5
0 1.73647 -64.5
0 1.55852 -64.0
0 1.68738 -65.5
0 1.69965 -64.5
0 1.64443 -64.0
0 1.63829 -64.5
0 1.78555 -64.5
0 1.65056 -64.5
0 1.61375 -64.0
0 1.81010 -65.0
0 1.51557 -63.5
0 1.64443 -64.5
0 1.67511 -65.0
0 1.57080 -64.5
0 1.41740 -64.5
0 1.81623 -65.5
0 1.88986 -64.0
0 1.71192 -64.0
0 1.61988 -64.5
0 1.77328 -64.5
0 1.59534 -65.0
0 1.67511 -64.5
0 1.79783 -65.0
0 1.57080 -65.0
0 1.60761 -64.5
0 1.34377 -64.5
0 1.71806 -64.5
0 1.49103 -64.5
0 1.42967 -66.0
0 1.68738 -64.0
0 1.90214 -65.0
0 1.70579 -65.0
0 1.82237 -65.0
0 1.82237 -64.5
0 1.58307 -65.0
0 1.58307 -65.0
0 1.79783 -64.5
0 1.64443 -64.5
0 1.66284 -65.0
0 1.69351 -64.0
0 1.71806 -66.0
0 1.74874 -64.5
0 1.69351 -64.5
