3 1.43581 -63.5
0 1.44808 -47.0
2 6.27705 -58.0
1 6.18501 -52.5
1 6.21569 -52.0
0 1.42353 -47.0
2 0.04909 -58.0
3 1.53398 -63.5
0 1.44194 -47.0
2 6.22796 -59.0
1 6.20342 -52.5
3 1.55852 -64.0
0 1.40513 -46.5
1 6.17274 -52.5
2 6.21569 -59.0
3 1.48489 -64.0
2 0.00614 -58.5
0 1.43581 -47.0
1 6.19728 -52.0
3 1.59534 -64.0
1 6.20342 -52.5
0 1.42353 -47.0
2 0.03068 -58.0
3 1.71806 -64.0
0 1.45421 -47.0
1 6.19115 -52.0
2 6.27091 -59.0
3 1.52784 -64.5
0 1.46649 -47.0
3 1.66284 -64.0
1 6.18501 -52.5
2 6.27705 -58.5
2 6.25251 -58.5
0 1.44808 -47.0
1 6.20342 -52.5
3 1.56466 -64.5
1 6.20955 -52.0
0 1.45421 -47.0
2 6.20342 -59.0
3 1.59534 -64.5
2 6.19115 -59.0
0 1.43581 -47.0
1 6.22796 -52.0
3 1.50944 -64.5
2 0.03682 -58.5
0 1.46649 -47.0
1 6.20342 -52.5
3 1.58920 -64.0
0 1.45421 -47.0
1 6.18501 -52.5
2 0.00000 -58.5
3 1.55239 -64.0
0 1.41740 -47.0
1 6.17887 -52.5
2 6.17274 -58.5
3 1.58920 -64.5
0 1.46035 -47.0
3 1.66897 -64.5
1 6.20955 -52.5
2 6.22183 -59.0
3 1.63829 -64.0
0 1.47262 -46.5
1 6.20342 -52.0
2 0.04295 -59.0
1 6.20342 -52.0
0 1.42967 -47.0
2 6.26478 -58.5
3 1.44808 -64.0
1 6.19115 -52.0
0 1.47262 -47.0
2 6.27705 -58.5
3 1.54012 -64.5
1 6.19115 -52.5
0 1.41126 -47.0
2 6.27705 -58.5
3 1.73647 -64.0
0 1.42353 -47.0
1 6.20342 -52.5
2 6.25251 -58.5
3 1.50944 -65.0
1 6.17274 -52.5
0 1.43581 -47.0
2 6.16047 -58.5
3 1.55239 -64.0
0 1.42967 -47.0
1 6.22183 -52.0
2 6.24023 -58.5
3 1.57693 -64.0
3 1.61988 -63.5
1 6.22796 -52.5
0 1.44194 -47.0
2 6.27091 -58.5
0 1.45421 -47.0
1 6.19728 -52.0
2 6.25251 -59.5
3 1.59534 -64.0
1 6.21569 -52.5
0 1.44808 -47.0
2 6.25864 -58.0
3 1.50330 -64.0
0 1.47262 -47.0
1 6.22183 -52.5
2 6.22796 -58.5
3 1.50944 -63.5
0 1.42967 -46.5
3 1.74260 -64.5
2 6.23410 -58.5
1 6.17887 -52.5
0 1.47262 -47.0
1 6.16660 -52.5
2 6.22796 -58.5
3 1.74260 -65.5
1 6.19728 -52.0
0 1.46649 -47.0
2 6.25251 -58.5
3 1.40513 -64.5
0 1.42353 -47.0
1 6.15433 -52.5
2 0.00614 -58.5
3 1.54012 -64.0
0 1.44808 -47.0
2 0.00000 -58.5
1 6.22183 -52.5
3 1.78555 -64.0
1 6.22183 -52.5
0 1.42967 -47.0
2 6.19728 -58.0
3 1.69965 -64.5
0 1.45421 -46.5
1 6.20955 -52.5
2 6.24637 -58.5
3 1.52171 -63.5
1 6.17887 -52.5
0 1.44808 -47.5
2 6.22183 -58.0
3 1.65670 -64.0
0 1.46035 -47.0
1 6.22796 -52.5
2 6.22796 -58.5
3 1.49103 -64.5
0 1.46035 -47.0
1 6.20955 -52.0
2 6.23410 -58.5
3 1.62602 -64.5
0 1.46035 -47.0
1 6.19115 -52.5
2 0.03682 -59.0
3 1.59534 -64.0
0 1.45421 -47.0
1 6.17274 -52.5
2 6.25251 -58.5
3 1.66897 -64.5
3 1.72419 -64.0
0 1.47262 -47.0
1 6.19115 -52.5
2 6.27705 -58.5
2 0.00000 -58.5
0 1.46649 -47.0
3 1.47262 -64.5
1 6.20955 -52.0
0 1.48489 -47.0
1 6.19115 -52.5
2 6.26478 -58.0
3 1.54012 -63.5
0 1.44194 -47.0
1 6.20342 -52.5
2 6.24023 -59.0
3 1.65056 -64.0
0 1.46649 -46.5
1 6.14206 -52.0
2 6.13592 -59.0
3 1.68738 -64.0
0 1.44194 -47.0
1 6.19728 -52.5
2 6.25864 -58.5
3 1.54012 -64.0
0 1.43581 -47.0
1 6.20342 -52.0
2 6.22796 -58.5
3 1.49717 -64.0
0 1.45421 -47.0
1 6.19115 -52.0
2 6.24023 -58.5
3 1.57080 -63.5
1 6.19115 -52.0
0 1.45421 -47.0
2 6.24023 -58.5
3 1.66284 -64.5
0 1.46035 -47.0
1 6.20955 -52.5
2 6.24023 -59.0
3 1.62602 -63.5
0 1.47876 -47.0
1 6.24023 -52.5
2 0.00000 -58.5
3 1.57693 -64.5
3 1.63829 -64.0
0 1.46649 -47.0
1 6.19728 -52.0
2 6.23410 -58.0
0 1.44194 -47.0
1 6.17274 -52.0
2 6.22183 -59.0
3 1.55852 -63.5
0 1.48489 -47.0
1 6.20955 -52.0
2 6.27705 -59.0
3 1.48489 -63.5
0 1.47876 -47.0
1 6.19115 -52.5
2 0.03068 -58.5
3 1.44194 -64.5
0 1.45421 -47.0
1 6.19115 -52.5
2 6.22796 -58.5
3 1.47876 -64.5
0 1.43581 -47.0
2 6.24023 -58.5
1 6.20342 -52.5
3 1.55239 -64.0
0 1.46035 -47.0
2 6.25864 -58.5
1 6.19115 -52.5
3 1.68124 -63.5
0 1.47262 -47.0
2 0.00000 -58.5
1 6.17887 -52.5
3 1.51557 -63.5
2 6.27705 -58.0
0 1.46649 -47.0
1 6.17274 -52.0
3 1.49103 -64.0
1 6.19115 -52.5
0 1.47262 -47.0
2 6.18501 -58.5
3 1.65056 -63.5
0 1.42353 -47.0
3 1.68738 -64.5
1 6.17274 -52.5
2 0.00000 -58.5
1 6.19728 -52.0
0 1.42353 -47.0
2 6.24023 -58.5
3 1.57080 -64.5
0 1.45421 -47.0
1 6.22183 -52.5
2 0.00000 -58.5
3 1.57693 -64.0
0 1.47262 -47.0
3 1.69351 -64.0
1 6.17887 -52.5
2 6.22183 -58.5
3 1.52171 -63.5
0 1.46649 -46.5
1 6.23410 -52.5
2 6.25251 -59.0
0 1.44808 -47.0
1 6.21569 -52.0
2 6.23410 -59.0
3 1.49717 -64.5
1 6.20955 -52.5
0 1.42967 -47.0
2 0.01841 -58.5
3 1.64443 -64.5
3 1.59534 -64.0
0 1.48489 -47.0
2 6.23410 -58.5
1 6.19115 -52.5
2 6.27705 -58.5
0 1.42967 -47.0
1 6.18501 -52.0
3 1.55852 -63.5
1 6.19115 -52.5
0 1.44808 -47.0
2 6.14206 -58.5
3 1.62602 -64.0
0 1.44194 -46.5
1 6.22796 -52.0
2 6.17887 -58.5
3 1.61375 -64.0
1 6.17274 -52.5
0 1.49103 -47.0
2 6.21569 -59.0
3 1.73033 -64.0
2 0.00614 -58.5
0 1.47876 -47.0
1 6.22796 -52.0
3 1.69965 -63.5
0 1.47262 -46.5
2 6.21569 -59.0
1 6.27705 -52.5
3 1.68124 -64.0
0 1.46035 -47.0
1 6.22183 -52.5
2 0.01227 -58.0
3 1.74874 -64.0
2 6.19728 -58.0
0 1.45421 -47.0
1 6.19115 -52.5
3 1.58920 -64.5
1 6.19115 -52.0
0 1.47262 -47.0
2 6.24637 -59.0
3 1.66897 -63.5
0 1.46035 -47.0
1 6.23410 -52.5
2 6.22183 -58.5
3 1.70579 -63.5
3 1.68124 -64.0
0 1.44194 -47.0
1 6.21569 -52.0
2 6.24023 -59.0
0 1.42967 -47.0
1 6.20955 -52.5
2 6.22183 -58.5
3 1.57693 -63.0
0 1.48489 -47.0
0 1.41126 -47.0
1 6.17274 -52.0
2 0.03068 -58.5
3 1.64443 -64.5
1 6.20955 -52.5
0 1.45421 -47.0
2 6.27091 -58.5
3 1.51557 -64.0
0 1.38672 -47.0
1 6.23410 -52.5
2 6.21569 -59.0
3 1.65056 -64.0
0 1.49717 -47.0
1 6.21569 -52.5
2 6.27705 -59.0
3 1.66897 -64.5
1 6.19115 -52.0
0 1.46035 -47.0
2 0.03682 -59.0
3 1.63216 -64.5
0 1.45421 -47.0
1 6.19728 -52.5
2 0.00000 -58.5
3 1.63216 -63.5
3 1.55852 -64.0
0 1.44808 -46.5
1 6.20955 -52.0
2 6.23410 -58.5
3 1.46035 -64.0
0 1.41126 -47.5
1 6.18501 -52.5
2 6.22796 -58.0
0 1.43581 -47.0
1 6.24637 -52.5
2 6.24023 -58.5
3 1.60148 -64.5
1 6.19728 -52.0
0 1.46035 -47.0
2 6.20342 -58.5
3 1.52171 -63.5
0 1.44808 -47.0
1 6.19115 -52.5
2 0.00000 -58.5
3 1.68738 -64.5
3 1.41740 -65.0
0 1.43581 -47.5
1 6.20955 -52.0
2 6.16047 -58.5
2 6.27705 -58.0
0 1.47262 -47.5
1 6.17274 -52.0
3 1.61375 -63.5
0 1.41126 -47.0
1 6.21569 -52.5
2 0.00614 -59.0
3 1.69965 -64.0
0 1.41740 -47.5
1 6.20342 -52.0
2 0.01227 -58.5
3 1.55852 -64.0
0 1.45421 -46.5
2 6.27091 -58.5
1 6.16660 -52.5
3 1.57693 -64.5
2 6.23410 -58.5
0 1.46035 -46.5
1 6.16047 -52.5
3 1.49717 -64.5
2 6.25251 -59.0
0 1.46649 -47.0
1 6.20955 -52.0
3 1.49103 -64.5
0 1.44194 -47.0
1 6.20342 -52.0
2 6.21569 -58.5
3 1.56466 -63.5
0 1.45421 -47.0
1 6.20342 -52.0
2 6.25864 -58.5
3 1.44194 -64.5
1 6.19728 -52.0
0 1.44808 -46.5
2 0.00614 -58.5
3 1.54012 -64.5
0 1.45421 -47.0
2 6.22796 -58.5
1 6.22183 -52.5
3 1.80396 -64.0
0 1.45421 -47.5
1 6.19115 -52.0
2 6.19728 -58.0
3 1.71806 -64.0
0 1.46649 -47.0
1 6.18501 -52.5
2 6.18501 -59.0
3 1.54625 -64.0
2 6.22796 -58.5
0 1.44808 -47.0
1 6.20955 -52.5
3 1.54012 -64.5
0 1.42353 -47.0
1 6.17274 -52.0
2 6.18501 -59.0
3 1.73033 -64.5
1 6.19115 -52.5
0 1.42967 -47.0
2 6.26478 -58.5
3 1.66284 -64.0
1 6.17887 -52.0
0 1.46649 -47.0
2 6.23410 -59.0
3 1.57080 -63.5
1 6.20955 -52.5
0 1.42353 -47.0
2 6.27705 -59.0
3 1.65670 -64.0
1 6.21569 -52.5
0 1.46649 -47.5
2 6.23410 -59.0
3 1.72419 -64.0
0 1.46649 -47.0
1 6.18501 -52.5
