2 5.47324 -66.0
1 5.74936 -60.5
0 1.01856 -62.0
0 0.98175 -61.5
1 5.88435 -60.5
2 5.71254 -66.5
2 5.34439 -66.5
1 5.77390 -61.0
0 1.06765 -62.5
0 1.06151 -62.0
1 5.81072 -60.5
2 5.91503 -66.5
0 1.19651 -62.0
1 5.71868 -61.0
2 5.53460 -66.0
1 5.78004 -60.5
0 1.02470 -62.0
2 5.57142 -67.0
1 5.76777 -61.0
0 1.17196 -61.5
2 5.54687 -67.0
0 1.03084 -61.5
1 5.80458 -61.0
2 5.52847 -66.5
1 5.74322 -60.0
0 1.12287 -62.5
2 5.72482 -66.5
0 1.10447 -62.5
1 5.73095 -60.5
2 5.41802 -67.5
0 1.03084 -61.5
1 5.88435 -60.5
2 5.59596 -67.0
0 0.96948 -62.5
1 5.84753 -60.5
2 5.57142 -66.0
1 5.79845 -60.5
0 0.92039 -62.0
2 5.57755 -66.5
1 5.71254 -61.5
0 1.07379 -61.5
2 5.57142 -66.5
1 5.82913 -60.5
0 1.00016 -62.0
2 5.63891 -66.0
1 5.78004 -61.0
0 1.07992 -62.5
2 5.36280 -67.5
2 5.55301 -66.5
1 5.81072 -60.5
0 1.04924 -62.0
1 5.77390 -61.5
2 5.49779 -66.5
0 1.15969 -62.0
1 5.80458 -60.0
2 5.28303 -66.5
0 1.05538 -62.0
1 5.79231 -61.0
2 5.25235 -66.5
2 5.42416 -66.5
0 1.08606 -61.5
1 5.84753 -61.5
0 1.06151 -62.5
1 5.70641 -61.5
2 5.58369 -66.5
0 0.98788 -62.0
1 5.84753 -60.5
2 5.35666 -67.0
0 1.04924 -62.5
1 5.85367 -61.0
2 5.65119 -67.0
1 5.74322 -61.0
0 1.07379 -62.0
2 5.61437 -66.5
1 5.83526 -60.5
0 1.07992 -62.0
2 5.49165 -66.5
1 5.68186 -60.5
0 0.98175 -62.5
2 5.61437 -66.0
1 5.84753 -61.0
0 1.01243 -62.0
2 5.29530 -68.0
2 5.68800 -66.5
1 5.85981 -60.5
0 1.01243 -62.0
1 5.88435 -61.0
0 0.94493 -61.5
2 5.41188 -66.5
2 5.55915 -66.5
1 5.95185 -61.0
0 1.09219 -62.0
1 5.80458 -61.0
0 1.07992 -62.0
2 5.42416 -66.5
2 5.43029 -66.0
1 5.80458 -61.0
0 1.15969 -61.5
1 5.89049 -60.5
0 0.97561 -62.0
2 5.53460 -66.5
2 5.41802 -67.0
0 1.06765 -62.5
1 5.80458 -60.5
0 0.96948 -61.5
1 5.70027 -60.5
2 5.35052 -66.5
2 5.43029 -66.0
1 5.79231 -60.5
0 1.12901 -62.0
2 5.62664 -66.5
0 1.04311 -62.5
1 5.85367 -61.0
1 5.89049 -60.5
0 0.96948 -62.5
2 5.65119 -66.0
1 5.81072 -60.5
0 1.01856 -62.5
2 5.62051 -66.0
1 5.87821 -61.0
0 1.03084 -62.5
2 5.63891 -66.0
1 5.76777 -61.0
0 1.08606 -62.0
2 5.60210 -66.5
2 5.62664 -66.5
1 5.81686 -60.5
0 0.96948 -62.0
1 5.84140 -61.0
0 1.07992 -62.0
2 5.68186 -66.0
1 5.79231 -60.5
0 1.04924 -62.0
2 5.58369 -67.5
1 5.72482 -60.5
0 1.07379 -62.0
2 5.51619 -66.5
0 0.98788 -62.0
1 5.66346 -61.5
2 5.49165 -66.5
2 5.70641 -66.5
0 0.97561 -62.0
1 5.73709 -61.0
0 0.93880 -62.0
1 5.82299 -60.5
2 5.46711 -67.5
1 5.81686 -60.5
0 1.07379 -62.0
2 5.51619 -67.0
1 5.81686 -60.5
0 1.03697 -62.5
2 5.43643 -67.0
0 1.11060 -62.5
1 5.79845 -61.5
2 5.25849 -65.5
1 5.80458 -60.0
0 1.06765 -62.5
2 5.49165 -66.5
1 5.83526 -60.5
0 1.00629 -62.0
2 5.78004 -66.0
2 5.67573 -66.0
1 5.87821 -60.5
0 1.03084 -62.0
1 5.74936 -61.0
0 1.20878 -62.0
2 5.79845 -66.5
2 5.71868 -66.0
1 5.80458 -60.0
0 1.03697 -62.0
2 5.14804 -67.0
1 5.90276 -60.5
0 1.16583 -62.5
1 5.82913 -61.5
0 1.06765 -61.5
2 5.55301 -66.0
1 5.73709 -61.5
0 1.03697 -62.0
2 5.54074 -66.5
1 5.68800 -61.0
0 0.93880 -61.5
2 5.45484 -66.5
0 1.09219 -62.0
1 5.74322 -61.0
2 5.30144 -66.0
0 1.09219 -62.0
1 5.73095 -61.5
2 5.33825 -66.0
0 1.03697 -62.5
1 5.84140 -60.5
2 5.54687 -67.0
1 5.61437 -60.5
0 1.09219 -61.5
2 5.62051 -66.5
1 5.66346 -61.0
0 1.01856 -62.0
2 5.26462 -66.0
1 5.81072 -60.5
0 1.19037 -62.5
2 5.50392 -67.0
1 5.82913 -61.0
0 0.90198 -62.5
2 5.80458 -66.5
2 5.64505 -66.0
1 5.80458 -60.5
0 1.04311 -62.5
1 5.75550 -60.5
0 1.06151 -62.5
2 5.39961 -67.0
1 5.70641 -61.0
0 1.07992 -61.5
2 5.43643 -66.5
1 5.66959 -61.0
0 0.98788 -61.5
2 5.41802 -66.0
1 5.74936 -61.0
0 0.96948 -62.0
2 5.47324 -66.5
0 1.11060 -62.5
1 5.84140 -60.5
2 5.30757 -66.0
0 1.05538 -62.0
1 5.81072 -60.5
2 5.63278 -66.0
1 5.62664 -60.5
0 1.09833 -62.5
2 5.38120 -66.0
2 5.46711 -67.0
0 0.96948 -62.0
1 5.82913 -61.5
1 5.80458 -61.5
0 1.05538 -62.5
2 5.46711 -66.5
1 5.85981 -60.5
0 1.15355 -62.0
2 5.33212 -66.0
2 5.66959 -68.0
1 5.66346 -60.5
0 0.85903 -62.0
0 1.03084 -62.0
1 5.70641 -60.5
2 5.43029 -66.0
1 5.87208 -60.5
0 1.14128 -62.0
2 5.42416 -65.5
1 5.84140 -61.0
0 1.21491 -62.0
2 5.67573 -66.0
1 5.78004 -60.5
0 1.07379 -62.5
2 5.27689 -66.5
1 5.88435 -60.5
0 1.01243 -62.0
2 5.36893 -66.5
1 5.81072 -61.0
0 1.07379 -62.5
2 5.63278 -66.5
1 5.85981 -60.5
0 1.07992 -62.5
2 5.37507 -66.0
1 5.77390 -61.5
0 1.05538 -62.5
2 5.43643 -66.0
2 5.71868 -67.0
1 5.76777 -60.0
0 1.11060 -62.0
0 1.14128 -62.5
1 5.70027 -61.0
2 5.31371 -67.0
0 1.03697 -62.5
1 5.90276 -62.0
2 5.41802 -66.0
0 1.07992 -62.5
1 5.78004 -61.5
2 5.62664 -67.0
2 5.43643 -66.0
1 5.82299 -61.0
0 1.00629 -62.5
2 5.47938 -67.5
1 5.70027 -60.5
0 0.96334 -61.5
1 5.87208 -60.5
0 1.03697 -62.5
2 5.55301 -68.0
0 1.09833 -62.5
1 5.82913 -60.5
2 5.51619 -66.0
2 5.49779 -66.5
1 5.82299 -61.0
0 1.19651 -62.0
1 5.76777 -60.5
0 1.15969 -62.5
2 5.28303 -66.5
0 1.14742 -62.5
0 1.00629 -62.0
1 5.75550 -60.5
2 5.46097 -66.0
1 5.80458 -61.0
0 0.98175 -62.0
2 5.58369 -66.5
1 5.70641 -61.0
0 1.15355 -61.5
2 5.18486 -67.5
0 0.95720 -62.0
1 5.80458 -60.5
2 5.46711 -66.5
1 5.80458 -60.0
0 0.95720 -62.0
2 5.48552 -67.0
0 1.15355 -62.5
1 5.84140 -60.5
2 5.27076 -67.0
2 5.54074 -66.0
1 5.89049 -60.5
0 1.15969 -62.0
2 5.57755 -67.0
1 5.66346 -60.5
0 1.05538 -62.5
1 5.82913 -61.5
0 1.02470 -62.0
2 5.54074 -67.5
1 5.85367 -61.0
0 1.10447 -61.5
2 5.62051 -67.0
2 5.58369 -67.0
1 5.79845 -60.5
0 0.97561 -62.0
1 5.76163 -61.0
0 1.14742 -62.0
2 5.79845 -68.5
1 5.81072 -60.0
0 0.85289 -61.5
2 5.31371 -66.0
0 1.01243 -63.0
1 5.74322 -61.0
2 5.58983 -68.0
0 1.00629 -62.0
1 5.75550 -60.5
2 5.52847 -67.5
1 5.84753 -61.0
0 1.07379 -62.0
2 5.23394 -66.5
0 1.00016 -62.0
1 5.92117 -60.0
2 5.33825 -66.5
1 5.76777 -60.0
0 1.02470 -62.5
2 5.70027 -66.5
2 5.55915 -66.5
1 5.78004 -61.0
0 1.19651 -62.0
0 1.06765 -62.5
1 5.89049 -61.0
2 5.52847 -67.0
1 5.78004 -61.0
0 1.01856 -62.0
2 5.61437 -66.5
0 1.09833 -61.5
1 5.80458 -61.0
2 5.27076 -67.0
2 5.62051 -67.5
1 5.77390 -60.5
0 1.02470 -63.0
2 5.38734 -66.5
1 5.74936 -60.5
0 0.98788 -62.0
2 5.29530 -66.0
0 1.11060 -62.5
1 5.73709 -60.5
2 5.55301 -67.0
0 1.12901 -63.0
1 5.75550 -61.0
1 5.83526 -60.5
0 1.11674 -62.0
2 5.48552 -66.5
1 5.67573 -60.0
0 0.92652 -62.0
2 5.35052 -66.5
2 5.48552 -66.5
1 5.82913 -61.0
0 1.10447 -62.5
1 5.73095 -61.0
0 1.12287 -62.5
2 5.26462 -66.0
1 5.78004 -61.0
0 1.07379 -61.5
2 5.57142 -66.5
2 5.46097 -66.5
1 5.80458 -61.0
0 0.92039 -61.5
1 5.88435 -60.5
0 1.04924 -62.0
2 5.56528 -66.5
2 5.70027 -68.0
1 5.80458 -60.0
0 1.02470 -62.0
1 5.76777 -60.5
0 1.19037 -62.0
2 5.51006 -66.5
0 0.97561 -62.0
1 5.82913 -60.5
2 5.46097 -67.0
0 1.00016 -63.0
1 5.78004 -61.5
2 5.63278 -66.5
0 1.06765 -62.5
1 5.78004 -60.5
2 5.56528 -67.0
0 1.04311 -62.0
1 5.73095 -61.0
2 5.70641 -67.0
0 0.97561 -62.5
1 5.78618 -61.0
2 5.47324 -67.5
0 1.21491 -61.5
1 5.82299 -60.0
2 5.46711 -66.5
1 5.85367 -60.5
