1 5.93957 -56.0
0 1.11060 -56.5
2 5.35666 -63.5
1 5.95185 -56.0
0 1.07379 -56.5
2 5.53460 -63.0
1 5.90889 -56.5
0 1.07992 -56.5
2 5.43643 -62.5
2 5.47938 -63.5
1 5.92730 -56.5
0 1.08606 -56.5
1 5.87821 -56.5
0 1.06151 -57.0
2 5.65119 -63.5
1 5.94571 -56.5
0 1.10447 -57.0
2 5.42416 -63.0
2 5.49779 -63.0
1 5.97025 -56.5
0 1.03084 -57.0
0 1.00629 -57.0
1 5.98253 -56.5
2 5.39348 -63.5
2 5.66346 -63.5
1 5.89049 -56.5
0 1.11674 -56.5
0 1.07379 -56.5
1 5.95798 -56.5
2 5.80458 -63.5
1 5.96412 -56.5
0 1.06765 -57.0
2 5.47324 -63.0
2 5.42416 -63.5
1 5.95798 -56.0
0 1.00629 -56.5
1 5.91503 -56.0
0 1.11060 -56.5
2 5.49779 -62.5
1 5.91503 -55.5
0 1.12901 -57.0
2 5.66346 -63.0
1 5.94571 -56.0
0 1.06765 -56.5
2 5.43643 -63.5
2 5.50392 -63.0
1 5.95185 -56.5
0 1.11674 -57.0
0 1.02470 -56.5
1 5.92730 -56.5
2 5.38120 -63.5
1 5.96412 -56.5
0 1.06151 -56.5
2 5.63891 -62.5
1 5.92117 -56.0
0 1.06151 -57.0
2 5.54074 -64.0
0 1.11674 -57.0
2 5.49779 -62.5
1 5.97025 -56.0
0 1.08606 -57.0
1 5.92117 -56.5
2 5.31371 -63.5
0 1.03084 -56.5
1 5.96412 -56.0
2 5.56528 -64.0
1 5.96412 -56.5
0 0.99402 -56.5
2 5.66346 -63.5
0 1.07379 -56.5
1 5.97025 -56.0
2 5.52847 -63.0
0 1.01243 -56.5
1 5.90276 -56.0
2 5.49165 -63.5
0 1.13515 -56.5
2 5.43029 -64.0
1 5.89662 -56.0
1 5.95185 -56.0
0 1.03697 -56.5
2 5.49779 -63.5
1 5.97025 -56.5
0 0.98175 -56.5
2 5.48552 -63.0
2 5.49165 -62.5
0 1.15969 -56.5
1 5.89662 -56.5
1 5.91503 -56.0
0 1.09833 -57.0
2 5.39348 -63.5
0 1.04311 -56.5
1 5.98253 -56.0
2 5.67573 -63.0
2 5.44256 -63.5
1 5.92117 -56.5
0 1.11674 -56.5
2 5.49779 -63.0
0 1.06765 -56.5
1 5.95798 -56.0
1 5.96412 -56.5
0 1.05538 -57.0
2 5.52847 -64.0
1 5.96412 -56.0
0 1.09219 -57.0
2 5.54687 -63.0
0 1.06151 -56.5
1 5.90889 -56.0
2 5.58983 -63.0
2 5.67573 -63.5
1 5.90276 -56.5
0 1.09833 -56.5
0 1.05538 -56.5
1 5.89662 -56.5
2 5.51619 -63.5
1 5.91503 -56.0
0 1.09219 -56.5
2 5.45484 -64.0
0 1.03697 -56.5
1 5.90889 -56.0
2 5.62664 -63.5
1 5.89049 -56.0
0 1.11060 -56.5
2 5.45484 -63.5
0 1.12287 -56.5
1 5.95798 -56.5
2 5.51006 -64.0
1 5.93344 -56.5
0 1.06151 -57.0
2 5.43643 -63.0
2 5.49165 -63.5
1 5.89662 -55.5
0 1.13515 -56.5
1 5.92117 -56.0
0 1.04924 -56.5
2 5.56528 -63.0
0 1.14128 -56.5
1 5.90889 -56.5
2 5.63278 -64.0
0 1.07992 -56.5
1 5.90276 -56.5
2 5.51619 -63.0
1 5.94571 -56.0
0 1.09833 -57.0
2 5.66346 -64.0
2 5.48552 -63.0
0 1.11060 -56.5
1 5.95798 -56.0
1 5.92117 -56.0
0 1.13515 -56.5
2 5.54074 -63.5
0 1.07379 -57.0
1 5.92117 -56.0
2 5.55301 -63.0
1 5.90889 -56.5
0 1.09219 -56.5
2 5.52233 -63.5
2 5.54687 -63.5
0 1.04924 -57.0
1 5.95798 -56.0
1 5.89662 -56.0
0 1.09833 -57.5
2 5.45484 -63.0
0 1.09833 -56.5
1 5.96412 -56.0
2 5.52233 -63.5
1 5.89049 -56.5
0 0.98175 -57.0
2 5.55301 -63.0
0 1.13515 -56.5
1 5.88435 -56.5
2 5.58983 -63.5
0 1.12901 -56.5
1 5.89662 -56.5
2 5.36280 -63.5
0 1.11674 -56.5
1 5.87821 -56.0
2 5.51006 -64.0
0 1.01856 -57.0
1 5.95185 -56.5
2 5.56528 -63.5
2 5.62051 -63.5
1 5.92730 -56.5
0 1.09219 -56.5
0 1.04311 -56.5
1 5.98253 -56.0
2 5.58369 -63.0
0 1.03697 -57.0
1 5.91503 -56.0
2 5.50392 -63.0
1 5.90276 -56.5
0 1.09219 -56.5
2 5.34439 -63.5
1 5.92730 -56.0
0 1.06151 -56.5
2 5.41802 -63.5
1 5.95798 -56.5
0 1.14742 -57.0
2 5.63278 -63.0
2 5.56528 -63.5
0 1.11060 -57.0
1 5.90889 -56.0
1 5.97025 -56.0
0 1.09833 -57.0
2 5.56528 -63.5
1 5.94571 -56.0
0 1.09833 -56.5
2 5.47938 -64.0
2 5.56528 -63.5
0 1.08606 -57.0
1 5.96412 -56.5
1 5.88435 -56.5
0 1.09219 -57.0
2 5.64505 -63.5
1 5.89662 -56.0
0 1.14128 -56.5
2 5.58369 -63.5
0 0.97561 -57.0
1 5.95798 -56.0
2 5.55915 -63.5
1 5.94571 -56.5
0 1.15355 -57.0
2 5.27689 -64.0
1 5.91503 -56.0
0 1.06765 -56.5
2 5.45484 -63.0
1 5.95185 -56.0
0 1.04924 -56.5
2 5.55915 -62.0
0 1.07379 -56.5
1 5.93957 -56.0
2 5.57755 -64.5
2 5.36280 -63.5
1 5.94571 -56.5
0 1.13515 -57.0
2 5.44256 -63.5
1 5.90276 -56.0
0 1.09833 -56.5
0 1.11060 -57.0
1 5.90276 -56.0
2 5.31985 -63.5
1 5.97639 -56.0
0 1.08606 -56.5
2 5.52233 -63.0
0 1.14128 -57.0
1 5.93344 -56.0
2 5.74322 -61.5
1 5.92117 -56.0
0 1.06151 -56.5
2 5.65732 -63.5
0 1.09833 -56.5
1 5.93344 -56.0
2 5.46711 -63.0
1 5.89662 -56.0
0 1.07379 -57.0
2 5.60823 -63.5
1 5.94571 -55.5
0 1.12901 -57.0
2 5.41188 -64.0
0 1.11060 -56.5
1 5.92730 -56.0
2 5.34439 -63.0
2 5.44870 -64.0
0 1.15355 -57.0
1 5.91503 -56.0
1 5.92117 -56.0
0 1.07992 -57.0
2 5.53460 -63.5
1 5.87208 -56.0
0 1.09219 -56.0
2 5.68186 -63.0
0 1.06151 -56.5
1 5.95185 -56.0
2 5.49779 -64.0
2 5.43029 -64.0
1 5.90889 -56.5
0 1.12287 -56.5
2 5.41188 -63.0
0 1.13515 -57.0
1 5.90889 -56.5
2 5.33212 -63.5
0 1.03697 -57.0
1 5.92117 -56.0
1 5.98253 -56.5
0 1.09833 -56.5
2 5.53460 -63.5
0 1.10447 -57.0
1 5.92730 -56.5
2 5.35666 -63.0
0 1.07379 -56.5
1 5.89049 -56.0
2 5.29530 -62.5
0 1.08606 -56.5
1 5.96412 -56.5
2 5.48552 -63.0
0 1.07992 -57.5
1 5.95185 -56.0
2 5.48552 -63.0
0 1.04311 -56.5
1 5.90276 -56.5
2 5.54074 -64.0
0 1.11060 -56.5
1 5.88435 -56.0
2 5.68186 -63.0
0 1.09219 -57.0
1 5.92730 -56.0
2 5.36893 -63.0
0 1.08606 -56.5
1 5.94571 -56.0
2 5.44256 -63.0
2 5.49165 -64.0
1 5.92117 -56.0
0 1.09219 -56.5
1 5.93957 -56.0
0 1.11060 -56.5
2 5.62051 -63.5
0 1.07379 -57.0
1 5.95185 -56.0
2 5.82913 -63.5
1 5.91503 -56.0
0 1.09219 -56.5
2 5.61437 -63.0
1 5.93957 -56.0
0 1.10447 -56.5
2 5.51006 -63.5
1 5.94571 -56.5
0 1.14128 -56.5
2 5.52847 -63.5
0 1.07379 -56.5
1 5.92117 -56.0
2 5.52233 -63.0
0 1.03697 -56.5
1 5.97025 -56.0
2 5.49779 -64.0
1 5.96412 -56.0
0 1.09219 -56.5
2 5.55915 -63.5
2 5.49165 -63.5
1 5.85367 -56.0
0 1.14742 -57.0
1 5.95798 -56.5
0 1.11060 -57.0
2 5.40575 -63.5
1 5.90276 -56.5
0 1.07379 -57.0
2 5.22167 -63.0
1 5.86594 -56.0
0 1.06151 -56.5
2 5.43029 -64.0
2 5.50392 -63.0
1 5.97025 -56.0
0 1.12287 -56.5
1 5.92117 -56.5
0 1.04311 -57.0
2 5.57755 -63.5
2 5.50392 -64.0
0 1.04924 -56.5
1 5.90889 -56.5
0 1.07992 -56.5
1 5.92730 -56.0
2 5.51619 -63.0
0 1.09219 -56.5
1 5.95185 -56.5
2 5.37507 -63.5
0 1.15969 -57.0
1 5.90889 -56.5
2 5.46097 -63.0
0 1.12287 -56.5
1 5.95185 -56.0
2 5.78004 -64.0
0 1.02470 -57.0
1 5.92117 -56.0
2 5.49165 -63.5
2 5.47938 -63.5
0 1.08606 -56.5
1 5.91503 -56.0
0 1.08606 -56.5
1 5.92117 -56.0
2 5.42416 -63.0
1 5.91503 -56.0
0 1.08606 -56.5
2 5.33825 -63.0
0 1.11060 -56.5
1 5.87208 -56.0
2 5.60823 -63.5
0 1.07992 -57.0
1 5.89662 -55.5
2 5.63891 -63.5
1 5.90276 -57.0
0 1.15969 -57.0
2 5.47938 -64.0
2 5.55301 -63.0
1 5.92117 -56.0
0 1.06765 -57.0
2 5.14190 -63.5
0 1.06151 -57.0
1 5.94571 -56.5
2 5.47938 -63.5
1 5.95798 -56.0
0 1.11674 -56.5
2 5.39961 -63.0
1 5.95798 -56.0
0 1.15969 -57.0
1 5.91503 -56.0
0 1.11674 -57.0
2 5.54074 -63.5
0 1.07992 -57.0
1 5.95185 -55.5
2 5.40575 -63.5
2 5.78618 -64.0
1 5.93957 -56.5
0 1.07379 -56.5
2 5.48552 -63.5
1 5.92730 -56.5
0 1.11060 -57.0
2 5.60210 -63.5
0 1.12287 -56.5
1 5.90889 -56.5
1 5.92117 -56.0
0 1.16583 -57.0
2 5.68186 -63.0
1 5.92730 -56.0
0 1.12901 -57.0
2 5.60210 -63.5
0 1.04311 -57.0
1 5.93344 -56.0
2 5.65119 -64.0
2 5.44870 -63.0
1 5.89662 -56.0
0 1.07379 -56.5
0 1.10447 -56.5
1 5.91503 -56.5
2 5.55915 -63.5
1 5.89662 -56.0
0 1.13515 -56.5
2 5.74322 -63.0
1 5.92730 -56.0
0 1.01243 -56.5
2 5.46097 -63.5
1 5.90276 -56.0
0 0.95720 -56.5
2 5.43643 -63.0
2 5.49779 -63.5
0 1.07379 -56.5
1 5.94571 -56.0
0 1.07379 -56.5
1 5.90276 -56.0
2 5.46097 -63.5
