0 1.19037 -54.0
1 6.12979 -54.0
2 5.76777 -60.5
2 5.71254 -61.0
0 1.19651 -54.0
1 6.12979 -54.5
0 1.14742 -54.0
1 6.15433 -54.5
2 5.71868 -61.5
0 1.17196 -53.5
1 6.13592 -54.0
2 5.68800 -61.5
1 6.15433 -54.5
0 1.15969 -54.0
2 5.79231 -61.5
2 5.77390 -61.5
0 1.19651 -53.5
1 6.12979 -54.5
1 6.14819 -54.0
0 1.13515 -54.0
2 5.72482 -62.0
0 1.19037 -53.5
1 6.12979 -54.5
2 5.82299 -62.0
1 6.15433 -54.5
0 1.19651 -53.5
2 5.82913 -61.5
1 6.10524 -54.5
0 1.14128 -54.0
2 5.76777 -61.5
2 5.74936 -61.0
1 6.17274 -54.0
0 1.13515 -54.5
0 1.12901 -54.5
1 6.12365 -54.5
2 5.57142 -61.0
0 1.19651 -53.5
1 6.18501 -54.5
2 5.76777 -61.0
0 1.16583 -54.0
1 6.10524 -54.5
2 5.73709 -61.5
2 5.75550 -61.0
0 1.19037 -54.0
1 6.11752 -54.5
1 6.12365 -54.5
0 1.20264 -54.0
2 5.66959 -61.5
1 6.14206 -54.5
0 1.18423 -54.0
2 5.62051 -61.5
2 5.74936 -61.5
0 1.17810 -54.0
1 6.10524 -54.0
1 6.12365 -54.0
0 1.14128 -54.0
2 5.71254 -62.0
2 5.68186 -61.0
1 6.12365 -54.5
0 1.15969 -54.0
1 6.08684 -54.5
0 1.20878 -53.5
2 5.74936 -61.5
1 6.11752 -54.0
0 1.20264 -54.0
2 5.76163 -61.5
2 5.64505 -61.0
1 6.11752 -54.5
0 1.16583 -54.5
1 6.12365 -54.5
0 1.20264 -53.5
2 5.63278 -62.0
0 1.21491 -54.0
1 6.18501 -54.0
2 5.69414 -61.0
2 5.73095 -62.0
0 1.20264 -54.0
1 6.12979 -54.5
1 6.14819 -54.5
0 1.13515 -54.0
2 5.79231 -61.0
1 6.12365 -54.0
0 1.28854 -54.5
2 5.67573 -62.0
2 5.73095 -61.5
0 1.15969 -53.5
1 6.10524 -54.5
0 1.23332 -53.5
2 5.78004 -62.5
1 6.14206 -54.5
0 1.22105 -54.5
1 6.12365 -54.5
2 5.74322 -61.0
1 6.15433 -54.5
0 1.15969 -54.0
2 5.71868 -61.0
1 6.12365 -54.0
0 1.16583 -54.0
2 5.76777 -61.5
1 6.17887 -54.5
0 1.17196 -54.0
2 5.74936 -62.0
0 1.20878 -54.0
1 6.11138 -54.5
2 5.76777 -62.0
1 6.18501 -54.0
0 1.20264 -54.5
2 5.72482 -62.5
0 1.22105 -53.5
1 6.14819 -54.5
2 5.68800 -61.5
2 5.76163 -61.5
0 1.19651 -54.0
1 6.18501 -54.5
0 1.14742 -54.0
1 6.16047 -54.5
2 5.76777 -61.5
0 1.23946 -54.0
1 6.09297 -54.5
2 5.65119 -62.0
0 1.23332 -53.5
1 6.14206 -54.5
2 5.63891 -61.5
1 6.11752 -54.5
0 1.17810 -54.0
2 5.67573 -61.5
0 1.21491 -54.0
1 6.11138 -54.5
2 5.72482 -62.0
0 1.20264 -53.5
1 6.12365 -54.0
2 5.68800 -61.0
2 5.73709 -61.0
0 1.19037 -53.5
1 6.14819 -54.0
0 1.20878 -54.0
1 6.14819 -54.0
2 5.82913 -61.5
2 5.76163 -61.0
1 6.13592 -54.5
0 1.17810 -53.5
0 1.14742 -54.0
1 6.12979 -54.5
2 5.74322 -61.0
0 1.22105 -54.0
1 6.17274 -54.5
2 5.84140 -61.5
1 6.12365 -54.0
0 1.17810 -53.5
2 5.65119 -62.0
2 5.68800 -61.0
0 1.17196 -53.5
1 6.13592 -54.0
0 1.17196 -54.0
1 6.12979 -54.0
2 5.64505 -61.0
1 6.11138 -54.5
0 1.14742 -54.0
2 5.70641 -62.0
2 5.75550 -61.5
0 1.18423 -54.0
1 6.16047 -54.5
2 5.66959 -61.5
0 1.24559 -54.0
1 6.17274 -54.0
1 6.16660 -54.5
0 1.22105 -54.0
2 5.76777 -61.5
1 6.11752 -54.5
0 1.17810 -54.0
2 5.71868 -61.0
1 6.14206 -54.0
0 1.17196 -54.0
2 5.70641 -61.5
1 6.13592 -54.5
0 1.20264 -54.5
2 5.73709 -61.5
0 1.16583 -54.0
1 6.12979 -54.5
2 5.67573 -61.5
0 1.21491 -53.5
1 6.16660 -54.5
2 5.64505 -61.5
1 6.14819 -54.5
0 1.19037 -54.0
2 5.68800 -62.0
0 1.19651 -54.0
1 6.14206 -54.5
2 5.68800 -62.0
0 1.25173 -54.0
1 6.15433 -54.5
2 5.69414 -60.5
0 1.18423 -53.5
1 6.14206 -54.0
2 5.70027 -61.0
0 1.16583 -54.0
1 6.16047 -54.0
2 5.76777 -61.5
1 6.13592 -54.5
0 1.20264 -54.0
2 5.76777 -61.5
1 6.11138 -54.5
0 1.22718 -54.0
2 5.68186 -61.5
0 1.16583 -54.0
1 6.19728 -54.5
2 5.62664 -61.0
1 6.12365 -54.5
0 1.20264 -54.0
2 5.84753 -61.5
0 1.22105 -54.5
1 6.12979 -54.0
2 5.58369 -61.0
1 6.09911 -54.5
0 1.19037 -53.5
2 5.70641 -61.0
0 1.20878 -54.0
1 6.12365 -54.5
2 5.57142 -62.0
1 6.12365 -54.5
0 1.28241 -54.0
2 5.73709 -62.0
1 6.16047 -54.0
0 1.19651 -54.0
2 5.70641 -61.5
2 5.66346 -61.0
1 6.12365 -54.5
0 1.09219 -54.0
0 1.15355 -54.5
1 6.14206 -54.5
2 5.66959 -61.5
2 5.70027 -61.5
0 1.18423 -54.0
1 6.12979 -54.5
1 6.12979 -54.0
0 1.23332 -54.0
2 5.68186 -61.5
0 1.17196 -54.0
1 6.12979 -54.0
2 5.73095 -61.5
1 6.16047 -54.5
0 1.15969 -54.0
2 5.81072 -61.5
1 6.12979 -54.5
0 1.17196 -53.5
2 5.78004 -61.5
1 6.14819 -54.5
0 1.19037 -54.0
2 5.75550 -61.5
1 6.16660 -54.5
0 1.18423 -54.0
2 5.68186 -60.5
0 1.17810 -54.0
1 6.12979 -54.5
2 5.71868 -60.5
0 1.17810 -54.0
1 6.15433 -54.5
2 5.81686 -61.0
0 1.17810 -53.5
1 6.18501 -54.5
2 5.70641 -62.0
0 1.21491 -54.0
1 6.16047 -54.0
2 5.76163 -60.5
0 1.25786 -54.0
1 6.16660 -54.5
2 5.61437 -61.5
0 1.15969 -54.0
1 6.12979 -54.5
2 5.71254 -63.0
1 6.16047 -54.5
0 1.11060 -54.0
2 5.63891 -62.0
1 6.14206 -54.5
0 1.20878 -54.0
2 5.70027 -61.5
0 1.29468 -54.5
1 6.15433 -54.5
2 5.71254 -61.0
0 1.23946 -54.0
1 6.18501 -54.0
2 5.89049 -61.5
1 6.14819 -54.5
0 1.22718 -54.0
2 5.78004 -61.5
0 1.17196 -53.5
1 6.12979 -54.5
2 5.63891 -61.5
1 6.12365 -54.5
0 1.20878 -54.0
2 5.81686 -61.5
1 6.12979 -54.5
0 1.18423 -54.0
2 5.63891 -62.0
2 5.65732 -61.0
0 1.15355 -54.0
1 6.12365 -54.5
1 6.09911 -54.5
0 1.23332 -54.0
2 5.72482 -62.0
1 6.13592 -54.0
0 1.18423 -54.0
2 5.66959 -62.0
1 6.09911 -54.0
0 1.19037 -54.0
2 5.72482 -62.5
1 6.11138 -54.5
0 1.23332 -54.0
2 5.65732 -61.5
0 1.19651 -53.5
1 6.14819 -54.0
2 5.63891 -62.0
0 1.18423 -53.5
1 6.09911 -54.5
2 5.63891 -61.5
1 6.12979 -54.0
0 1.19651 -54.0
2 5.65732 -62.0
1 6.12365 -54.5
0 1.19037 -54.0
2 5.75550 -61.5
0 1.21491 -54.0
1 6.12979 -54.0
2 5.73709 -61.5
0 1.20264 -54.0
1 6.10524 -54.5
2 5.69414 -61.5
2 5.69414 -61.0
0 1.19037 -54.0
1 6.08070 -54.5
0 1.19037 -54.0
1 6.19728 -54.5
2 5.70641 -61.5
0 1.26400 -54.0
1 6.14819 -54.0
2 5.71254 -62.0
1 6.14206 -54.0
0 1.22105 -54.0
2 5.97639 -61.5
0 1.18423 -53.5
1 6.16047 -54.5
2 5.66346 -61.0
0 1.13515 -54.0
1 6.12979 -54.5
2 5.79845 -61.5
1 6.09911 -54.5
0 1.23332 -53.5
2 5.72482 -61.5
2 5.70641 -61.5
1 6.09297 -54.5
0 1.19037 -54.0
2 5.76777 -61.5
0 1.22105 -54.0
1 6.12979 -54.0
2 5.73095 -61.5
1 6.11138 -54.5
0 1.19037 -54.0
1 6.12365 -54.0
0 1.22105 -53.5
2 5.73709 -61.0
1 6.14206 -54.5
0 1.23946 -54.0
2 5.64505 -61.5
0 1.19037 -54.0
1 6.14206 -54.5
2 5.67573 -62.0
1 6.11138 -54.5
0 1.25173 -53.5
2 5.57142 -62.0
1 6.09911 -54.0
0 1.18423 -54.0
2 5.86594 -61.5
1 6.16660 -54.5
0 1.21491 -54.0
2 5.66346 -61.5
1 6.15433 -54.0
0 1.21491 -53.5
2 5.66346 -61.5
1 6.12979 -54.0
0 1.22105 -54.0
2 5.79231 -61.5
1 6.10524 -54.5
0 1.20878 -54.0
2 5.65732 -61.5
1 6.08684 -54.5
0 1.19651 -54.0
2 5.69414 -60.5
1 6.11752 -54.5
0 1.15355 -54.0
2 5.60210 -62.0
1 6.14819 -54.5
0 1.21491 -53.5
2 5.54687 -62.0
0 1.17196 -53.5
1 6.16660 -54.0
2 5.54074 -61.5
0 1.20264 -54.0
1 6.14206 -54.5
2 5.68186 -61.0
2 5.74322 -61.5
0 1.17196 -53.5
1 6.20342 -54.0
0 1.19037 -54.0
1 6.14206 -54.0
2 5.67573 -61.0
0 1.17810 -54.0
1 6.17887 -54.5
2 5.69414 -62.0
0 1.18423 -54.0
1 6.11752 -54.0
2 5.65732 -61.0
2 5.73709 -61.0
1 6.10524 -54.5
0 1.14742 -54.0
0 1.20264 -54.0
1 6.14819 -54.5
2 5.54074 -61.0
1 6.14206 -54.5
0 1.22105 -54.0
2 5.70641 -61.0
0 1.19651 -54.0
1 6.13592 -54.5
2 5.74322 -61.0
1 6.16047 -54.5
0 1.24559 -53.5
2 5.75550 -61.5
0 1.19037 -53.5
1 6.12365 -54.5
2 5.66959 -61.0
2 5.65119 -62.0
1 6.12365 -54.5
0 1.19651 -54.5
1 6.14819 -54.5
0 1.23332 -54.0
2 5.75550 -61.5
0 1.19651 -54.5
1 6.14819 -54.0
2 5.63891 -62.0
2 5.73709 -61.5
0 1.22718 -54.0
1 6.12365 -54.5
0 1.25786 -54.0
1 6.13592 -54.5
2 5.68800 -61.5
2 5.72482 -61.5
0 1.20878 -54.0
1 6.12365 -54.5
0 1.15355 -54.0
1 6.13592 -54.0
2 5.79231 -60.5
0 1.19651 -54.0
1 6.11138 -54.5
