1 6.05002 -52.0
0 1.40513 -47.0
2 6.00093 -58.0
3 1.65670 -63.0
0 1.39899 -47.0
1 6.02548 -52.0
2 5.96412 -58.5
3 1.55239 -62.5
0 1.41126 -47.0
1 6.03775 -51.5
2 5.90276 -57.5
3 1.49717 -63.5
0 1.39285 -47.0
1 5.99480 -52.0
2 5.95798 -58.0
3 1.81623 -63.5
2 5.98866 -57.5
0 1.41126 -47.5
1 6.03161 -52.0
3 1.67511 -63.5
3 1.79169 -63.0
0 1.41740 -47.0
1 6.01934 -52.0
2 5.92117 -58.5
0 1.44194 -47.5
1 6.02548 -51.5
2 6.00093 -58.0
3 1.68738 -63.0
0 1.43581 -47.0
2 5.97025 -57.5
1 6.01934 -52.0
3 1.57693 -63.5
0 1.42967 -47.0
1 6.05002 -52.0
2 5.98866 -58.0
3 1.54625 -63.0
1 6.01934 -52.0
0 1.41740 -47.5
2 5.93957 -57.5
3 1.44808 -62.5
0 1.43581 -47.0
1 5.98866 -52.0
2 6.05002 -58.0
3 1.65056 -62.5
0 1.46035 -47.0
1 6.00707 -52.0
2 6.06229 -58.5
3 1.60148 -63.0
0 1.44808 -47.0
1 6.00093 -51.5
2 5.98866 -58.0
3 1.52784 -62.5
1 6.02548 -52.0
0 1.46649 -47.0
2 5.93957 -58.0
3 1.70579 -63.0
0 1.41740 -47.0
1 6.05002 -52.0
2 6.02548 -58.0
3 1.54012 -62.5
0 1.46649 -47.0
1 6.02548 -51.5
2 6.03161 -58.0
3 1.65056 -62.5
0 1.43581 -47.0
3 1.48489 -62.0
2 6.00707 -58.0
1 6.04388 -52.0
0 1.48489 -47.0
1 6.03775 -52.0
2 6.03775 -57.5
3 1.63829 -63.0
1 6.01934 -52.0
0 1.42353 -46.5
2 6.04388 -58.0
3 1.48489 -63.0
0 1.47876 -47.0
1 6.06229 -52.0
2 5.98866 -58.5
3 1.78555 -63.0
0 1.44194 -47.0
1 6.03775 -52.0
2 6.02548 -57.5
3 1.63829 -63.5
2 5.99480 -58.5
0 1.46649 -47.0
1 6.01934 -51.5
3 1.60148 -62.5
1 6.03775 -51.5
0 1.43581 -47.0
2 6.05002 -58.0
3 1.67511 -63.5
1 6.03161 -52.0
0 1.44808 -47.0
2 6.00707 -57.5
3 1.35604 -62.5
0 1.43581 -47.0
1 6.03161 -51.5
2 5.94571 -58.0
3 1.67511 -63.0
0 1.46035 -47.5
1 6.00707 -52.0
2 5.98866 -57.5
3 1.61988 -62.5
0 1.43581 -47.0
1 6.03775 -51.5
2 6.00707 -58.0
3 1.66284 -63.5
1 5.99480 -51.5
0 1.46035 -47.0
2 5.87821 -57.5
3 1.52171 -63.0
1 6.01320 -51.5
0 1.41126 -47.0
2 6.00707 -58.0
3 1.70579 -63.0
0 1.42967 -47.0
1 6.05002 -51.5
2 6.02548 -58.0
3 1.58307 -62.5
0 1.44194 -47.5
1 6.06843 -51.5
2 6.03775 -58.0
3 1.52784 -62.0
0 1.46035 -47.0
3 1.55239 -63.0
1 6.00707 -51.5
2 6.03775 -58.0
0 1.46035 -47.0
1 5.99480 -52.0
2 5.81072 -58.0
3 1.38058 -62.5
0 1.44194 -47.0
1 6.02548 -52.0
2 5.99480 -58.0
3 1.52784 -62.0
0 1.48489 -47.0
1 6.01320 -51.5
2 5.99480 -57.5
3 1.73033 -62.0
0 1.43581 -47.0
1 6.05616 -52.0
2 6.00093 -59.0
3 1.69351 -63.0
0 1.42967 -47.0
1 6.00707 -52.0
2 5.92117 -58.0
3 1.66284 -62.5
0 1.46035 -47.0
1 6.04388 -51.5
2 6.03161 -58.0
3 1.71192 -62.0
0 1.42967 -47.0
1 6.05002 -52.0
2 5.99480 -57.5
3 1.79169 -62.5
1 6.01934 -51.5
0 1.39285 -47.0
2 6.04388 -58.0
3 1.58920 -62.5
0 1.47262 -47.0
1 6.05002 -52.0
2 6.00707 -58.0
3 1.71806 -62.5
0 1.44194 -47.0
1 6.01934 -52.0
2 6.04388 -58.0
3 1.60761 -63.0
2 5.99480 -57.5
0 1.47262 -47.0
1 6.05002 -52.0
3 1.65056 -63.5
1 6.03775 -52.0
0 1.47262 -47.0
2 5.92730 -57.5
3 1.54625 -62.5
0 1.47262 -47.0
1 6.02548 -52.0
2 6.01320 -58.0
3 1.79169 -63.0
1 6.06229 -52.0
0 1.48489 -47.0
2 5.99480 -58.5
3 1.61375 -63.0
0 1.46649 -47.0
1 6.01320 -52.0
2 5.98866 -58.0
3 1.67511 -62.5
1 6.03775 -51.5
0 1.46649 -47.0
2 6.04388 -58.0
3 1.70579 -63.0
0 1.44808 -47.0
1 6.01934 -52.0
2 5.97639 -58.0
3 1.66284 -62.5
0 1.47876 -47.0
1 6.05002 -51.5
2 6.00093 -57.5
3 1.61988 -62.5
0 1.42967 -47.0
1 6.01934 -52.0
2 5.95185 -58.5
3 1.62602 -63.0
3 1.43581 -62.5
0 1.46035 -47.0
1 6.00093 -52.0
2 5.95798 -58.0
0 1.46035 -47.0
1 6.02548 -51.5
2 5.99480 -58.0
3 1.64443 -63.0
2 6.00093 -58.0
0 1.44194 -47.0
1 6.03775 -52.0
3 1.66284 -62.5
2 5.92117 -57.5
0 1.46035 -47.0
1 6.00707 -52.0
3 1.51557 -62.0
3 1.72419 -63.0
0 1.46035 -47.0
1 6.00707 -52.0
2 5.96412 -58.0
0 1.41740 -47.0
1 6.04388 -51.5
2 5.98866 -58.0
3 1.60148 -62.5
2 5.97025 -58.0
0 1.42967 -47.0
1 6.01934 -52.0
3 1.75487 -62.5
0 1.45421 -47.0
1 6.03775 -51.5
2 5.98253 -58.5
3 1.57693 -62.5
1 6.00707 -51.5
0 1.49717 -47.0
2 5.99480 -58.0
3 1.60148 -63.0
2 6.01320 -57.5
0 1.44194 -47.0
1 6.02548 -52.0
3 1.54012 -62.5
0 1.46649 -47.0
1 6.03775 -51.5
2 6.01934 -58.0
3 1.50944 -63.0
0 1.46649 -47.0
1 6.02548 -51.5
2 6.00093 -58.0
3 1.46035 -63.0
0 1.46035 -47.0
1 5.99480 -52.0
2 6.01934 -58.0
3 1.64443 -63.0
0 1.45421 -47.0
1 6.02548 -51.5
2 6.03161 -58.0
3 1.70579 -62.0
0 1.46035 -47.0
1 6.02548 -51.5
2 6.05002 -58.0
3 1.70579 -62.5
0 1.47876 -47.0
1 6.02548 -52.0
2 6.00707 -58.0
3 1.61988 -63.0
0 1.47876 -47.0
1 6.01320 -51.5
2 6.01320 -58.0
3 1.76715 -63.0
0 1.50944 -47.0
2 5.98866 -57.5
1 6.03161 -52.0
3 1.59534 -63.0
0 1.47876 -47.0
1 6.00093 -52.0
2 6.02548 -58.0
3 1.63829 -63.0
2 5.97639 -58.0
0 1.44808 -47.0
1 6.05616 -52.0
3 1.69351 -63.0
3 1.74260 -63.0
0 1.48489 -47.0
1 6.05002 -51.5
2 5.97025 -58.5
0 1.46649 -47.0
1 6.06229 -52.0
2 5.83526 -58.5
3 1.75487 -62.5
0 1.45421 -47.0
3 1.63216 -62.0
1 6.04388 -52.0
2 5.94571 -58.0
0 1.44194 -47.0
3 1.62602 -63.5
1 6.01320 -52.0
2 5.94571 -58.5
2 5.98253 -58.0
0 1.44808 -47.0
1 6.01320 -51.5
3 1.56466 -62.5
2 5.95185 -58.5
0 1.45421 -47.0
1 5.98866 -51.5
3 1.60761 -62.5
0 1.47262 -47.0
1 6.01320 -52.0
2 5.98866 -58.5
3 1.59534 -63.0
2 5.97025 -58.0
0 1.43581 -47.0
1 6.06229 -51.5
3 1.73033 -63.0
0 1.44808 -47.0
1 6.00707 -52.0
0 1.41740 -47.0
1 6.01934 -52.0
2 5.98253 -58.0
3 1.66897 -62.5
1 6.00093 -51.5
0 1.44194 -47.5
2 6.02548 -57.5
3 1.68738 -62.5
0 1.47262 -47.0
1 6.03775 -51.5
2 5.94571 -58.0
3 1.68738 -62.5
0 1.43581 -47.0
1 6.02548 -51.5
2 5.94571 -57.5
3 1.66897 -62.5
0 1.44194 -47.0
2 5.89662 -57.5
1 6.00707 -51.5
3 1.65670 -62.5
0 1.42967 -47.0
1 6.01320 -51.5
2 5.97639 -58.0
3 1.64443 -62.0
1 6.06229 -51.5
0 1.42353 -47.0
2 6.01320 -58.5
3 1.68124 -62.5
3 1.61375 -62.0
0 1.44194 -47.0
1 6.02548 -51.5
2 5.97639 -58.5
0 1.41740 -47.0
1 6.03161 -52.0
2 5.98866 -58.0
3 1.72419 -62.5
0 1.42353 -47.0
1 6.01934 -51.5
2 6.00093 -58.0
3 1.63829 -62.5
2 5.93957 -58.0
0 1.47876 -47.0
1 6.05616 -51.5
3 1.76101 -62.5
1 6.01320 -52.0
0 1.44808 -47.0
2 5.95185 -58.0
3 1.63216 -62.5
2 5.96412 -58.0
0 1.44194 -47.5
1 6.03775 -51.5
3 1.64443 -62.0
0 1.45421 -47.0
1 6.06229 -52.0
2 5.98866 -58.0
3 1.66284 -63.0
0 1.43581 -47.0
1 6.03775 -51.5
2 5.95185 -58.0
3 1.61375 -62.5
1 6.00707 -52.0
0 1.42967 -47.0
2 5.92730 -58.0
3 1.58920 -63.0
0 1.46649 -47.5
1 6.04388 -51.5
2 6.02548 -58.0
3 1.64443 -63.0
0 1.39899 -47.0
1 6.00707 -51.5
2 6.01320 -58.0
3 1.71806 -62.5
0 1.44194 -47.0
3 1.58920 -63.0
1 6.01934 -51.5
2 5.91503 -58.0
0 1.42967 -47.0
1 6.05616 -51.5
2 6.01320 -58.5
3 1.71192 -63.0
2 5.92117 -58.0
0 1.41740 -47.5
1 6.04388 -52.0
3 1.71192 -63.0
0 1.42353 -47.0
2 5.98866 -58.0
1 6.02548 -51.5
3 1.64443 -62.5
0 1.42967 -47.0
1 6.01934 -52.0
2 5.92730 -57.5
3 1.74874 -62.5
2 5.99480 -58.5
0 1.41740 -47.5
1 6.05616 -51.5
3 1.63216 -63.0
0 1.42353 -47.0
1 6.03161 -51.5
2 6.00093 -58.0
3 1.76101 -62.5
0 1.41126 -47.0
3 1.82237 -62.5
1 6.05616 -52.0
2 6.00093 -58.0
0 1.43581 -47.5
1 6.01934 -52.0
2 6.03775 -58.0
3 1.69351 -62.5
0 1.44808 -47.0
1 6.05616 -52.0
2 6.02548 -57.5
3 1.75487 -62.5
0 1.47262 -47.5
1 6.03775 -52.0
3 1.71192 -62.5
