0 1.39285 -50.0
1 6.25864 -52.5
2 5.94571 -59.5
1 6.22183 -52.5
0 1.38672 -50.5
2 6.01934 -59.5
0 1.34990 -50.5
1 6.24023 -52.5
2 6.01320 -60.0
0 1.34990 -50.0
1 0.00000 -52.5
2 6.03161 -60.5
0 1.35604 -50.0
1 6.22183 -52.5
2 5.98253 -60.5
0 1.37445 -50.5
1 6.26478 -52.5
2 5.87208 -60.5
0 1.34990 -50.5
1 6.19115 -52.5
2 5.96412 -60.5
1 6.25251 -52.5
0 1.36217 -50.0
2 5.94571 -60.5
0 1.34990 -50.0
1 6.22796 -53.0
2 5.87821 -59.5
1 6.26478 -52.5
0 1.38058 -50.5
2 5.95798 -60.0
2 5.96412 -60.0
0 1.39899 -50.0
1 6.26478 -53.0
1 6.26478 -52.5
0 1.36217 -50.5
2 5.90889 -60.0
1 6.26478 -52.5
0 1.38672 -50.5
2 5.94571 -60.0
0 1.39285 -50.0
1 6.26478 -52.5
2 5.95798 -59.5
0 1.37445 -50.5
1 0.03682 -53.0
2 5.94571 -60.0
1 6.25864 -52.5
0 1.36217 -50.5
2 5.95185 -59.5
0 1.37445 -50.0
1 6.27091 -52.5
2 5.90276 -60.5
0 1.40513 -50.5
1 6.25864 -53.0
2 5.97025 -60.0
1 6.27091 -52.5
0 1.37445 -50.0
2 5.93957 -59.5
1 6.24637 -52.5
0 1.38672 -50.5
2 5.98866 -60.0
0 1.39285 -50.0
1 6.24637 -53.0
2 6.00707 -60.0
2 6.00093 -60.0
0 1.39899 -50.5
1 6.22796 -52.5
0 1.37445 -50.5
1 6.25864 -53.0
2 5.94571 -60.5
0 1.41126 -50.0
1 6.25864 -52.5
2 5.96412 -60.0
0 1.36217 -50.0
1 6.26478 -53.0
2 6.00093 -60.0
1 6.24023 -52.5
0 1.39285 -50.5
2 5.95185 -60.0
0 1.36217 -50.0
1 6.27091 -53.0
2 5.97025 -59.5
0 1.40513 -50.5
1 6.27705 -52.5
2 5.94571 -59.5
0 1.40513 -50.0
1 6.23410 -52.5
2 5.95185 -59.5
2 5.93344 -60.5
1 6.27091 -52.5
0 1.38058 -50.0
1 6.27705 -52.5
0 1.39899 -50.5
2 5.98253 -60.0
1 6.24023 -53.0
0 1.39285 -50.5
2 5.92730 -60.5
0 1.38672 -50.5
1 0.00614 -52.5
2 5.99480 -60.0
1 6.25864 -53.0
0 1.34990 -50.5
2 6.03775 -59.5
1 6.25864 -52.5
0 1.35604 -50.0
2 6.00093 -60.0
1 6.25251 -52.5
0 1.37445 -50.5
2 5.89049 -59.5
0 1.38672 -50.5
1 0.01227 -52.5
2 5.95185 -59.5
1 6.26478 -53.0
0 1.40513 -50.0
2 5.96412 -60.0
0 1.37445 -50.5
1 6.25251 -52.5
2 5.99480 -59.5
0 1.38058 -50.0
1 6.25864 -53.0
2 5.95185 -60.5
0 1.42967 -50.5
1 6.25251 -52.5
2 5.94571 -60.0
0 1.41740 -50.5
1 6.22183 -52.5
2 5.99480 -59.5
0 1.38058 -50.5
1 6.24023 -52.5
2 5.94571 -60.5
1 6.25251 -53.0
0 1.38058 -50.5
2 5.89049 -60.5
0 1.40513 -50.5
1 6.25864 -53.0
2 5.93957 -60.0
1 6.25864 -52.5
0 1.33763 -50.5
2 5.94571 -60.5
1 6.24637 -52.5
0 1.35604 -50.5
2 5.93344 -60.0
0 1.35604 -50.5
1 0.00000 -53.0
2 5.95798 -59.5
0 1.38058 -50.0
1 6.24637 -53.0
2 6.05616 -60.0
0 1.36831 -50.0
1 6.24023 -53.0
2 6.01934 -60.5
0 1.36217 -50.0
1 0.00000 -52.5
2 5.95185 -60.0
1 6.25251 -52.5
0 1.39285 -50.5
2 6.00093 -60.0
2 6.03161 -60.0
0 1.38058 -50.0
1 6.27091 -52.5
0 1.36831 -50.5
1 6.26478 -52.5
2 5.92730 -60.0
0 1.35604 -50.0
1 6.24023 -53.0
2 5.97639 -59.5
0 1.39285 -50.5
1 6.25864 -52.5
2 6.01320 -60.0
2 6.05002 -60.0
1 6.22183 -52.5
0 1.40513 -50.5
0 1.38672 -50.0
1 6.23410 -53.0
2 5.95185 -60.0
2 6.00707 -60.5
0 1.39899 -50.5
1 6.26478 -53.0
0 1.36217 -50.0
1 0.00000 -53.0
2 6.00707 -60.0
0 1.41126 -50.5
1 6.24637 -52.5
2 6.01320 -60.0
0 1.39285 -50.0
1 6.24637 -52.5
2 6.00707 -60.0
0 1.35604 -50.0
1 6.24637 -52.5
2 5.89049 -60.5
1 0.01227 -52.5
0 1.36831 -50.0
2 5.92730 -60.0
0 1.38672 -50.0
1 6.25864 -52.5
2 6.03161 -59.5
0 1.38058 -50.0
1 6.23410 -52.5
2 6.05002 -60.5
2 5.90889 -60.0
0 1.38058 -50.0
1 6.24637 -52.5
1 6.22796 -52.5
0 1.39899 -50.0
2 6.03775 -60.0
0 1.39285 -50.5
1 6.25251 -52.5
2 6.05002 -60.0
0 1.44194 -50.5
1 6.27091 -52.5
2 6.09911 -60.0
1 6.25251 -52.5
0 1.36217 -50.5
2 5.98866 -60.0
2 5.97025 -60.0
0 1.34990 -50.0
1 6.27091 -53.0
0 1.37445 -50.0
1 6.22796 -52.5
2 5.93957 -60.0
0 1.38058 -50.0
1 0.00614 -53.0
2 5.98866 -60.0
1 6.26478 -53.0
0 1.36831 -50.5
2 6.03775 -60.5
0 1.36831 -50.5
1 6.25864 -52.5
2 6.00093 -60.5
1 0.00000 -52.5
0 1.36831 -50.5
2 5.95798 -60.0
1 6.22796 -52.5
0 1.38672 -50.0
2 5.98866 -60.0
0 1.38672 -50.5
1 6.26478 -52.5
2 6.00093 -60.0
0 1.38672 -50.5
1 6.26478 -52.5
2 5.97025 -60.0
0 1.34990 -50.0
1 6.24023 -52.5
2 6.03161 -60.0
0 1.36217 -50.0
1 6.23410 -53.0
2 5.90276 -60.5
0 1.38672 -50.0
1 6.24023 -53.0
2 5.99480 -60.5
0 1.36217 -50.0
1 6.25251 -53.0
2 5.91503 -60.0
2 5.97025 -59.5
0 1.34377 -50.5
1 0.02454 -53.0
0 1.31922 -50.5
1 0.00614 -53.0
2 6.03775 -60.0
2 6.04388 -60.5
0 1.36831 -50.0
1 6.24637 -52.5
0 1.36831 -50.5
1 0.03068 -53.0
2 5.99480 -60.0
0 1.35604 -50.0
1 0.01227 -52.5
2 6.05002 -60.5
0 1.35604 -50.5
1 6.25251 -52.5
2 6.07456 -60.5
0 1.36217 -50.5
1 6.25251 -52.5
2 6.01320 -60.0
0 1.39285 -50.0
1 6.26478 -53.0
2 6.03161 -60.5
0 1.38058 -50.5
1 6.27091 -53.0
2 6.02548 -60.0
0 1.36831 -50.0
1 6.25251 -53.0
2 6.04388 -60.0
1 6.27091 -52.5
0 1.39285 -50.0
2 5.93957 -60.0
1 6.22183 -53.0
0 1.37445 -50.0
2 6.04388 -60.0
1 6.25864 -52.5
0 1.36831 -50.5
2 5.93344 -60.0
1 6.22796 -52.5
0 1.40513 -50.5
2 5.95185 -60.0
0 1.32536 -50.5
1 6.25251 -52.5
2 5.98253 -60.5
0 1.38672 -50.5
2 5.95798 -60.5
0 1.38058 -50.5
1 6.27091 -53.0
0 1.42353 -50.0
1 6.26478 -53.0
2 6.01934 -60.0
0 1.39899 -50.0
1 6.26478 -53.0
2 5.96412 -59.5
0 1.34990 -50.5
1 6.25251 -52.5
2 5.89662 -60.0
0 1.34990 -50.5
1 6.27091 -52.5
2 5.97639 -60.0
0 1.38672 -50.0
1 6.25251 -52.5
2 6.00707 -60.5
2 6.03775 -59.5
1 0.00000 -52.5
0 1.38058 -50.5
0 1.35604 -50.5
1 6.24023 -52.5
2 5.97025 -60.5
2 6.00707 -60.0
1 6.25864 -52.5
0 1.38672 -50.5
1 6.26478 -52.5
0 1.38058 -50.0
2 5.92117 -59.5
1 6.27091 -52.5
0 1.38672 -51.0
2 5.97025 -60.0
0 1.37445 -50.0
1 6.24023 -53.0
2 6.00707 -60.0
2 5.95798 -60.0
1 6.24637 -52.5
0 1.35604 -50.0
1 6.25251 -53.0
0 1.39285 -50.0
2 5.93957 -60.0
0 1.34990 -50.5
1 6.24023 -53.0
2 5.98866 -61.0
1 6.24637 -52.5
0 1.39285 -50.5
2 6.01320 -60.0
0 1.38058 -50.5
1 6.24637 -52.5
2 5.92730 -60.5
0 1.36831 -50.0
1 6.25251 -53.0
2 6.02548 -60.0
0 1.39285 -50.5
1 0.00614 -52.5
2 5.92730 -60.5
2 5.98866 -59.5
0 1.39899 -50.0
1 6.26478 -52.5
1 0.00614 -53.0
0 1.34990 -50.0
2 5.98866 -60.0
0 1.34990 -50.0
1 6.26478 -53.0
2 5.95798 -60.5
0 1.41740 -50.0
1 6.24023 -53.0
2 5.98866 -60.0
2 5.92117 -60.5
1 6.26478 -52.5
0 1.38058 -51.0
2 5.92730 -60.0
1 6.25864 -52.5
0 1.39899 -50.0
1 6.25251 -53.0
0 1.38672 -50.5
2 5.98866 -60.0
1 6.26478 -52.5
0 1.33150 -50.0
2 5.87821 -59.5
2 5.98253 -60.5
0 1.37445 -50.5
1 6.25251 -52.5
1 0.00000 -52.5
0 1.37445 -50.0
2 5.95798 -60.0
0 1.36831 -50.0
1 6.20342 -52.5
2 5.93957 -60.0
2 5.93957 -60.5
1 6.24023 -52.5
0 1.30082 -50.0
0 1.38058 -50.5
1 6.25864 -52.5
2 6.03161 -60.5
0 1.35604 -50.5
1 6.25864 -52.5
2 6.04388 -60.5
0 1.36217 -50.5
1 6.22183 -52.5
2 5.96412 -60.0
1 6.24637 -52.5
0 1.36217 -50.5
2 5.96412 -60.5
1 6.25864 -52.5
0 1.38672 -50.0
2 5.98253 -60.0
0 1.35604 -50.0
1 6.24637 -52.5
2 5.97639 -59.5
1 6.25251 -53.0
0 1.36217 -50.0
2 5.97025 -60.0
1 0.00000 -53.0
0 1.36831 -50.5
2 5.98253 -60.5
1 6.25864 -52.5
0 1.36831 -50.5
2 5.94571 -60.5
2 5.94571 -60.0
0 1.38058 -50.5
1 0.00614 -53.0
