2 6.16047 -59.5
0 1.33150 -48.0
1 6.25251 -52.5
0 1.36831 -48.0
1 6.22183 -52.0
2 6.20342 -59.5
0 1.34990 -48.0
1 6.22796 -52.0
2 6.03775 -59.5
0 1.34377 -48.0
1 6.25251 -52.0
2 6.18501 -59.0
0 1.36831 -48.0
1 6.27705 -52.0
2 6.03161 -59.5
0 1.36831 -48.0
1 6.22183 -51.5
2 6.17887 -60.0
1 6.23410 -52.0
0 1.33763 -48.0
2 6.09297 -59.0
1 6.22183 -52.0
0 1.33763 -48.0
2 6.14819 -59.5
0 1.34377 -48.0
1 6.25251 -51.5
2 6.03161 -59.0
0 1.34377 -48.5
1 6.22183 -52.0
2 6.14819 -59.0
0 1.36831 -48.0
1 6.27091 -52.0
2 6.20342 -59.5
1 6.21569 -52.0
0 1.37445 -48.5
2 6.14206 -60.0
0 1.33150 -48.5
1 6.26478 -52.0
2 6.03775 -59.5
2 6.06229 -60.0
0 1.36217 -48.0
1 6.22796 -52.0
0 1.36217 -48.0
1 6.24023 -52.0
2 6.09297 -59.0
2 6.12979 -59.5
1 6.23410 -52.0
0 1.33763 -48.0
0 1.38058 -48.0
1 6.24023 -52.0
2 6.09297 -59.5
2 6.06843 -59.5
0 1.36217 -48.5
1 6.22796 -52.0
2 6.10524 -59.5
0 1.38672 -48.0
1 6.22183 -52.0
1 6.24637 -52.0
0 1.34990 -48.0
2 6.13592 -59.5
0 1.38058 -48.5
1 6.21569 -52.0
2 6.09297 -59.0
2 6.09297 -60.0
0 1.33763 -48.5
1 6.22796 -52.0
0 1.38672 -48.0
1 6.24023 -52.0
2 6.16047 -60.0
0 1.36831 -48.0
1 6.24637 -52.0
2 6.07456 -59.5
0 1.34377 -48.0
1 6.22183 -52.0
2 6.06843 -59.5
1 6.22183 -52.0
0 1.40513 -48.5
2 6.09911 -59.0
0 1.38058 -48.5
1 6.26478 -52.0
2 6.12979 -59.5
2 6.13592 -59.5
0 1.33150 -48.5
1 6.25251 -52.0
0 1.37445 -48.5
1 6.25251 -52.0
2 6.11752 -59.5
0 1.38058 -48.5
1 6.21569 -52.0
2 6.13592 -60.0
0 1.30695 -48.5
1 6.20955 -52.0
2 6.12979 -60.0
1 6.22796 -52.0
0 1.39285 -48.5
2 6.08684 -60.0
1 6.23410 -52.0
0 1.36217 -48.5
2 6.18501 -59.5
1 6.22183 -52.0
0 1.39285 -48.5
2 6.10524 -59.5
0 1.34990 -48.5
1 6.24637 -52.0
2 6.09297 -59.5
1 6.27705 -52.0
0 1.33763 -48.5
2 6.08684 -60.0
0 1.34377 -48.5
1 6.25251 -51.5
2 6.09911 -59.5
0 1.37445 -48.5
1 6.22796 -52.0
2 6.09297 -59.5
0 1.31922 -48.0
1 6.22183 -52.0
2 6.18501 -59.5
2 6.09911 -59.5
0 1.38058 -48.0
1 6.22796 -52.0
0 1.36217 -48.5
1 6.23410 -52.0
2 6.18501 -59.5
0 1.44808 -48.5
1 6.25251 -52.0
2 6.12365 -59.5
0 1.37445 -48.0
1 6.20342 -52.0
2 6.07456 -59.5
0 1.35604 -48.5
1 6.22183 -52.0
2 6.16047 -59.5
0 1.36217 -48.0
1 6.20955 -52.0
2 6.14819 -59.5
1 6.24637 -52.0
0 1.39285 -48.5
2 6.02548 -59.5
1 6.22796 -51.5
0 1.36831 -48.0
2 6.09297 -59.5
0 1.33150 -48.5
1 6.20955 -52.0
2 6.14819 -59.5
0 1.37445 -48.0
1 6.24023 -52.0
2 6.06229 -60.0
2 6.16660 -59.5
0 1.34377 -48.5
1 6.24637 -52.0
0 1.39285 -48.0
1 6.25251 -52.0
2 6.09297 -59.5
0 1.35604 -48.5
1 6.22183 -52.0
2 6.01934 -59.0
0 1.35604 -48.0
1 6.22183 -52.0
2 6.13592 -59.5
0 1.37445 -48.0
1 6.25251 -52.0
2 6.12979 -59.5
1 6.20955 -52.0
0 1.36217 -48.0
2 6.03161 -59.5
1 6.20955 -52.0
0 1.37445 -48.5
2 6.11138 -60.0
0 1.37445 -48.5
2 6.04388 -60.0
1 6.26478 -52.0
1 6.23410 -51.5
0 1.37445 -48.0
2 6.02548 -59.5
0 1.36217 -48.5
1 6.23410 -52.0
2 6.11752 -59.0
0 1.35604 -48.5
1 6.22796 -52.0
2 6.09297 -59.5
0 1.38672 -48.0
1 6.22796 -51.5
2 6.11138 -59.5
1 6.18501 -52.0
0 1.35604 -48.5
2 6.07456 -59.0
0 1.42967 -48.5
1 6.24023 -52.0
2 6.06843 -59.0
0 1.39285 -48.5
1 6.22183 -52.0
2 6.09297 -59.5
0 1.38058 -48.0
1 6.22796 -52.0
2 6.12365 -59.5
1 6.19115 -52.0
0 1.39899 -48.5
2 6.09911 -59.0
1 6.21569 -52.0
0 1.37445 -48.0
2 6.07456 -60.0
2 6.04388 -59.5
0 1.38058 -48.5
1 6.22796 -51.5
1 6.22796 -52.0
0 1.38672 -48.5
2 6.14819 -60.0
2 6.10524 -59.0
0 1.38672 -48.5
1 6.20342 -52.0
2 6.10524 -59.5
0 1.38672 -48.0
1 6.25864 -52.0
0 1.36831 -48.5
2 6.16660 -59.5
1 6.22183 -52.0
0 1.42353 -48.5
1 6.22796 -52.0
2 6.11752 -59.5
0 1.41126 -48.5
1 6.24023 -52.0
2 6.11752 -59.0
1 6.24023 -52.0
0 1.37445 -48.0
2 6.09297 -59.0
2 6.03775 -59.5
0 1.41126 -48.5
1 6.19115 -52.0
0 1.37445 -48.5
1 6.20955 -52.0
2 6.10524 -59.5
0 1.36831 -48.5
1 6.24637 -52.0
2 6.07456 -59.5
2 6.01320 -59.5
0 1.38672 -48.5
1 6.25864 -51.5
2 6.10524 -59.5
0 1.38058 -48.0
1 6.22796 -52.0
0 1.36217 -48.5
1 6.24023 -52.0
2 6.07456 -59.5
0 1.39285 -48.5
1 6.21569 -52.0
2 6.08070 -59.5
0 1.43581 -48.5
1 6.25251 -52.0
2 6.15433 -59.5
0 1.34990 -48.5
1 6.19728 -52.0
2 6.05002 -59.5
1 6.24637 -52.0
0 1.41126 -48.5
2 6.06843 -59.5
1 6.24637 -52.0
0 1.40513 -48.5
2 6.13592 -59.5
0 1.39285 -48.0
1 6.23410 -52.0
2 6.10524 -59.0
0 1.39285 -48.5
1 6.20342 -52.0
2 6.11752 -60.0
0 1.38672 -48.5
1 6.25251 -52.5
2 6.11752 -59.5
1 6.24637 -52.0
0 1.38058 -48.5
2 6.07456 -59.0
1 6.20342 -52.0
0 1.38672 -48.5
2 6.09297 -60.0
2 6.11752 -59.0
1 6.24023 -52.0
0 1.38672 -48.0
2 6.06843 -59.5
0 1.36831 -48.5
1 6.24023 -52.0
1 6.21569 -51.5
0 1.37445 -48.0
2 6.14206 -59.0
0 1.36831 -48.5
1 6.18501 -52.0
2 6.08684 -59.5
0 1.36831 -48.5
1 6.23410 -52.0
2 6.07456 -59.0
2 6.14206 -59.5
0 1.36831 -48.0
1 6.21569 -52.0
0 1.38058 -48.5
1 6.22796 -52.0
2 6.08684 -59.0
0 1.39285 -48.0
1 6.24637 -52.0
2 6.13592 -59.5
1 6.24023 -52.0
1 6.22796 -52.0
0 1.35604 -48.0
2 6.12979 -59.5
1 6.25864 -52.0
0 1.38058 -48.5
2 6.03775 -59.5
0 1.40513 -48.5
1 6.22183 -52.0
2 6.08684 -59.5
0 1.35604 -48.0
1 6.21569 -52.0
2 6.09911 -60.0
0 1.37445 -48.5
1 6.22796 -52.0
2 6.12365 -59.5
0 1.37445 -48.5
1 6.22796 -52.0
2 6.09911 -60.5
2 6.09297 -59.5
0 1.36217 -48.0
1 6.22796 -52.0
0 1.34377 -48.5
1 6.23410 -51.5
2 6.06843 -59.5
2 6.11752 -59.5
0 1.36217 -48.5
1 6.21569 -52.0
0 1.36831 -48.5
1 6.23410 -52.0
2 6.17274 -60.5
2 6.05616 -60.0
0 1.36217 -48.5
1 6.26478 -52.0
0 1.42353 -48.5
1 6.25864 -52.0
2 6.13592 -59.5
0 1.37445 -48.5
1 6.21569 -52.0
2 6.08070 -59.5
0 1.35604 -48.5
1 6.20955 -52.0
2 6.17887 -59.0
0 1.35604 -48.5
1 6.24637 -52.0
2 6.06843 -59.5
0 1.39899 -48.5
1 6.23410 -52.0
2 6.08070 -60.0
0 1.38058 -48.0
1 6.24637 -52.0
2 6.04388 -60.0
1 6.22796 -52.0
0 1.34377 -48.5
2 6.07456 -59.5
0 1.37445 -48.5
1 6.22183 -52.0
2 6.12365 -59.0
2 6.03161 -59.5
0 1.38672 -48.0
1 6.22796 -52.0
0 1.38058 -48.5
1 6.23410 -52.0
2 6.08070 -60.5
1 6.20955 -52.0
0 1.35604 -48.5
2 6.03161 -59.0
0 1.36831 -48.0
1 6.20955 -52.0
2 6.08070 -59.5
0 1.36831 -48.5
1 6.25251 -52.0
2 6.14206 -59.5
0 1.42967 -48.5
1 6.19728 -52.0
2 6.06229 -59.5
1 6.22796 -51.5
0 1.39899 -48.0
2 6.14206 -60.0
1 6.24637 -52.0
0 1.34377 -48.5
2 6.09911 -59.5
0 1.41126 -48.5
1 6.25864 -52.0
2 6.09911 -59.5
0 1.37445 -48.0
1 6.24637 -52.0
2 6.03775 -60.0
0 1.39285 -48.5
1 6.23410 -52.0
2 6.09911 -59.0
0 1.37445 -48.0
1 6.24023 -52.0
2 6.06843 -59.5
0 1.38058 -48.5
1 6.20955 -52.0
2 6.11752 -60.0
0 1.38672 -48.5
1 6.23410 -51.5
2 6.07456 -59.5
1 6.23410 -52.0
0 1.38058 -48.5
2 6.08684 -59.5
0 1.35604 -48.5
1 6.24023 -52.0
2 6.08070 -59.5
0 1.38672 -48.5
1 6.19728 -52.0
2 6.09297 -59.5
0 1.40513 -48.5
1 6.24023 -52.0
2 6.21569 -60.0
1 6.21569 -51.5
0 1.36831 -48.5
2 6.09297 -59.5
0 1.41740 -48.5
1 6.24637 -52.0
2 6.03161 -59.0
0 1.37445 -48.5
1 6.20955 -52.0
2 6.11752 -58.5
0 1.35604 -48.5
1 6.24023 -52.0
2 6.14206 -59.5
0 1.38058 -48.5
1 6.22183 -52.0
2 6.03161 -60.0
1 6.23410 -52.0
0 1.38058 -48.5
2 6.04388 -59.0
1 6.25251 -52.0
0 1.38672 -48.5
2 6.05616 -60.0
0 1.34377 -48.5
2 6.06229 -59.5
1 6.24637 -52.0
1 6.20955 -51.5
0 1.38058 -48.5
2 6.09297 -60.0
