0 1.34990 -47.5
1 0.01227 -52.0
2 6.25864 -58.5
3 2.09849 -67.0
0 1.34377 -47.5
1 6.23410 -52.0
2 0.07363 -58.5
3 2.00031 -66.0
0 1.34377 -47.5
1 6.24637 -52.0
2 0.07363 -59.0
3 2.00031 -67.0
0 1.36831 -48.0
1 6.23410 -52.0
2 6.26478 -58.5
3 2.13530 -66.5
0 1.36831 -48.0
2 0.01841 -59.0
1 6.24637 -52.0
3 2.27643 -66.5
0 1.37445 -48.0
3 1.87146 -67.5
1 6.25864 -52.5
2 0.06750 -59.5
0 1.34990 -47.5
1 0.00000 -52.5
2 0.06750 -59.0
3 1.79783 -66.5
0 1.34377 -47.5
1 6.25251 -52.0
2 6.24637 -59.0
3 2.02485 -67.0
0 1.33150 -48.0
1 6.26478 -52.5
2 0.09817 -59.0
3 2.04940 -66.5
0 1.37445 -47.5
1 6.24023 -52.0
2 0.02454 -58.5
3 2.15984 -67.0
0 1.35604 -47.5
1 6.26478 -52.0
2 0.00614 -59.0
3 1.71192 -67.0
0 1.34990 -48.0
2 0.03068 -59.0
1 6.24637 -52.0
3 2.08621 -66.5
0 1.34990 -47.5
1 6.23410 -52.0
2 6.26478 -59.0
3 1.69351 -65.0
0 1.36217 -47.5
1 6.23410 -52.0
2 0.06136 -59.0
3 1.87146 -67.0
0 1.33763 -47.5
1 6.24637 -52.0
2 0.03682 -58.5
3 1.81010 -67.0
0 1.36217 -48.0
1 6.27091 -52.0
2 0.03682 -58.5
3 1.89600 -67.0
0 1.33763 -48.0
2 0.07977 -59.0
1 6.20955 -52.0
3 2.04326 -66.5
0 1.37445 -48.0
1 6.25251 -52.5
2 0.04909 -59.5
3 2.08008 -66.5
2 6.27705 -58.5
0 1.35604 -47.5
1 6.25251 -52.5
3 2.01258 -67.0
0 1.34990 -47.5
1 6.27091 -52.0
2 0.04909 -58.5
3 2.33779 -66.0
0 1.36831 -47.5
2 0.08590 -59.0
1 6.24023 -52.0
3 2.10462 -67.0
1 6.24637 -52.0
0 1.36831 -48.0
2 0.10431 -58.0
3 2.20893 -67.0
1 6.24637 -52.0
0 1.34990 -47.5
2 0.03068 -58.5
3 2.01258 -66.5
1 6.27705 -52.0
0 1.36217 -47.5
2 6.27705 -58.5
3 2.11076 -66.5
0 1.34377 -47.5
1 0.01227 -52.5
2 0.02454 -59.5
3 2.11689 -67.0
2 0.05522 -59.0
0 1.37445 -47.5
1 6.25251 -52.0
3 2.04940 -66.5
1 6.26478 -52.0
0 1.37445 -48.0
2 0.01227 -59.0
3 2.01872 -66.0
0 1.36217 -48.0
1 6.25251 -52.0
2 0.05522 -59.0
3 1.93282 -67.5
1 6.21569 -52.0
0 1.36217 -48.0
2 0.00614 -59.0
3 2.09849 -66.5
1 6.22183 -52.0
0 1.34990 -47.5
2 0.12272 -59.0
3 2.07394 -66.5
1 6.22796 -52.0
0 1.36831 -47.5
2 6.27705 -58.5
3 2.05553 -67.5
2 6.25864 -59.0
0 1.36217 -48.0
1 0.00614 -52.5
3 2.05553 -65.5
1 6.23410 -52.5
0 1.36217 -48.0
2 0.03682 -59.5
3 2.08008 -67.0
1 6.24637 -52.0
0 1.38672 -48.0
2 0.08590 -59.0
3 2.07394 -66.5
0 1.36217 -48.0
1 6.26478 -52.0
2 6.24023 -59.5
3 2.03099 -67.0
0 1.37445 -47.5
1 6.27705 -52.5
2 0.00614 -58.5
3 2.10462 -66.5
3 2.00031 -67.0
0 1.34990 -47.5
1 6.24637 -52.0
2 0.09204 -59.0
2 6.24023 -59.0
0 1.37445 -48.0
1 6.23410 -52.0
3 2.23961 -67.5
3 2.18439 -67.0
0 1.37445 -48.0
1 6.23410 -52.5
2 0.05522 -58.5
1 6.22183 -52.0
0 1.34990 -47.5
2 0.01227 -59.0
3 2.05553 -66.5
1 6.25864 -52.0
0 1.36217 -48.0
2 6.25251 -59.0
3 2.00645 -66.0
3 2.19052 -66.0
0 1.38058 -47.5
1 6.24637 -52.0
2 0.00000 -59.0
0 1.38672 -47.5
1 6.25864 -52.0
2 0.06136 -59.0
3 2.04326 -66.5
0 1.36217 -48.0
1 6.20342 -52.0
2 0.01841 -59.0
3 2.09849 -67.0
0 1.38058 -47.5
1 6.26478 -52.5
2 0.04909 -59.0
3 1.93895 -67.0
2 6.25251 -59.0
1 6.27091 -52.0
0 1.39285 -48.0
3 2.16598 -67.5
2 0.06136 -59.0
0 1.40513 -48.0
1 6.22796 -52.5
3 2.26416 -67.0
1 6.22796 -52.0
0 1.39899 -47.5
2 0.03068 -59.0
3 1.93895 -66.5
0 1.38672 -48.0
1 0.00000 -52.0
2 0.07363 -58.5
3 2.11689 -66.5
1 6.22796 -52.0
0 1.38058 -47.5
2 0.04909 -58.5
3 2.17212 -66.5
0 1.38672 -48.0
1 6.25251 -52.0
2 6.27705 -59.0
3 1.99418 -66.5
0 1.33763 -48.0
1 0.03068 -52.0
2 0.12272 -58.5
3 2.18439 -66.5
0 1.37445 -48.0
1 6.24637 -52.0
2 0.01841 -58.5
3 2.06781 -66.0
0 1.37445 -48.0
1 6.21569 -51.5
2 0.01227 -59.0
3 1.95122 -67.0
1 6.22796 -52.0
0 1.39899 -47.5
2 0.03682 -59.0
3 2.12917 -66.5
1 6.20955 -52.0
0 1.34990 -48.0
2 0.04295 -58.5
3 1.81623 -66.5
0 1.36831 -47.5
1 6.22796 -52.5
2 0.08590 -58.5
3 2.01872 -66.0
0 1.39899 -47.5
1 6.26478 -52.5
2 0.04909 -59.0
3 2.14757 -66.5
3 2.17212 -66.0
0 1.38672 -47.5
2 6.22183 -59.0
1 6.27705 -52.5
0 1.36831 -48.0
1 6.25864 -52.0
2 0.03682 -59.0
3 2.00645 -67.5
2 0.03682 -59.0
0 1.36831 -48.0
1 6.22796 -52.5
3 2.04326 -67.0
3 2.12917 -66.5
0 1.34990 -47.5
1 6.27091 -52.0
2 0.08590 -59.5
1 6.25251 -52.0
0 1.36831 -48.0
2 0.06136 -59.0
3 2.01258 -66.0
1 0.00000 -52.0
0 1.38058 -48.0
2 0.00614 -58.5
3 2.02485 -66.0
0 1.39899 -48.0
1 6.25251 -52.0
2 6.26478 -59.0
3 1.94509 -67.0
0 1.42967 -47.5
1 6.27091 -52.0
2 0.02454 -59.5
3 2.01258 -66.5
0 1.39899 -47.5
1 0.03068 -52.0
2 0.17181 -59.5
3 2.03099 -66.0
0 1.35604 -47.5
1 6.24637 -52.5
2 0.07363 -58.5
3 1.91441 -66.5
3 1.81010 -67.0
0 1.34990 -47.5
1 6.25864 -52.0
2 0.00000 -59.0
0 1.39899 -47.5
1 6.24637 -52.5
2 0.11045 -58.5
3 2.17212 -67.0
3 2.07394 -67.0
0 1.35604 -47.5
1 6.25251 -52.0
2 0.09817 -59.5
0 1.36217 -47.5
1 6.24637 -52.5
2 0.01227 -58.5
3 2.03099 -66.5
1 6.25251 -52.5
0 1.38058 -47.5
2 0.03682 -58.5
3 2.15371 -66.5
0 1.33763 -48.0
1 6.25251 -52.0
2 0.03682 -58.5
3 2.17825 -66.5
0 1.37445 -47.5
1 6.25864 -52.5
2 0.04295 -58.5
3 2.22120 -67.0
1 6.24637 -52.5
0 1.36831 -47.5
2 0.00614 -59.0
3 2.14144 -66.0
1 6.27705 -52.0
0 1.36831 -47.5
2 0.03068 -59.0
3 2.12303 -67.0
0 1.39899 -47.5
2 0.06136 -59.5
1 6.24637 -52.0
3 2.34392 -66.5
3 2.13530 -67.0
0 1.36217 -47.5
1 0.01227 -52.5
2 0.07363 -59.0
1 6.24637 -52.0
0 1.38672 -48.0
0 1.40513 -47.5
1 6.26478 -52.0
2 0.05522 -58.5
3 1.99418 -66.0
3 2.08621 -67.5
0 1.38672 -48.0
1 6.20955 -52.0
2 0.09204 -59.0
2 0.01841 -58.5
0 1.35604 -48.0
1 6.25251 -52.0
3 2.06781 -67.0
0 1.38672 -48.0
1 6.25864 -52.0
2 0.04295 -58.5
3 2.00031 -67.0
0 1.38672 -48.0
1 6.24637 -52.5
2 0.07363 -59.0
3 2.01258 -67.0
0 1.34990 -48.0
1 6.27705 -52.0
2 6.26478 -58.5
3 2.08008 -67.0
0 1.35604 -47.5
1 6.25864 -52.0
2 0.03682 -58.5
3 1.93282 -66.5
0 1.34990 -47.5
1 6.24637 -52.0
2 0.04909 -58.5
3 2.04940 -67.0
0 1.40513 -48.0
1 6.27091 -52.0
2 0.04295 -59.0
3 2.14757 -67.0
0 1.35604 -47.5
1 6.25864 -52.0
2 6.27705 -59.0
3 2.25188 -67.0
0 1.33763 -47.5
1 6.27705 -52.0
2 6.20955 -58.5
0 1.33763 -47.5
1 6.25251 -52.0
2 0.04909 -59.0
3 2.00645 -66.5
2 0.07363 -59.0
0 1.36831 -47.5
1 6.24023 -52.5
3 2.15984 -66.0
0 1.38058 -47.5
1 6.23410 -52.0
2 0.10431 -58.5
3 2.25802 -67.5
0 1.34377 -48.0
1 6.27705 -52.5
2 0.00614 -59.5
3 2.11689 -67.5
0 1.36217 -47.5
1 6.26478 -52.0
2 0.07363 -58.5
3 2.04940 -67.5
3 2.08621 -67.0
0 1.34990 -48.0
1 6.26478 -52.0
2 0.03682 -59.0
0 1.36217 -48.0
1 6.23410 -52.5
2 0.01227 -58.5
3 1.95122 -66.0
1 6.21569 -52.0
0 1.36217 -48.0
2 0.04295 -59.0
3 2.02485 -66.5
0 1.38058 -47.5
2 6.27705 -59.0
1 6.23410 -52.0
3 1.95122 -67.5
1 6.22183 -52.0
0 1.36217 -47.5
2 6.25251 -58.5
3 1.87759 -66.5
