0 1.46035 -47.5
1 6.01934 -51.5
2 5.62664 -59.0
3 1.40513 -66.5
2 5.74936 -59.0
3 1.73033 -66.5
0 1.43581 -47.5
1 6.06843 -51.5
0 1.43581 -47.5
1 6.05616 -51.5
2 5.65732 -58.5
3 1.50944 -66.0
0 1.44194 -48.0
1 6.07456 -51.5
2 5.66959 -59.0
3 1.49103 -66.5
1 6.06843 -51.0
0 1.42967 -47.5
2 5.66346 -59.0
3 1.63829 -66.5
0 1.42967 -47.5
1 6.02548 -51.5
2 5.69414 -59.5
3 1.48489 -66.0
0 1.38672 -47.5
1 6.07456 -51.0
2 5.72482 -59.0
3 1.39899 -66.5
0 1.42967 -47.5
1 6.04388 -51.5
2 5.70027 -58.5
3 1.60761 -67.5
2 5.76163 -59.0
0 1.42353 -47.5
1 6.05616 -51.5
3 1.42353 -67.0
2 5.76777 -59.0
3 1.56466 -66.0
1 6.06229 -51.5
0 1.45421 -47.5
0 1.42967 -48.0
1 6.01934 -51.5
2 5.60823 -59.0
3 1.27014 -67.5
0 1.45421 -47.5
1 6.05616 -51.5
2 5.65119 -58.5
3 1.59534 -66.5
0 1.43581 -47.5
1 6.04388 -51.0
2 5.66959 -58.5
3 1.23946 -66.0
0 1.42967 -48.0
1 6.07456 -51.5
2 5.68800 -59.0
3 1.63216 -66.5
1 6.06229 -51.0
0 1.43581 -47.5
2 5.73095 -58.5
3 1.56466 -66.5
3 1.57080 -66.0
1 6.05002 -51.5
0 1.46035 -48.0
2 5.67573 -59.0
0 1.43581 -47.5
1 6.06843 -51.5
2 5.55915 -59.0
3 1.52784 -66.5
0 1.44194 -47.5
1 6.08684 -51.5
2 5.66959 -59.0
3 1.42967 -66.0
1 6.07456 -51.5
0 1.41740 -48.0
2 5.72482 -58.5
3 1.25173 -66.5
2 5.62051 -59.0
0 1.39899 -47.5
1 6.04388 -51.5
3 1.79783 -66.0
0 1.41740 -47.5
1 6.06229 -51.5
2 5.66959 -59.0
3 1.54625 -66.5
0 1.45421 -47.5
1 6.03775 -51.5
2 5.62664 -59.0
3 1.49717 -66.5
0 1.49103 -47.5
1 6.05616 -51.5
2 5.63891 -59.5
3 1.61375 -66.5
0 1.42967 -47.5
1 6.05616 -51.5
2 5.67573 -58.5
3 1.46649 -67.0
0 1.44808 -47.5
1 6.03161 -51.5
2 5.74322 -59.0
3 1.80396 -66.5
0 1.46035 -48.0
1 6.07456 -51.5
2 5.70027 -58.5
3 1.53398 -66.0
1 6.06229 -51.5
0 1.46035 -47.5
2 5.70641 -58.5
3 1.47876 -66.0
0 1.48489 -47.5
1 6.07456 -51.5
2 5.70641 -58.5
3 1.38058 -67.0
1 6.06229 -51.5
0 1.42967 -47.5
2 5.60823 -58.5
3 1.36217 -65.5
0 1.43581 -47.5
1 6.05616 -51.5
2 5.77390 -59.0
3 1.64443 -66.0
2 5.68800 -59.0
0 1.42353 -47.5
1 6.05002 -51.5
3 1.44194 -67.0
0 1.44808 -47.5
2 5.71254 -59.0
1 6.05002 -51.5
3 1.66897 -66.5
0 1.47262 -47.5
1 6.07456 -51.5
2 5.71868 -59.0
3 1.71192 -66.5
1 6.04388 -51.5
0 1.43581 -47.5
2 5.73709 -59.0
3 1.74260 -66.5
1 6.05002 -51.5
0 1.47262 -47.5
2 5.49165 -58.5
3 1.79169 -67.0
0 1.47262 -47.5
1 6.05002 -51.5
2 5.60823 -59.0
3 1.85305 -67.5
1 6.07456 -51.0
0 1.45421 -48.0
2 5.64505 -59.0
3 1.82851 -66.5
0 1.45421 -47.5
1 6.07456 -51.5
2 5.68186 -59.0
3 1.57693 -66.0
1 6.05002 -51.5
0 1.43581 -47.5
2 5.61437 -59.0
3 1.43581 -66.0
0 1.45421 -47.5
1 6.06843 -51.5
2 5.68800 -59.5
3 1.51557 -67.5
3 1.42967 -66.5
0 1.44808 -47.5
1 6.04388 -51.5
2 5.70641 -58.5
1 6.05002 -51.0
0 1.45421 -47.5
2 5.68186 -59.0
3 1.70579 -66.0
0 1.44194 -47.5
1 6.03775 -51.5
2 5.71868 -59.0
3 1.43581 -66.5
1 6.04388 -51.5
0 1.39285 -47.5
2 5.64505 -59.5
3 1.69351 -67.5
2 5.60823 -59.0
0 1.44808 -47.5
1 6.03161 -52.0
3 1.61988 -66.5
0 1.43581 -47.5
1 6.06843 -51.5
2 5.61437 -59.5
3 1.58307 -65.5
0 1.46035 -48.0
1 6.02548 -51.5
2 5.71868 -59.0
3 1.67511 -67.0
0 1.44808 -48.0
1 6.06229 -51.5
2 5.68186 -58.5
3 1.69965 -66.0
0 1.43581 -47.5
1 6.05002 -51.5
2 5.76163 -59.0
3 1.62602 -66.5
0 1.46035 -47.5
1 6.03161 -51.5
2 5.69414 -58.5
3 1.47262 -66.0
1 6.09297 -51.5
0 1.44194 -48.0
2 5.68800 -59.0
3 1.44194 -66.5
0 1.46649 -48.0
1 6.08070 -51.5
2 5.73709 -59.0
3 1.65056 -67.5
1 6.06229 -51.5
0 1.45421 -47.5
2 5.69414 -58.5
3 1.68124 -67.0
3 1.61375 -66.5
0 1.44808 -47.5
1 6.05616 -51.5
2 5.70027 -59.0
0 1.45421 -47.5
1 6.06229 -51.5
2 5.71868 -58.5
3 1.28854 -67.0
1 6.06229 -51.5
0 1.44808 -47.5
2 5.63278 -59.0
3 1.29468 -66.0
0 1.46035 -48.0
1 6.07456 -52.0
2 5.65119 -59.0
3 1.51557 -66.5
3 1.39285 -66.0
0 1.52171 -48.0
1 6.03775 -51.5
2 5.63891 -58.5
0 1.45421 -47.5
1 6.08684 -51.5
3 1.72419 -66.0
2 5.69414 -58.5
0 1.42967 -47.5
1 6.05002 -51.5
2 5.66346 -59.0
3 1.58307 -66.0
0 1.45421 -47.5
1 6.07456 -51.5
2 5.62664 -58.5
3 1.70579 -66.0
0 1.44194 -48.0
1 6.07456 -51.0
2 5.69414 -59.5
3 1.55239 -66.5
1 6.05616 -51.5
0 1.42967 -48.0
2 5.81686 -59.5
3 1.50330 -66.5
1 6.06843 -51.5
0 1.48489 -47.5
2 5.72482 -59.0
3 1.79783 -66.5
0 1.46035 -47.5
1 6.04388 -51.5
2 5.63278 -59.0
3 1.78555 -67.0
2 5.64505 -58.5
0 1.43581 -47.5
1 6.03775 -51.5
3 1.47876 -65.5
0 1.50330 -48.0
1 6.05616 -51.5
2 5.65732 -58.5
3 1.24559 -66.0
2 5.72482 -59.0
0 1.46649 -48.0
1 6.08070 -51.5
3 1.49717 -66.5
0 1.47876 -48.0
1 6.06229 -51.5
2 5.67573 -59.0
3 1.38672 -66.5
1 6.08684 -51.5
0 1.44808 -47.5
2 5.66959 -59.0
3 1.58307 -66.0
0 1.40513 -47.5
1 6.09297 -51.5
2 5.62664 -59.0
3 1.47262 -66.0
1 6.05616 -51.0
0 1.43581 -47.5
2 5.65119 -59.0
3 1.58307 -65.5
3 1.71806 -66.5
1 6.07456 -51.5
0 1.43581 -47.5
2 5.65119 -59.0
2 5.63278 -59.0
0 1.44808 -47.5
1 6.07456 -51.5
3 1.68124 -65.5
1 6.08684 -51.5
0 1.45421 -48.0
2 5.65732 -58.5
3 1.58307 -66.5
2 5.66346 -59.0
0 1.46649 -47.5
1 6.02548 -51.5
3 1.42967 -66.0
0 1.39285 -47.5
1 6.04388 -51.5
2 5.83526 -59.0
3 1.79169 -66.5
0 1.46649 -48.0
1 6.07456 -51.5
2 5.63891 -59.0
3 1.50330 -66.0
0 1.47876 -48.0
1 6.05002 -51.5
2 5.66959 -58.5
3 1.73647 -66.5
1 6.04388 -51.5
0 1.49103 -47.5
2 5.68800 -58.5
2 5.62664 -58.5
0 1.40513 -48.0
1 6.11138 -51.5
3 1.69965 -66.5
0 1.47876 -48.0
1 6.05616 -51.5
2 5.73095 -58.5
3 1.44808 -67.0
0 1.42353 -47.5
1 6.05616 -51.5
2 5.65119 -59.5
3 1.47262 -66.5
1 6.03161 -51.5
0 1.46649 -47.5
2 5.69414 -58.5
3 1.57693 -67.0
0 1.48489 -47.5
1 6.02548 -51.5
2 5.74936 -58.5
3 1.56466 -66.0
2 5.55915 -58.5
0 1.45421 -47.5
3 1.41126 -67.5
1 6.06229 -51.0
0 1.45421 -47.5
1 6.07456 -51.5
2 5.60210 -59.0
3 1.58307 -66.5
0 1.40513 -48.0
1 6.06229 -51.5
2 5.66346 -59.0
3 1.63216 -67.0
2 5.65732 -59.0
0 1.42967 -47.5
1 6.10524 -51.5
3 1.55239 -66.0
1 6.06843 -51.5
0 1.43581 -48.0
2 5.52233 -58.5
3 1.47262 -66.0
0 1.42353 -48.0
1 6.04388 -51.5
2 5.68800 -58.5
3 1.38058 -65.5
1 6.03161 -51.5
0 1.42353 -47.5
2 5.62664 -59.5
3 1.61375 -66.5
1 6.06229 -51.5
0 1.47876 -47.5
2 5.71868 -59.0
3 1.35604 -66.0
2 5.68800 -59.0
0 1.43581 -47.5
1 6.06229 -51.5
3 1.36831 -66.5
0 1.46649 -47.5
1 6.05002 -51.5
2 5.65119 -60.0
3 1.72419 -65.5
0 1.43581 -48.0
1 6.05002 -51.0
2 5.70027 -59.0
3 1.39899 -66.5
1 6.03161 -51.5
0 1.43581 -48.0
2 5.66346 -58.5
3 1.61375 -66.5
0 1.42353 -47.5
3 1.53398 -66.5
2 5.68800 -59.0
1 6.05002 -51.5
1 6.05002 -51.5
0 1.41126 -48.0
2 5.63278 -59.0
3 1.68124 -67.0
0 1.44808 -48.0
1 6.06229 -51.5
2 5.71254 -59.0
3 1.66284 -66.0
0 1.45421 -47.5
1 6.06229 -51.0
2 5.63891 -59.5
3 1.75487 -66.5
1 6.05616 -51.5
0 1.44194 -47.5
2 5.63278 -59.0
3 1.61375 -66.5
0 1.45421 -48.0
1 6.03775 -51.5
2 5.58369 -59.0
3 1.41126 -67.0
1 6.06843 -51.5
0 1.44808 -47.5
2 5.58983 -59.0
3 1.40513 -66.0
0 1.42967 -47.5
1 6.06229 -51.5
2 5.66346 -59.5
3 1.57693 -66.5
1 6.04388 -51.5
0 1.46649 -48.0
2 5.71254 -58.0
3 1.76101 -66.5
0 1.45421 -47.5
1 6.03161 -51.5
2 5.60823 -59.0
3 1.44808 -66.0
0 1.44194 -47.5
1 6.05616 -51.0
2 5.62664 -59.0
3 1.50330 -66.0
0 1.45421 -47.5
1 6.08070 -51.5
2 5.70027 -58.5
3 1.77942 -66.5
