1 5.96412 -51.5
0 1.44808 -48.5
2 5.33212 -60.0
1 5.93344 -51.5
0 1.45421 -49.0
2 5.44870 -60.0
0 1.41126 -49.0
1 5.92117 -51.0
2 5.32598 -59.5
1 5.95185 -51.5
0 1.50330 -49.0
2 5.27689 -59.5
0 1.47876 -49.0
1 5.95185 -51.5
2 5.24008 -59.5
0 1.45421 -49.0
1 5.94571 -51.5
2 5.33825 -59.5
0 1.41126 -49.0
1 5.93344 -51.5
2 5.43643 -59.5
2 5.23394 -59.5
1 5.95798 -51.5
0 1.42967 -48.5
1 5.89662 -51.5
0 1.43581 -49.0
2 5.39961 -59.5
1 5.94571 -51.5
0 1.44808 -49.0
2 5.27076 -59.5
0 1.41126 -49.0
1 5.92117 -51.5
2 5.41188 -59.5
0 1.44194 -49.0
1 5.92117 -51.5
2 5.30757 -60.0
0 1.46035 -49.0
1 5.90889 -51.5
2 5.45484 -59.5
1 5.90889 -51.5
0 1.42353 -49.0
2 5.42416 -60.0
1 5.92117 -51.5
0 1.49103 -49.0
2 5.35052 -59.5
2 5.41802 -60.0
0 1.44808 -49.0
1 5.94571 -51.5
1 5.88435 -51.5
0 1.45421 -48.5
2 5.39348 -59.5
2 5.17872 -60.0
0 1.49717 -49.0
1 5.91503 -51.5
0 1.48489 -49.0
1 5.92117 -51.5
2 5.31985 -59.5
0 1.46035 -49.0
1 5.92730 -51.5
2 5.33825 -60.0
0 1.43581 -49.0
1 5.95798 -51.5
2 5.25235 -60.0
0 1.47876 -49.0
1 5.94571 -51.5
2 5.41188 -59.5
0 1.48489 -49.0
1 5.92117 -51.5
2 5.22167 -59.5
0 1.41740 -49.0
1 5.92117 -51.5
2 5.31985 -58.5
1 5.89662 -51.5
0 1.47876 -49.0
2 5.36893 -59.5
0 1.45421 -49.0
1 5.93344 -51.5
2 5.21553 -60.0
0 1.38058 -49.0
1 5.95185 -51.5
2 5.30757 -60.0
2 5.29530 -59.5
0 1.44194 -49.0
1 5.90889 -51.5
0 1.45421 -49.0
1 5.92730 -51.5
2 5.26462 -59.5
0 1.48489 -49.0
1 5.95798 -51.5
2 5.37507 -59.5
0 1.43581 -48.5
1 5.93344 -51.5
2 5.24008 -59.5
0 1.49717 -49.0
1 5.92730 -51.5
2 5.28917 -59.5
0 1.46035 -49.0
1 5.91503 -51.5
2 5.32598 -60.0
1 5.90889 -51.5
0 1.45421 -48.5
2 5.36893 -59.5
1 5.90889 -51.5
0 1.46649 -49.5
2 5.37507 -59.5
0 1.47262 -49.0
1 5.87821 -51.5
2 5.33212 -60.0
1 5.98866 -51.5
0 1.44808 -48.5
2 5.31371 -59.5
2 5.28917 -59.5
0 1.43581 -49.0
1 5.93344 -51.0
0 1.47262 -49.0
1 5.94571 -51.5
2 5.25849 -59.0
1 5.92117 -51.5
0 1.44808 -49.0
2 5.31985 -60.0
0 1.49103 -49.0
1 5.91503 -51.5
2 5.27689 -59.5
0 1.45421 -49.0
1 5.93957 -51.5
2 5.25849 -59.5
0 1.40513 -49.0
1 5.90276 -51.5
2 5.29530 -60.0
0 1.44194 -49.5
1 5.90276 -51.5
2 5.43029 -60.0
0 1.47262 -49.0
1 5.92730 -51.5
2 5.34439 -59.0
1 5.91503 -51.0
0 1.46035 -49.5
2 5.35052 -60.0
0 1.47876 -49.0
1 5.90889 -51.5
2 5.43643 -59.5
0 1.44194 -49.0
1 5.89662 -51.5
2 5.46711 -59.5
0 1.47262 -49.5
1 5.92730 -52.0
2 5.35666 -59.5
0 1.46649 -49.5
1 5.92117 -51.5
2 5.26462 -59.5
0 1.44194 -49.0
1 5.92730 -51.5
2 5.36893 -59.5
2 5.27689 -59.5
0 1.47262 -49.0
1 5.92730 -51.5
2 5.31985 -59.5
0 1.50330 -49.0
1 5.90276 -51.5
0 1.47262 -49.0
1 5.92117 -51.5
2 5.33825 -59.5
1 5.93344 -51.5
0 1.48489 -49.0
2 5.38734 -59.5
0 1.49103 -49.0
1 5.95185 -51.5
2 5.27689 -60.0
2 5.35666 -60.0
0 1.48489 -49.0
1 5.95185 -51.5
0 1.44808 -49.0
1 5.89662 -51.5
2 5.36893 -59.5
2 5.32598 -60.0
0 1.45421 -49.0
1 5.91503 -51.5
0 1.42967 -49.0
1 5.94571 -51.5
2 5.30144 -59.5
0 1.48489 -49.0
1 5.92117 -51.0
2 5.22167 -60.0
0 1.49103 -49.5
1 5.93957 -51.5
2 5.20940 -60.0
0 1.47876 -49.0
1 5.92730 -51.5
2 5.31985 -59.5
0 1.49103 -49.0
1 5.92117 -51.5
2 5.33825 -59.5
0 1.48489 -49.5
1 5.92117 -51.5
2 5.36280 -59.5
2 5.25235 -59.5
0 1.47876 -49.0
1 5.92730 -51.5
0 1.46035 -49.0
1 5.92117 -51.5
2 5.39348 -59.5
1 5.95185 -51.5
0 1.50330 -49.0
2 5.38120 -60.0
0 1.46035 -49.0
1 5.90889 -51.5
2 5.31371 -60.0
1 5.94571 -51.5
0 1.44808 -49.0
2 5.35666 -60.0
2 5.33212 -60.0
0 1.47262 -49.0
1 5.91503 -51.5
2 5.31371 -59.5
0 1.47262 -49.0
1 5.93957 -51.5
0 1.47262 -49.0
1 5.93344 -51.5
2 5.39961 -60.0
2 5.39348 -60.0
0 1.45421 -49.5
1 5.95185 -51.5
0 1.46035 -49.0
1 5.92117 -51.0
2 5.29530 -60.0
2 5.17258 -59.5
0 1.45421 -49.0
1 5.89662 -51.5
1 5.94571 -51.5
0 1.46035 -49.0
2 5.33212 -60.5
0 1.47262 -49.0
1 5.93957 -51.5
2 5.36893 -60.0
0 1.46035 -49.0
1 5.95185 -51.5
2 5.24621 -59.0
0 1.49717 -49.0
1 5.93344 -51.5
2 5.33825 -60.0
0 1.46649 -49.0
1 5.92730 -51.5
2 5.28303 -60.0
1 5.91503 -51.5
0 1.46035 -49.0
2 5.30144 -60.0
0 1.47262 -49.0
1 5.90276 -51.5
2 5.24621 -59.5
2 5.37507 -60.0
0 1.47876 -49.5
1 5.90276 -51.5
0 1.50944 -49.0
1 5.93344 -51.5
2 5.36893 -60.0
0 1.49103 -49.0
1 5.93957 -51.5
2 5.33825 -60.0
2 5.33825 -59.5
0 1.49717 -49.0
1 5.92730 -51.0
0 1.49717 -49.5
1 5.93344 -51.5
2 5.30144 -60.0
0 1.47876 -49.0
1 5.95798 -51.5
2 5.51006 -59.5
0 1.47262 -49.5
1 5.88435 -51.5
2 5.34439 -60.0
0 1.48489 -49.0
1 5.95798 -51.5
2 5.16645 -59.5
1 5.92730 -51.5
0 1.51557 -49.0
2 5.47938 -59.5
0 1.49717 -49.0
1 5.92117 -51.5
2 5.28303 -60.0
2 5.31985 -59.0
0 1.46649 -49.0
1 5.93957 -51.5
0 1.47262 -49.0
1 5.93344 -51.5
2 5.27076 -60.0
0 1.46035 -49.0
1 5.91503 -51.5
2 5.52233 -60.0
1 5.92730 -51.5
0 1.47876 -49.0
2 5.39961 -60.5
1 5.95798 -51.5
0 1.48489 -49.0
2 5.46097 -59.5
2 5.45484 -59.5
0 1.48489 -49.0
1 5.95798 -51.5
0 1.46035 -49.5
1 5.91503 -51.5
2 5.33212 -60.0
1 5.90889 -51.5
0 1.43581 -49.0
1 5.91503 -51.5
0 1.46035 -49.5
2 5.35052 -59.5
0 1.49103 -49.5
1 5.89049 -51.5
2 5.30144 -59.0
2 5.32598 -59.0
0 1.44808 -49.0
1 5.89662 -51.5
0 1.49103 -49.0
1 5.90889 -51.5
2 5.26462 -59.5
1 5.93344 -51.5
0 1.41126 -49.0
2 5.30757 -59.5
0 1.41740 -49.0
1 5.91503 -51.5
2 5.20326 -59.5
0 1.47876 -49.5
1 5.92117 -51.5
2 5.35666 -60.0
0 1.44194 -49.0
1 5.93344 -51.5
2 5.33212 -59.5
0 1.44808 -49.0
1 5.87208 -51.0
2 5.06827 -60.0
0 1.47262 -48.5
2 5.34439 -60.0
1 5.93344 -51.5
0 1.49103 -49.5
1 5.92730 -51.5
2 5.33825 -59.5
2 5.35666 -59.5
0 1.46649 -49.0
1 5.88435 -51.5
1 5.89662 -51.5
0 1.46035 -49.0
2 5.29530 -60.0
0 1.46035 -49.0
1 5.91503 -51.5
2 5.35666 -59.5
0 1.45421 -49.0
1 5.91503 -51.5
2 5.40575 -60.0
0 1.42353 -49.0
1 5.92730 -51.5
2 5.40575 -60.0
0 1.45421 -49.5
1 5.90889 -51.5
2 5.28917 -59.5
1 5.90276 -51.5
0 1.42967 -48.5
2 5.18486 -59.5
2 5.19099 -59.5
0 1.47876 -49.0
1 5.91503 -51.0
0 1.44808 -49.0
1 5.90276 -51.5
2 5.51006 -59.5
0 1.47262 -49.0
1 5.89049 -51.0
2 5.27076 -59.5
0 1.42967 -49.5
1 5.93344 -51.5
2 5.37507 -59.0
0 1.39899 -49.5
1 5.89662 -51.5
2 5.29530 -59.5
0 1.44194 -49.0
1 5.93344 -51.5
2 5.33825 -59.5
2 5.27076 -60.0
0 1.45421 -49.5
1 5.92730 -51.0
1 5.94571 -51.0
0 1.49717 -49.0
2 5.28917 -59.5
1 5.93344 -51.5
0 1.46649 -49.0
2 5.29530 -60.0
1 5.92117 -51.5
0 1.42967 -49.0
2 5.37507 -59.5
0 1.47262 -49.0
1 5.92117 -51.5
2 5.29530 -59.5
1 5.90889 -51.5
0 1.47262 -49.0
2 5.41802 -59.5
0 1.44194 -49.0
1 5.93957 -51.5
2 5.29530 -59.5
1 5.93957 -51.5
0 1.48489 -49.0
2 5.29530 -59.5
1 5.94571 -51.5
0 1.44194 -49.5
2 5.28917 -60.0
0 1.43581 -49.0
1 5.90276 -51.5
2 5.25849 -60.0
1 5.91503 -51.5
0 1.49103 -49.0
2 5.22167 -59.5
1 5.91503 -51.5
0 1.46649 -49.0
2 5.32598 -59.5
1 5.92117 -51.5
0 1.43581 -49.5
2 5.40575 -59.5
2 5.25235 -59.5
0 1.47262 -49.0
1 5.93344 -51.5
0 1.48489 -49.0
1 5.95185 -51.5
2 5.43643 -59.5
0 1.46035 -49.0
1 5.92730 -51.5
2 5.43029 -59.5
0 1.49717 -49.0
1 5.89049 -51.5
2 5.27689 -60.0
1 5.92117 -51.5
0 1.46035 -49.0
2 5.31371 -59.5
2 5.28917 -60.0
1 5.91503 -51.5
0 1.49717 -49.5
1 5.90889 -51.5
0 1.49103 -49.0
2 5.34439 -59.5
1 5.90889 -51.5
