1 5.92117 -53.0
0 1.44194 -52.0
2 5.24008 -61.0
0 1.46649 -51.5
1 5.95185 -53.0
2 5.32598 -61.5
1 5.89662 -53.0
0 1.41740 -51.5
2 5.09282 -61.5
0 1.42967 -51.5
1 5.91503 -53.0
2 5.30757 -61.5
0 1.45421 -51.5
1 5.93957 -53.0
2 5.28303 -61.5
0 1.38672 -52.0
1 5.93957 -53.0
2 5.32598 -62.0
1 5.93344 -52.5
0 1.42353 -52.0
2 5.22167 -61.0
1 5.94571 -53.0
0 1.47876 -52.0
2 5.22781 -61.5
1 5.92117 -53.0
0 1.45421 -51.5
2 5.25849 -61.0
0 1.43581 -51.5
1 5.97639 -53.0
2 5.25235 -61.5
1 5.92730 -53.5
0 1.41126 -52.0
2 5.21553 -62.0
0 1.47262 -51.5
1 5.93344 -53.0
2 5.33825 -61.5
1 5.91503 -53.0
0 1.43581 -51.5
2 5.39348 -60.5
0 1.41126 -51.5
1 5.93957 -53.0
2 5.37507 -61.5
0 1.47262 -52.0
1 5.93344 -53.0
2 5.25235 -61.5
0 1.42353 -51.5
1 5.90276 -53.0
2 5.14804 -61.5
0 1.49717 -51.5
1 5.89049 -53.0
2 5.24621 -61.5
0 1.44808 -51.5
1 5.92117 -53.0
2 5.14804 -61.0
1 5.93344 -53.0
0 1.45421 -51.5
2 5.31985 -61.5
1 5.95185 -53.0
0 1.42967 -52.0
2 5.08054 -61.5
2 5.13577 -61.5
0 1.47262 -51.5
1 5.92730 -53.0
0 1.48489 -51.5
1 5.96412 -53.0
2 5.40575 -62.0
1 5.93344 -52.5
0 1.44808 -51.5
2 5.35052 -61.5
0 1.42353 -52.0
1 5.95185 -53.0
2 5.29530 -62.0
2 5.11122 -61.5
0 1.42967 -51.5
1 5.93957 -53.5
0 1.43581 -51.5
1 5.90276 -53.0
2 5.28303 -61.5
2 5.14190 -61.0
0 1.49103 -52.0
1 5.95185 -53.0
0 1.43581 -52.0
1 5.90889 -53.0
2 5.24008 -61.5
0 1.52171 -51.5
1 5.92117 -53.0
2 5.30757 -61.5
2 5.31371 -62.0
0 1.45421 -51.5
1 5.87821 -53.0
1 5.92730 -52.5
0 1.44808 -52.0
2 5.35052 -61.5
2 5.33212 -61.5
0 1.45421 -51.5
1 5.94571 -53.0
0 1.47876 -52.0
1 5.92730 -53.0
2 5.30757 -62.0
1 5.93957 -53.0
0 1.44808 -52.0
2 5.19099 -61.5
0 1.50944 -52.0
1 5.95798 -53.0
2 5.30144 -62.0
1 5.92117 -53.0
0 1.48489 -51.5
2 5.16031 -62.0
2 5.24621 -61.5
1 5.91503 -53.0
0 1.47876 -51.5
0 1.47876 -51.5
1 5.98253 -53.0
2 5.12350 -61.5
1 5.90889 -53.0
0 1.40513 -51.5
2 5.23394 -61.5
1 5.94571 -53.0
0 1.44194 -52.0
2 5.01305 -62.0
1 5.92730 -53.0
0 1.46035 -51.5
2 5.16645 -61.5
2 5.27689 -62.0
0 1.47876 -51.5
1 5.93344 -53.0
1 5.91503 -53.0
0 1.44808 -52.0
2 5.32598 -61.5
1 5.93344 -52.5
0 1.46035 -52.0
2 5.28303 -61.0
1 5.94571 -53.0
0 1.40513 -52.0
2 5.30144 -61.0
1 5.94571 -53.0
0 1.44194 -52.0
2 5.13577 -61.5
0 1.46649 -52.0
1 5.92117 -53.0
2 5.24621 -62.0
0 1.46035 -51.5
1 5.93957 -53.0
2 5.32598 -61.5
0 1.45421 -51.5
1 5.92730 -53.0
2 5.13577 -61.5
1 5.93344 -53.0
0 1.44808 -51.5
2 5.22167 -61.5
2 5.35666 -61.5
0 1.41740 -52.0
1 5.95185 -53.0
2 5.25235 -62.0
0 1.42967 -51.5
1 5.93344 -53.0
0 1.47262 -51.5
1 5.90276 -53.0
2 5.24008 -61.5
0 1.39899 -51.5
1 5.97639 -53.0
2 5.12350 -61.5
1 5.90889 -53.0
0 1.46649 -52.0
2 5.26462 -61.5
0 1.47262 -52.0
1 5.90889 -53.0
2 5.32598 -62.0
1 5.94571 -53.0
0 1.44808 -52.0
2 5.28917 -62.5
0 1.45421 -52.0
1 5.93957 -52.5
2 5.35052 -62.0
2 5.24008 -61.5
1 5.90889 -53.0
0 1.45421 -52.0
0 1.49103 -51.5
1 5.94571 -53.0
2 5.35052 -61.5
1 5.95798 -53.0
0 1.39899 -51.5
2 5.47938 -61.0
1 5.98253 -53.0
0 1.44194 -52.0
2 5.30144 -61.0
1 5.93957 -53.0
0 1.42967 -51.5
2 5.28917 -61.5
1 5.94571 -53.0
0 1.47262 -51.5
2 5.29530 -62.0
0 1.46035 -52.0
1 5.93957 -53.5
2 5.33212 -61.5
0 1.49717 -51.5
1 5.95185 -53.0
2 5.19713 -61.5
1 5.97025 -53.0
0 1.42967 -52.0
2 5.32598 -62.0
1 5.93957 -53.0
0 1.46035 -52.0
2 5.40575 -61.0
0 1.47876 -51.5
1 5.91503 -53.0
2 5.38734 -62.0
0 1.46649 -52.0
1 5.97025 -53.0
2 5.20326 -62.0
0 1.46035 -52.0
1 5.97639 -53.0
2 5.28917 -61.5
0 1.44808 -52.0
1 5.95185 -53.0
2 5.25849 -62.0
0 1.42967 -52.0
1 5.91503 -53.0
2 5.30144 -62.0
2 5.16031 -62.0
0 1.47262 -52.0
1 5.92117 -53.0
1 5.92730 -52.5
0 1.50330 -51.5
2 5.20326 -61.5
0 1.44194 -51.5
1 5.93957 -53.0
2 5.24008 -61.5
1 5.94571 -53.0
0 1.48489 -51.5
2 5.24008 -62.0
0 1.44194 -52.0
1 5.93344 -53.0
2 5.16645 -62.0
1 5.94571 -53.0
0 1.52171 -51.5
2 5.33825 -62.0
0 1.47876 -51.5
1 5.94571 -53.0
2 5.45484 -62.0
2 5.24621 -61.5
0 1.46649 -51.5
1 5.96412 -53.0
1 5.93344 -52.5
0 1.43581 -51.5
2 5.27076 -61.5
0 1.42967 -52.0
1 5.94571 -53.0
2 5.40575 -62.0
2 5.18486 -62.0
0 1.47262 -51.5
1 5.93957 -53.0
1 5.95185 -53.0
0 1.47262 -51.5
2 5.35052 -61.5
0 1.42353 -51.5
1 5.94571 -53.0
2 5.29530 -61.5
0 1.44808 -51.5
1 5.93344 -53.0
2 5.49779 -61.5
0 1.49103 -52.0
1 5.97025 -53.0
2 5.30144 -62.5
0 1.46649 -51.5
1 5.93957 -52.5
2 5.19713 -62.0
0 1.46649 -52.0
1 5.91503 -53.0
2 5.34439 -61.5
0 1.45421 -51.5
1 5.89662 -53.0
2 5.27076 -62.0
0 1.42353 -52.0
1 5.95185 -53.0
2 5.32598 -62.0
2 5.25235 -61.5
0 1.46035 -51.5
1 5.94571 -53.0
0 1.44808 -52.0
1 5.97025 -53.0
2 5.23394 -62.0
0 1.43581 -52.0
1 5.94571 -53.0
2 5.38120 -62.0
0 1.45421 -51.5
1 5.93344 -53.5
2 5.17872 -62.0
0 1.56466 -51.5
1 5.93957 -53.0
2 5.39961 -62.0
2 5.38120 -61.5
0 1.47876 -51.5
1 5.95185 -53.0
0 1.45421 -51.5
1 5.94571 -53.0
2 5.25849 -61.5
2 5.31371 -61.5
1 5.93957 -53.0
0 1.50330 -51.5
0 1.47262 -51.5
1 5.93957 -53.0
2 5.25235 -62.0
0 1.45421 -51.5
1 5.92117 -53.0
2 5.33825 -61.0
1 5.92730 -53.0
0 1.44194 -51.5
2 5.25849 -62.0
1 5.92117 -53.0
0 1.49717 -51.5
2 5.26462 -62.0
2 5.35666 -61.5
0 1.50944 -52.0
1 5.90276 -53.0
0 1.46649 -51.5
1 5.93957 -53.5
2 5.33825 -61.5
0 1.47262 -51.5
1 5.91503 -53.0
2 5.24621 -62.0
2 5.16645 -62.0
0 1.50330 -51.5
1 5.89662 -53.0
1 5.93957 -52.5
0 1.50330 -51.5
2 5.39348 -61.5
1 5.91503 -53.0
0 1.47876 -51.5
2 5.27689 -62.0
0 1.45421 -52.0
1 5.98866 -53.0
2 5.41188 -61.5
1 5.91503 -53.0
0 1.44194 -52.0
2 5.43029 -62.0
1 5.94571 -53.0
0 1.49103 -52.0
2 5.25849 -61.5
0 1.44808 -52.0
1 5.94571 -53.0
2 5.27076 -61.0
1 5.94571 -53.0
0 1.46035 -52.0
2 5.26462 -62.0
1 5.92117 -53.0
0 1.44808 -52.0
2 5.22167 -61.5
0 1.49717 -51.5
1 5.91503 -53.0
2 5.25235 -61.0
2 5.22167 -61.5
0 1.49103 -51.5
1 5.94571 -53.0
1 5.95185 -53.0
0 1.46649 -52.0
2 5.26462 -61.0
0 1.50944 -51.5
1 5.92117 -53.0
2 5.23394 -61.5
1 5.92117 -53.0
0 1.50330 -51.5
2 5.29530 -62.0
0 1.46649 -52.0
1 5.95185 -52.5
2 5.31985 -61.0
1 5.90889 -53.0
0 1.43581 -51.5
2 5.23394 -61.0
0 1.43581 -51.5
1 5.93957 -53.0
2 5.24008 -61.5
0 1.47262 -52.0
1 5.96412 -53.0
2 5.28303 -61.0
1 5.93344 -53.0
0 1.44808 -51.5
2 5.27076 -61.5
1 5.93957 -53.0
0 1.46649 -51.5
2 5.30144 -61.5
2 5.22781 -61.5
1 5.95185 -53.0
0 1.49103 -51.5
0 1.47262 -51.5
1 5.91503 -53.0
2 5.15418 -61.0
0 1.47262 -51.5
1 5.96412 -53.0
2 5.24621 -61.5
1 5.93344 -52.5
0 1.47262 -52.0
2 5.23394 -61.0
1 5.92730 -53.0
0 1.47262 -52.0
2 5.12963 -61.5
0 1.47876 -51.5
1 5.92730 -53.0
2 5.25849 -61.5
1 5.93957 -53.0
0 1.47876 -52.0
2 5.30757 -61.0
1 5.94571 -53.0
0 1.47876 -51.5
2 5.07441 -61.5
1 5.93957 -53.0
0 1.49103 -52.0
2 5.31371 -61.0
2 5.27689 -61.5
0 1.48489 -51.5
1 5.96412 -52.5
1 5.92730 -53.0
0 1.46649 -51.5
2 5.33825 -61.0
0 1.46649 -51.5
1 5.92730 -53.0
