0 0.92039 -57.5
1 5.58983 -58.0
2 4.89647 -69.0
0 1.07992 -57.5
1 5.60823 -59.0
2 5.44256 -67.0
1 5.63891 -58.5
0 0.93880 -57.5
2 5.08054 -69.0
0 1.00016 -57.5
1 5.58983 -58.0
2 5.30757 -69.0
0 1.06151 -57.5
1 5.59596 -58.5
2 5.17258 -67.5
1 5.63891 -59.0
0 1.00629 -57.0
2 5.44870 -67.5
2 5.60210 -68.5
0 0.99402 -57.5
1 5.53460 -58.5
0 1.00016 -57.5
1 5.62664 -58.5
2 5.29530 -68.0
0 1.05538 -57.5
1 5.58983 -58.5
2 5.37507 -68.0
0 0.98788 -57.0
1 5.56528 -59.0
2 5.26462 -67.0
0 1.00629 -57.5
1 5.58369 -58.5
2 5.14804 -68.0
0 1.06151 -57.0
1 5.54687 -59.0
2 5.33825 -69.0
2 5.20940 -68.0
0 1.00629 -57.5
1 5.67573 -58.5
0 1.04924 -57.5
1 5.65119 -58.5
2 5.24621 -69.0
1 5.58983 -59.0
0 0.97561 -58.0
2 5.42416 -68.0
2 5.49165 -68.5
1 5.68186 -58.5
0 0.98788 -58.0
2 5.31371 -67.5
0 1.05538 -57.0
1 5.52847 -59.0
0 1.06765 -57.5
1 5.62051 -58.0
2 5.31371 -67.5
0 1.03084 -57.5
1 5.56528 -59.0
2 5.07441 -69.0
1 5.63891 -58.5
0 0.96948 -57.0
2 5.31371 -68.5
1 5.57755 -58.5
0 1.03084 -57.5
2 5.21553 -67.0
1 5.61437 -58.5
0 1.03084 -57.5
2 5.29530 -68.0
0 1.00016 -57.0
1 5.60823 -59.0
2 5.29530 -68.0
2 5.24008 -67.0
1 5.60823 -58.5
0 1.06151 -57.5
0 1.00016 -57.0
1 5.54074 -59.0
2 5.35052 -69.0
2 4.93942 -69.0
0 1.22105 -58.0
1 5.51006 -58.0
0 1.06151 -57.5
1 5.58983 -58.0
2 5.30757 -67.5
0 1.12287 -57.0
1 5.52847 -59.0
2 5.16031 -68.0
1 5.58369 -59.0
0 0.94493 -58.0
2 5.10509 -69.0
0 1.01856 -57.5
1 5.57142 -58.0
2 5.48552 -68.0
1 5.60210 -59.0
0 0.98788 -57.5
1 5.53460 -59.0
0 1.11060 -57.5
2 4.97623 -69.0
1 5.58983 -59.0
2 5.20940 -68.0
0 1.07379 -57.0
1 5.57142 -58.5
0 0.97561 -57.0
2 5.52847 -68.5
0 1.04924 -57.5
1 5.51006 -58.5
2 5.16645 -69.5
2 4.89647 -67.0
0 0.96948 -57.0
1 5.55301 -58.5
0 0.96334 -57.0
1 5.57142 -59.0
2 5.20940 -68.0
0 1.04311 -58.0
1 5.62051 -59.0
2 4.89033 -69.0
2 5.20940 -67.5
0 0.97561 -57.5
1 5.57142 -58.0
1 5.58983 -59.0
0 1.06151 -57.5
2 5.36893 -67.5
1 5.55301 -58.5
0 1.00629 -57.5
2 5.19713 -67.5
0 1.06765 -57.5
1 5.50392 -58.5
2 5.08668 -68.5
2 5.26462 -68.0
1 5.57755 -58.5
0 1.02470 -57.5
2 5.28917 -68.0
0 1.00629 -58.0
1 5.57142 -59.0
1 5.62051 -59.0
0 0.87744 -58.0
2 4.66330 -68.5
1 5.55301 -58.5
0 1.03084 -58.5
2 5.25235 -68.0
0 1.09219 -57.5
1 5.49779 -58.5
2 5.40575 -69.0
2 5.22167 -68.5
0 1.03084 -58.0
1 5.49779 -58.5
1 5.62051 -59.0
0 1.01243 -57.5
2 5.06827 -68.5
1 5.59596 -59.0
0 1.05538 -57.5
2 5.28303 -67.5
1 5.62051 -58.5
0 1.10447 -57.5
2 5.21553 -69.0
1 5.58983 -58.5
0 1.01856 -57.5
2 5.58369 -67.0
1 5.59596 -58.5
0 1.09833 -57.5
2 5.16031 -67.5
1 5.55915 -59.0
0 1.06151 -57.5
2 5.15418 -68.5
1 5.58983 -59.0
0 1.06151 -57.5
2 5.18486 -67.5
0 1.06151 -57.0
1 5.56528 -59.0
2 5.28917 -67.5
1 5.58369 -58.5
0 1.01856 -58.0
2 5.14804 -68.5
1 5.52233 -59.0
0 0.98788 -58.0
2 5.21553 -68.5
1 5.65732 -58.0
0 1.04311 -57.0
2 5.02532 -68.5
1 5.58983 -59.0
0 1.02470 -57.5
2 5.07441 -68.0
2 5.58983 -68.0
0 1.02470 -57.5
1 5.68186 -58.5
0 0.95720 -57.0
1 5.60823 -58.5
2 5.02532 -68.5
2 5.28303 -68.0
1 5.56528 -59.0
0 1.06765 -57.5
1 5.51619 -58.5
0 1.14128 -57.5
2 5.33212 -68.0
0 1.04924 -58.0
1 5.55301 -58.5
2 5.18486 -67.5
1 5.55915 -58.5
0 1.06765 -57.5
1 5.55915 -58.5
0 1.05538 -58.0
2 5.28917 -68.0
0 1.01856 -57.5
2 5.08054 -68.5
1 5.58983 -58.5
0 1.07379 -57.5
1 5.56528 -58.5
2 5.18486 -68.5
0 1.00016 -57.5
1 5.47324 -59.0
2 5.27076 -66.0
1 5.59596 -58.5
0 1.11674 -57.5
2 5.31371 -68.0
1 5.53460 -58.5
0 0.98788 -57.5
2 5.18486 -68.0
1 5.61437 -58.5
0 1.11060 -57.5
2 5.31371 -68.5
2 5.13577 -68.0
0 1.00016 -57.5
1 5.55301 -58.0
0 1.06765 -58.0
1 5.59596 -58.0
2 5.40575 -67.5
1 5.58983 -59.0
0 1.05538 -57.0
2 5.70027 -67.0
1 5.63891 -58.5
0 1.04924 -57.5
2 5.55915 -67.5
1 5.56528 -59.0
0 1.01856 -57.0
2 5.15418 -67.5
0 1.06765 -57.5
1 5.55301 -59.0
2 5.48552 -67.0
0 1.11060 -58.0
1 5.54687 -58.5
2 4.91487 -67.5
2 5.52847 -67.0
1 5.58369 -58.5
0 1.07379 -57.5
1 5.58369 -58.5
0 1.04311 -57.5
2 5.29530 -68.0
0 1.09833 -57.0
1 5.62051 -58.5
2 5.40575 -68.5
0 1.03697 -57.5
1 5.58369 -58.5
2 5.22167 -68.5
1 5.55301 -58.5
0 1.01856 -58.0
2 5.21553 -67.5
1 5.60823 -58.5
0 1.03697 -58.0
2 5.04986 -67.5
0 1.03697 -57.5
1 5.59596 -59.0
2 4.87192 -68.0
0 1.12287 -57.0
1 5.60210 -59.0
2 5.17258 -68.0
1 5.60823 -59.0
0 0.96334 -58.0
2 4.94555 -67.5
0 1.12287 -57.0
1 5.60823 -59.0
2 4.98237 -68.5
1 5.55301 -58.5
0 1.13515 -57.5
2 5.33825 -67.5
0 1.03697 -58.0
1 5.55301 -58.5
1 5.50392 -58.5
0 1.06151 -57.5
2 5.20326 -68.0
0 0.98788 -58.0
1 5.51619 -58.5
2 5.35052 -67.0
1 5.66959 -58.5
0 1.06765 -57.5
2 5.41188 -67.5
1 5.52233 -58.5
0 1.06151 -57.0
2 5.59596 -68.5
1 5.58983 -59.0
0 1.11060 -57.5
2 5.44870 -68.0
0 1.08606 -57.5
0 1.06765 -57.5
1 5.62664 -59.0
2 5.21553 -67.5
0 1.05538 -57.5
1 5.52847 -58.5
2 5.43029 -67.5
2 4.94555 -67.0
0 1.06765 -57.5
1 5.62051 -58.5
0 1.00016 -57.5
1 5.52847 -58.5
2 5.28303 -68.5
1 5.57755 -58.5
0 0.96334 -58.0
2 4.89647 -69.0
1 5.54687 -58.0
0 1.06765 -57.5
2 5.28303 -68.0
1 5.52233 -59.0
0 0.93880 -57.5
2 5.18486 -69.0
1 5.60823 -59.0
0 0.93266 -58.0
2 5.01919 -69.0
0 1.07379 -57.5
1 5.54074 -59.0
2 4.92715 -68.0
1 5.54687 -58.5
0 1.04311 -57.0
2 5.11736 -68.0
1 5.52233 -59.0
0 1.15355 -57.5
2 5.22167 -68.0
2 5.68186 -67.0
0 1.04924 -57.5
1 5.55301 -58.0
0 1.08606 -58.0
1 5.51619 -58.5
2 5.38734 -68.0
0 1.06151 -57.5
1 5.52233 -59.0
2 5.19099 -67.5
1 5.57755 -58.5
0 0.99402 -58.0
2 5.49165 -68.5
2 5.21553 -68.5
1 5.61437 -58.5
0 1.21491 -57.0
1 5.54687 -59.0
0 1.17196 -57.5
2 5.31371 -68.0
1 5.65119 -58.0
0 1.17196 -57.5
2 5.08668 -67.0
1 5.61437 -58.5
0 1.04311 -58.0
2 5.22167 -66.5
0 1.05538 -57.0
1 5.53460 -59.0
2 5.32598 -68.5
0 0.99402 -57.5
1 5.64505 -58.5
2 5.17872 -69.0
0 1.00629 -57.0
1 5.62664 -59.0
2 5.20940 -67.0
0 0.98175 -57.5
1 5.63891 -58.0
2 5.27689 -68.0
0 1.07379 -57.5
1 5.58983 -58.5
2 4.98851 -67.5
1 5.62664 -59.0
0 1.05538 -57.5
2 5.18486 -67.5
2 5.21553 -68.0
0 1.02470 -57.0
1 5.67573 -58.5
0 1.00016 -57.0
1 5.56528 -58.5
2 5.19099 -66.5
2 5.25235 -67.0
0 1.06151 -58.0
1 5.55301 -58.0
2 5.34439 -67.5
1 5.47324 -58.0
0 1.07379 -57.5
2 5.31985 -66.5
0 1.11060 -57.0
1 5.54074 -58.5
0 1.00016 -57.0
1 5.63278 -58.5
2 5.11736 -69.0
1 5.65732 -58.0
0 1.06151 -57.0
2 5.24008 -68.0
1 5.63891 -58.5
0 1.05538 -57.5
2 5.35052 -67.5
2 5.17258 -67.5
1 5.58983 -58.5
0 1.09219 -57.0
1 5.58983 -58.5
0 1.16583 -57.5
2 5.33825 -67.0
0 1.13515 -57.5
1 5.58369 -58.5
2 5.15418 -67.5
0 1.13515 -57.0
1 5.70641 -58.5
2 5.41802 -67.0
0 1.08606 -57.0
1 5.54687 -58.5
2 5.35666 -68.0
0 1.10447 -57.5
1 5.66346 -58.5
2 5.17258 -67.5
1 5.63891 -58.0
0 1.01856 -57.5
2 5.30757 -68.0
0 0.99402 -57.5
1 5.58369 -58.0
2 5.20326 -67.5
0 1.03697 -57.0
1 5.56528 -58.5
2 5.09282 -68.0
0 1.04311 -57.5
1 5.60823 -58.0
2 5.30144 -67.0
2 5.38120 -67.5
0 1.00629 -57.5
1 5.57755 -58.5
0 1.04311 -57.0
1 5.54687 -58.5
2 5.37507 -66.0
