0 5.72482 -44.5
0 5.71254 -44.5
0 5.71254 -44.5
0 5.72482 -45.0
0 5.72482 -44.5
0 5.73709 -44.5
0 5.73095 -44.5
0 5.73095 -45.0
0 5.74322 -44.5
0 5.73709 -45.0
0 5.71868 -45.0
0 5.74322 -44.5
0 5.74322 -45.0
0 5.74936 -44.5
0 5.73709 -44.5
0 5.70641 -45.0
0 5.74936 -44.5
0 5.74322 -44.5
0 5.74936 -44.5
0 5.73709 -44.5
0 5.73709 -44.5
0 5.73709 -45.0
0 5.74322 -44.5
0 5.73095 -45.0
0 5.75550 -45.0
0 5.73709 -45.0
0 5.74322 -45.0
0 5.75550 -45.0
0 5.75550 -45.0
0 5.76163 -44.5
0 5.76163 -44.5
0 5.74936 -44.5
0 5.73709 -45.0
0 5.74322 -44.5
0 5.74936 -45.0
0 5.75550 -45.0
0 5.73709 -45.0
0 5.74936 -45.0
0 5.71868 -45.0
0 5.74322 -45.0
0 5.74322 -45.0
0 5.74936 -45.0
0 5.73709 -44.5
0 5.74322 -44.5
0 5.74322 -45.0
0 5.75550 -45.0
0 5.74322 -45.0
0 5.74322 -44.5
0 5.73095 -45.0
0 5.74936 -44.5
0 5.74936 -44.5
0 5.75550 -45.0
0 5.74936 -45.0
0 5.76163 -45.0
0 5.74936 -44.5
0 5.74936 -45.0
0 5.74936 -45.0
0 5.73709 -45.0
0 5.74936 -45.0
0 5.73709 -44.5
0 5.74936 -45.0
0 5.73095 -45.0
0 5.72482 -45.0
0 5.75550 -45.0
0 5.74322 -45.0
0 5.77390 -45.0
0 5.73709 -45.0
0 5.76163 -45.0
0 5.75550 -44.5
0 5.75550 -45.0
0 5.76777 -44.5
0 5.74936 -44.5
0 5.74936 -44.5
0 5.74936 -45.0
0 5.74936 -45.0
0 5.73095 -45.0
0 5.74936 -45.0
0 5.74936 -45.0
0 5.74936 -45.0
0 5.75550 -45.0
0 5.74936 -44.5
0 5.73709 -45.0
0 5.75550 -45.0
0 5.75550 -44.5
0 5.74936 -44.5
0 5.74936 -45.0
0 5.74936 -44.5
0 5.73709 -45.0
0 5.74322 -45.0
0 5.75550 -44.5
0 5.76777 -44.5
0 5.77390 -44.5
0 5.74936 -44.5
0 5.76163 -44.5
0 5.75550 -45.0
0 5.74936 -44.5
0 5.73709 -45.0
0 5.74322 -45.0
0 5.74322 -44.5
0 5.74936 -44.5
0 5.74322 -45.0
0 5.78004 -45.0
0 5.75550 -45.0
0 5.76777 -44.5
0 5.76163 -45.0
0 5.78004 -45.0
0 5.77390 -45.0
0 5.75550 -44.5
0 5.75550 -44.5
0 5.74322 -44.5
0 5.76163 -45.0
0 5.73095 -45.0
0 5.76777 -45.0
0 5.74322 -45.0
0 5.75550 -45.0
0 5.73709 -45.0
0 5.73709 -44.5
0 5.74936 -45.0
0 5.74322 -45.0
0 5.75550 -45.0
0 5.75550 -45.0
0 5.73709 -44.5
0 5.74936 -45.0
0 5.76163 -45.0
0 5.73709 -45.0
0 5.74936 -45.0
0 5.74936 -45.0
0 5.74322 -45.0
0 5.74936 -45.0
0 5.74322 -45.0
0 5.74322 -45.0
0 5.74936 -45.0
0 5.78004 -45.0
0 5.74936 -45.0
0 5.74322 -45.0
0 5.75550 -45.0
0 5.74936 -45.0
0 5.76163 -45.0
0 5.76777 -45.0
0 5.74936 -44.5
0 5.75550 -45.0
0 5.76777 -45.0
0 5.76163 -45.0
0 5.74936 -45.0
0 5.74322 -44.5
0 5.75550 -45.0
0 5.75550 -45.0
0 5.76163 -45.0
0 5.75550 -45.0
0 5.73095 -45.0
0 5.75550 -45.0
0 5.74936 -45.0
0 5.72482 -45.0
0 5.79231 -45.0
0 5.74936 -45.0
0 5.78004 -45.0
0 5.74936 -45.0
0 5.75550 -45.0
0 5.76777 -44.5
0 5.75550 -45.0
0 5.75550 -44.5
0 5.76777 -45.0
0 5.75550 -45.0
0 5.75550 -45.0
0 5.76163 -45.0
0 5.75550 -45.0
0 5.74936 -45.0
0 5.74322 -45.0
0 5.75550 -45.0
0 5.73095 -45.0
0 5.75550 -45.0
0 5.74936 -45.0
0 5.77390 -45.0
0 5.76163 -45.0
0 5.74322 -44.5
0 5.75550 -45.0
0 5.74936 -45.0
0 5.77390 -45.0
0 5.74936 -45.0
0 5.75550 -45.0
0 5.74936 -44.5
0 5.74936 -45.0
0 5.75550 -45.0
0 5.73709 -45.0
0 5.73709 -44.5
0 5.75550 -45.0
0 5.76777 -45.0
0 5.73095 -45.0
0 5.76163 -45.0
0 5.74936 -45.0
0 5.75550 -45.0
0 5.74322 -45.0
0 5.74322 -45.0
0 5.73709 -45.0
0 5.75550 -45.0
0 5.76163 -45.0
0 5.75550 -45.0
0 5.74936 -45.0
0 5.74322 -45.0
0 5.73095 -45.0
0 5.74322 -45.0
0 5.74322 -44.5
0 5.76163 -45.0
0 5.78618 -45.0
0 5.74936 -45.0
0 5.74936 -45.0
0 5.75550 -44.5
0 5.74936 -45.0
0 5.77390 -45.0
0 5.74936 -45.0
0 5.74936 -44.5
0 5.75550 -45.0
0 5.76163 -45.0
0 5.74322 -45.0
0 5.75550 -45.0
0 5.76163 -44.5
0 5.76163 -45.0
0 5.76163 -45.0
0 5.74322 -45.0
0 5.73709 -45.0
0 5.74936 -45.0
0 5.74322 -45.0
0 5.74322 -45.0
0 5.76163 -45.0
0 5.75550 -45.0
0 5.76163 -45.0
0 5.75550 -45.0
0 5.74936 -45.0
0 5.76163 -45.0
0 5.74936 -45.0
0 5.75550 -44.5
0 5.76163 -45.0
0 5.75550 -45.0
0 5.76163 -45.0
0 5.74322 -44.5
0 5.75550 -45.0
0 5.74936 -45.0
0 5.74322 -45.0
0 5.75550 -45.0
0 5.76163 -45.0
0 5.76777 -45.0
0 5.76163 -45.0
0 5.76777 -45.0
0 5.74936 -45.0
0 5.76163 -45.0
0 5.77390 -45.0
0 5.76163 -45.0
0 5.76777 -45.0
0 5.76777 -45.0
0 5.76163 -45.0
0 5.76777 -45.0
0 5.74936 -45.0
0 5.75550 -45.0
0 5.75550 -45.0
0 5.74936 -45.0
0 5.76163 -45.0
0 5.75550 -45.0
0 5.74322 -45.0
0 5.73095 -45.0
0 5.76777 -45.0
0 5.76777 -45.0
0 5.75550 -45.0
0 5.76777 -45.0
0 5.74936 -45.0
0 5.76777 -45.0
0 5.75550 -45.0
0 5.74936 -45.0
0 5.77390 -45.0
0 5.75550 -45.0
0 5.76163 -45.0
0 5.76163 -45.0
0 5.76777 -44.5
0 5.75550 -45.0
0 5.76777 -45.0
0 5.76163 -45.0
0 5.75550 -44.5
0 5.75550 -45.0
0 5.76777 -45.0
0 5.74936 -45.0
0 5.73709 -45.0
0 5.75550 -45.0
0 5.75550 -45.0
0 5.76163 -45.0
0 5.76163 -45.0
0 5.75550 -45.0
0 5.76777 -45.0
0 5.77390 -45.0
0 5.75550 -45.0
0 5.76163 -45.0
0 5.77390 -45.0
0 5.76163 -45.0
0 5.76163 -45.0
0 5.74322 -45.0
0 5.77390 -45.0
0 5.78004 -45.0
0 5.76163 -45.0
0 5.74936 -45.0
0 5.75550 -45.0
0 5.76163 -45.0
0 5.76163 -45.0
0 5.76163 -44.5
0 5.76163 -45.0
0 5.75550 -45.0
0 5.76777 -45.0
0 5.74936 -45.0
0 5.76163 -45.0
0 5.76777 -45.0
0 5.75550 -45.0
0 5.74936 -45.0
0 5.75550 -45.0
0 5.76777 -45.0
0 5.76777 -45.0
0 5.76163 -45.0
0 5.74936 -44.5
0 5.74322 -45.0
0 5.76163 -45.0
0 5.75550 -45.0
0 5.76163 -45.0
0 5.74936 -45.0
0 5.74936 -45.0
0 5.74936 -45.0
0 5.75550 -45.0
0 5.75550 -45.0
0 5.76777 -45.0
0 5.73709 -45.0
0 5.75550 -45.0
0 5.75550 -45.0
0 5.76163 -45.0
0 5.74322 -45.0
0 5.75550 -45.0
0 5.77390 -45.0
0 5.76777 -45.0
0 5.73709 -45.0
0 5.76163 -45.0
0 5.75550 -45.0
0 5.75550 -45.0
0 5.76163 -45.0
0 5.75550 -45.0
0 5.77390 -45.0
0 5.74936 -45.0
0 5.76163 -45.0
0 5.74936 -45.0
0 5.74322 -45.0
0 5.74936 -45.0
0 5.74936 -45.0
0 5.76163 -45.0
0 5.74936 -45.0
0 5.76777 -45.0
0 5.74936 -45.0
0 5.74322 -45.0
0 5.75550 -45.0
0 5.76777 -44.5
0 5.75550 -45.0
0 5.76163 -45.0
0 5.75550 -45.0
0 5.75550 -45.0
0 5.73709 -45.0
0 5.76777 -45.0
0 5.76777 -45.0
0 5.76777 -45.0
0 5.74936 -45.0
0 5.75550 -45.0
0 5.77390 -45.0
0 5.75550 -45.0
0 5.77390 -44.5
0 5.76163 -45.0
0 5.76777 -45.0
0 5.74322 -45.0
0 5.76163 -45.0
0 5.75550 -45.0
0 5.76163 -45.0
0 5.73709 -45.0
0 5.76163 -45.0
0 5.74322 -45.0
0 5.75550 -45.0
0 5.77390 -45.0
0 5.77390 -45.0
0 5.74322 -44.5
0 5.76163 -45.0
0 5.75550 -45.0
0 5.74322 -45.0
0 5.76163 -45.0
0 5.74936 -44.5
0 5.75550 -45.0
0 5.74322 -45.0
0 5.76163 -45.0
0 5.76163 -45.0
0 5.73095 -44.5
0 5.75550 -45.0
0 5.77390 -45.0
0 5.76777 -44.5
0 5.75550 -45.0
0 5.74936 -45.0
0 5.76163 -45.0
0 5.75550 -44.5
0 5.75550 -45.0
0 5.74322 -45.0
0 5.75550 -45.0
0 5.76777 -45.0
0 5.75550 -45.0
0 5.77390 -45.0
0 5.74936 -44.5
0 5.75550 -44.5
0 5.75550 -45.0
0 5.75550 -45.0
0 5.76163 -44.5
0 5.77390 -45.0
0 5.73709 -45.0
0 5.74936 -45.0
0 5.75550 -45.0
0 5.76163 -45.0
0 5.75550 -45.0
0 5.76163 -45.0
0 5.76163 -45.0
0 5.76777 -44.5
0 5.76163 -45.0
0 5.76163 -45.0
0 5.74322 -44.5
0 5.76777 -45.0
0 5.75550 -45.0
0 5.74936 -44.5
0 5.74936 -45.0
0 5.76777 -45.0
0 5.75550 -45.0
0 5.74322 -45.0
0 5.76777 -44.5
0 5.78004 -45.0
0 5.76777 -45.0
0 5.76777 -45.0
0 5.76777 -45.0
0 5.76163 -44.5
0 5.76777 -45.0
0 5.75550 -45.0
0 5.75550 -45.0
0 5.76777 -45.0
0 5.75550 -45.0
0 5.76777 -45.0
0 5.75550 -45.0
0 5.74936 -45.0
0 5.76777 -45.0
0 5.78004 -45.0
0 5.76777 -45.0
0 5.76777 -45.0
0 5.76777 -45.0
0 5.76777 -45.0
0 5.76777 -45.0
0 5.73709 -45.0
0 5.76777 -45.0
0 5.75550 -45.0
0 5.74936 -45.0
0 5.75550 -45.0
0 5.77390 -45.0
0 5.78004 -44.5
0 5.76163 -44.5
0 5.76777 -45.0
0 5.74322 -45.0
0 5.74936 -44.5
0 5.75550 -45.0
0 5.75550 -45.0
0 5.75550 -45.0
0 5.75550 -44.5
0 5.77390 -45.0
0 5.76777 -45.0
0 5.76163 -44.5
0 5.78618 -45.0
0 5.77390 -45.0
0 5.76777 -45.0
0 5.77390 -45.0
0 5.76777 -45.0
0 5.78618 -45.0
0 5.76163 -44.5
0 5.74936 -45.0
0 5.76777 -45.0
0 5.76163 -44.5
0 5.75550 -45.0
0 5.76777 -45.0
0 5.76163 -45.0
0 5.76777 -44.5
0 5.76163 -45.0
0 5.76777 -45.0
0 5.76163 -45.0
0 5.78004 -45.0
0 5.76777 -45.0
0 5.76777 -45.0
0 5.78004 -45.0
0 5.78618 -45.0
0 5.77390 -45.0
0 5.78004 -45.0
0 5.78004 -45.0
0 5.76163 -44.5
0 5.77390 -45.0
0 5.78004 -44.5
0 5.76163 -45.0
0 5.76163 -45.0
0 5.76777 -45.0
0 5.77390 -44.5
0 5.76777 -45.0
0 5.76163 -44.5
0 5.77390 -45.0
0 5.74936 -45.0
0 5.78618 -45.0
0 5.76163 -45.0
0 5.77390 -44.5
0 5.74936 -45.0
0 5.77390 -45.0
0 5.77390 -44.5
0 5.76777 -45.0
0 5.77390 -45.0
0 5.75550 -45.0
0 5.76777 -45.0
0 5.77390 -45.0
0 5.76163 -44.5
0 5.78004 -44.5
0 5.77390 -45.0
0 5.76163 -45.0
0 5.77390 -45.0
0 5.78004 -45.0
0 5.77390 -45.0
0 5.77390 -44.5
0 5.75550 -45.0
0 5.78004 -44.5
0 5.77390 -45.0
0 5.78004 -45.0
0 5.76777 -45.0
0 5.76777 -45.0
0 5.78618 -45.0
