0 5.98866 -44.5
0 6.00093 -44.5
0 6.01320 -44.5
0 5.97639 -44.5
0 6.01320 -44.5
0 5.98253 -44.5
0 5.99480 -44.5
0 5.98253 -44.5
0 6.00707 -44.5
0 5.98866 -44.5
0 6.00093 -44.5
0 5.98866 -44.5
0 5.98253 -44.5
0 6.00093 -44.5
0 6.00093 -44.5
0 5.99480 -44.5
0 5.98866 -45.0
0 5.98253 -44.5
0 6.00093 -44.5
0 5.99480 -44.5
0 5.99480 -44.5
0 6.00093 -44.5
0 6.01320 -44.5
0 6.02548 -45.0
0 5.97639 -44.5
0 5.99480 -44.5
0 6.01934 -44.5
0 6.01320 -44.5
0 6.00707 -45.0
0 6.02548 -44.5
0 6.01320 -44.5
0 6.00093 -44.5
0 5.99480 -44.5
0 6.00707 -45.0
0 5.99480 -44.5
0 6.00093 -44.5
0 5.99480 -44.5
0 6.00093 -44.5
0 6.00093 -44.5
0 5.98253 -44.5
0 5.98866 -44.5
0 6.01320 -44.5
0 6.00093 -44.5
0 6.01320 -45.0
0 6.01934 -44.5
0 5.98866 -44.5
0 5.98866 -44.5
0 6.00707 -44.5
0 6.00707 -44.5
0 5.99480 -44.5
0 6.02548 -44.5
0 6.01320 -44.5
0 6.00093 -44.5
0 6.01320 -44.5
0 6.01320 -45.0
0 6.00707 -44.5
0 6.01320 -44.5
0 6.01320 -44.5
0 6.01320 -44.5
0 5.99480 -45.0
0 6.01320 -44.5
0 5.98253 -44.5
0 5.99480 -44.5
0 6.00093 -44.5
0 6.00093 -45.0
0 6.00707 -44.5
0 6.02548 -44.5
0 6.02548 -44.5
0 5.99480 -44.5
0 6.01320 -44.5
0 6.01320 -44.5
0 6.01934 -44.5
0 5.99480 -44.5
0 6.01934 -44.5
0 5.98866 -44.5
0 6.01320 -45.0
0 6.00093 -44.5
0 6.01934 -44.5
0 6.01934 -44.5
0 6.01320 -44.5
0 6.00093 -44.5
0 6.01320 -45.0
0 6.03161 -45.0
0 6.01320 -44.5
0 5.98866 -44.5
0 6.01934 -45.0
0 5.99480 -45.0
0 5.99480 -44.5
0 6.00707 -44.5
0 6.01320 -44.5
0 6.00707 -44.5
0 6.01934 -45.0
0 6.00093 -44.5
0 6.00093 -44.5
0 5.98866 -44.5
0 6.00093 -44.5
0 6.00093 -44.5
0 5.99480 -44.5
0 5.98253 -44.5
0 5.99480 -44.5
0 6.01934 -45.0
0 6.00707 -45.0
0 6.00707 -44.5
0 6.00093 -44.5
0 5.99480 -44.5
0 5.98866 -44.5
0 6.01934 -44.5
0 5.99480 -44.5
0 6.00707 -44.5
0 6.01934 -45.0
0 6.00707 -44.5
0 6.01934 -44.5
0 6.00707 -44.5
0 6.00093 -44.5
0 6.00707 -45.0
0 6.01320 -45.0
0 6.01320 -45.0
0 6.00707 -44.5
0 6.01934 -45.0
0 5.99480 -45.0
0 6.01320 -44.5
0 6.01320 -44.5
0 6.01934 -44.5
0 6.00093 -45.0
0 6.00093 -44.5
0 6.01320 -44.5
0 6.02548 -45.0
0 6.00707 -44.5
0 6.00707 -45.0
0 6.01320 -44.5
0 6.00093 -45.0
0 6.00707 -45.0
0 6.04388 -45.0
0 6.01934 -45.0
0 6.02548 -45.0
0 5.99480 -45.0
0 6.01320 -44.5
0 6.01934 -44.5
0 6.01934 -44.5
0 6.00093 -44.5
0 6.01320 -44.5
0 5.99480 -45.0
0 6.00093 -44.5
0 6.01320 -45.0
0 5.99480 -45.0
0 6.00093 -45.0
0 6.01320 -45.0
0 6.01934 -45.0
0 6.00707 -44.5
0 6.01934 -45.0
0 5.99480 -45.0
0 6.00093 -44.5
0 6.03161 -45.0
0 6.01934 -44.5
0 6.01934 -44.5
0 6.00707 -44.5
0 6.01320 -45.0
0 6.01320 -45.0
0 6.01934 -44.5
0 6.00093 -44.5
0 6.00093 -44.5
0 6.00707 -44.5
0 6.00707 -44.5
0 6.01320 -45.0
0 6.03775 -44.5
0 6.02548 -44.5
0 6.03161 -44.5
0 6.02548 -45.0
0 6.01320 -44.5
0 5.98866 -45.0
0 6.01934 -44.5
0 6.00707 -44.5
0 6.01934 -45.0
0 5.99480 -45.0
0 6.00093 -44.5
0 6.00093 -45.0
0 6.00093 -45.0
0 6.02548 -44.5
0 6.01934 -44.5
0 6.01320 -44.5
0 6.00093 -45.0
0 5.98866 -44.5
0 6.00707 -45.0
0 6.00093 -45.0
0 5.98866 -44.5
0 6.00093 -45.0
0 6.01934 -44.5
0 5.99480 -44.5
0 6.00707 -44.5
0 6.00093 -45.0
0 6.00707 -44.5
0 6.02548 -44.5
0 6.00707 -45.0
0 6.00707 -44.5
0 6.01320 -44.5
0 6.00707 -45.0
0 5.99480 -45.0
0 6.01934 -45.0
0 6.01934 -45.0
0 5.99480 -45.0
0 6.01320 -45.0
0 6.01320 -44.5
0 6.00707 -44.5
0 6.00093 -44.5
0 5.98866 -45.0
0 6.00707 -44.5
0 6.00093 -44.5
0 6.00093 -44.5
0 5.99480 -45.0
0 6.00093 -44.5
0 5.99480 -45.0
0 5.99480 -45.0
0 6.01320 -45.0
0 6.01934 -44.5
0 6.00093 -45.0
0 6.01934 -45.0
0 6.02548 -44.5
0 6.00093 -45.0
0 6.01320 -44.5
0 6.01320 -44.5
0 6.01320 -45.0
0 6.02548 -45.0
0 6.00093 -45.0
0 6.01320 -45.0
0 6.00093 -44.5
0 6.00707 -44.5
0 5.99480 -45.0
0 5.99480 -45.0
0 6.01934 -44.5
0 5.98866 -44.5
0 6.00093 -45.0
0 5.99480 -45.0
0 6.01320 -44.5
0 6.00093 -44.5
0 6.01320 -44.5
0 6.02548 -45.0
0 6.02548 -44.5
0 5.98866 -45.0
0 5.98866 -45.0
0 6.00707 -45.0
0 5.99480 -44.5
0 6.01320 -45.0
0 6.01320 -44.5
0 6.00707 -45.0
0 6.00093 -45.0
0 5.99480 -45.0
0 6.00093 -44.5
0 6.00093 -45.0
0 5.98866 -44.5
0 6.01934 -45.0
0 6.01320 -45.0
0 6.01320 -44.5
0 6.01934 -45.0
0 6.01320 -45.0
0 6.00707 -45.0
0 5.99480 -45.0
0 6.00093 -45.0
0 5.98866 -45.0
0 6.01934 -44.5
0 6.01320 -45.0
0 6.01320 -45.0
0 6.00707 -45.0
0 6.01934 -45.0
0 5.99480 -44.5
0 6.00093 -45.0
0 6.01320 -45.0
0 6.00093 -44.5
0 6.01320 -44.5
0 6.01934 -44.5
0 6.01320 -45.0
0 6.02548 -45.0
0 6.00093 -44.5
0 6.01934 -44.5
0 6.00093 -44.5
0 6.00093 -45.0
0 6.00093 -44.5
0 6.02548 -44.5
0 5.98253 -44.5
0 6.00093 -45.0
0 6.00707 -45.0
0 6.01320 -45.0
0 5.98253 -44.5
0 6.00093 -45.0
0 6.00093 -44.5
0 6.00707 -44.5
0 6.00707 -44.5
0 5.98253 -45.0
0 6.00093 -45.0
0 5.99480 -44.5
0 5.98866 -45.0
0 6.01934 -45.0
0 6.02548 -44.5
0 5.99480 -45.0
0 6.00707 -45.0
0 6.01934 -45.0
0 5.98253 -44.5
0 5.99480 -45.0
0 6.00093 -45.0
0 5.99480 -44.5
0 6.01320 -44.5
0 6.00093 -44.5
0 6.01934 -44.5
0 5.99480 -44.5
0 6.01934 -45.0
0 6.00093 -45.0
0 6.00707 -44.5
0 6.00093 -45.0
0 6.00093 -44.5
0 6.00093 -45.0
0 6.00707 -45.0
0 6.00093 -45.0
0 6.00093 -44.5
0 6.01320 -45.0
0 5.98866 -45.0
0 6.01320 -44.5
0 5.99480 -45.0
0 5.99480 -44.5
0 6.00093 -44.5
0 5.98866 -45.0
0 6.00093 -45.0
0 6.01934 -45.0
0 6.00093 -44.5
0 5.98866 -45.0
0 5.98253 -44.5
0 5.99480 -45.0
0 6.00707 -45.0
0 5.98866 -45.0
0 6.00093 -45.0
0 6.00707 -45.0
0 6.00707 -44.5
0 5.99480 -45.0
0 6.00093 -44.5
0 6.00093 -45.0
0 6.02548 -45.0
0 6.00707 -45.0
0 5.99480 -44.5
0 6.00707 -45.0
0 5.99480 -45.0
0 6.00707 -44.5
0 6.00093 -44.5
0 6.00707 -44.5
0 5.98866 -45.0
0 6.00093 -44.5
0 6.00093 -44.5
0 6.00707 -45.0
0 6.02548 -45.0
0 6.01934 -44.5
0 6.01320 -44.5
0 5.98866 -45.0
0 6.01320 -44.5
0 6.00093 -44.5
0 5.99480 -44.5
0 6.00093 -45.0
0 6.01320 -45.0
0 6.00707 -44.5
0 6.00707 -44.5
0 5.99480 -44.5
0 6.00707 -44.5
0 6.01320 -45.0
0 6.01320 -45.0
0 6.01320 -45.0
0 6.01934 -44.5
0 6.00707 -44.5
0 5.98866 -44.5
0 5.98866 -44.5
0 5.99480 -45.0
0 6.00093 -45.0
0 5.98253 -44.5
0 6.00707 -44.5
0 6.00093 -45.0
0 5.99480 -45.0
0 5.97639 -45.0
0 6.00707 -44.5
0 6.00707 -45.0
0 6.01320 -44.5
0 6.00093 -44.5
0 6.00707 -45.0
0 6.02548 -45.0
0 5.99480 -45.0
0 6.03161 -44.5
0 6.01320 -44.5
0 5.99480 -45.0
0 6.00707 -44.5
0 5.99480 -44.5
0 5.98866 -44.5
0 6.02548 -44.5
0 6.00093 -45.0
0 6.02548 -44.5
0 6.00093 -45.0
0 5.98866 -45.0
0 6.02548 -45.0
0 6.01320 -45.0
0 5.98866 -44.5
0 5.99480 -45.0
0 6.00093 -44.5
0 5.99480 -45.0
0 6.01934 -45.0
0 6.00093 -45.0
0 6.00093 -44.5
0 5.99480 -45.0
0 6.00093 -45.0
0 6.00707 -44.5
0 6.01934 -45.0
0 5.99480 -45.0
0 6.02548 -45.0
0 5.99480 -45.0
0 6.00707 -45.0
0 6.01320 -45.0
0 6.01320 -44.5
0 6.00707 -45.0
0 6.00093 -44.5
0 6.00707 -44.5
0 6.01320 -45.0
0 6.02548 -45.0
0 6.00707 -44.5
0 5.99480 -44.5
0 6.01320 -44.5
0 5.99480 -45.0
0 6.02548 -44.5
0 6.01320 -44.5
0 6.01934 -44.5
0 6.01934 -44.5
0 6.02548 -44.5
0 6.01320 -45.0
0 6.00093 -44.5
0 6.00707 -45.0
0 6.00707 -45.0
0 6.01934 -44.5
0 6.02548 -44.5
0 5.99480 -44.5
0 6.01934 -44.5
0 6.00093 -44.5
0 6.01934 -44.5
0 6.00707 -45.0
0 6.01320 -45.0
0 6.01320 -44.5
0 6.01320 -44.5
0 6.00093 -45.0
0 6.01320 -44.5
0 6.00707 -45.0
0 6.03161 -45.0
0 6.01320 -44.5
0 6.01320 -45.0
0 6.01320 -44.5
0 6.01320 -45.0
0 5.98866 -44.5
0 5.99480 -45.0
0 6.01320 -44.5
0 6.02548 -44.5
0 5.98866 -44.5
0 6.00093 -44.5
0 6.00093 -44.5
0 6.01320 -44.5
0 6.00093 -44.5
0 5.99480 -44.5
0 6.01320 -44.5
0 6.01934 -45.0
0 6.01320 -44.5
0 6.00707 -44.5
0 6.02548 -44.5
0 6.01934 -45.0
0 5.98866 -45.0
0 6.00707 -44.5
0 6.01934 -45.0
0 6.01320 -44.5
0 6.01934 -44.5
0 6.00707 -44.5
0 5.99480 -45.0
0 6.03161 -44.5
0 6.00707 -44.5
0 6.02548 -44.5
0 6.00707 -45.0
0 6.03161 -45.0
0 5.99480 -45.0
0 6.03161 -45.0
0 6.02548 -44.5
0 5.99480 -45.0
0 6.00093 -44.5
0 6.01934 -45.0
0 6.01934 -45.0
0 6.01934 -44.5
0 6.00093 -45.0
0 6.00093 -44.5
0 6.01320 -44.5
0 6.01320 -44.5
0 6.01320 -44.5
0 6.01320 -44.5
0 6.01320 -45.0
0 6.00093 -44.5
0 6.00707 -44.5
0 6.01934 -45.0
0 6.01934 -44.5
0 6.00707 -45.0
0 6.03775 -45.0
0 6.00093 -45.0
0 6.03775 -45.0
0 6.01934 -45.0
0 6.00093 -44.5
0 6.00707 -45.0
0 6.00093 -44.5
0 5.98866 -44.5
0 6.00707 -44.5
0 6.03775 -44.5
0 6.03161 -45.0
0 6.01320 -44.5
0 5.99480 -45.0
0 5.98866 -44.5
0 6.03161 -45.0
0 6.02548 -45.0
0 6.01320 -44.5
0 5.99480 -45.0
0 6.02548 -45.0
0 6.02548 -44.5
0 6.00707 -45.0
0 6.01934 -44.5
0 6.01934 -45.0
0 6.01320 -44.5
0 6.01934 -45.0
0 6.03161 -44.5
0 6.02548 -44.5
0 6.00707 -44.5
0 6.00707 -45.0
0 6.03161 -45.0
0 5.98866 -45.0
0 6.00093 -45.0
0 5.99480 -44.5
0 5.99480 -45.0
0 6.01934 -45.0
0 6.02548 -44.5
0 6.01934 -44.5
0 6.01934 -45.0
