0 0.07363 -45.5
0 0.06750 -45.5
0 0.06750 -45.5
0 0.07363 -46.0
0 0.08590 -45.5
0 0.07977 -45.5
0 0.06136 -45.5
0 0.06750 -46.0
0 0.08590 -45.5
0 0.07977 -46.0
0 0.07363 -45.5
0 0.06136 -45.5
0 0.08590 -46.0
0 0.07977 -45.5
0 0.07977 -46.0
0 0.07363 -46.0
0 0.07363 -46.0
0 0.09817 -45.5
0 0.07363 -45.5
0 0.07977 -46.0
0 0.08590 -45.5
0 0.07977 -46.0
0 0.07977 -46.0
0 0.07977 -45.5
0 0.06136 -45.5
0 0.06750 -45.5
0 0.08590 -45.5
0 0.06750 -46.0
0 0.07363 -46.0
0 0.09817 -45.5
0 0.07363 -45.5
0 0.06750 -46.0
0 0.07977 -45.5
0 0.06750 -45.5
0 0.07977 -45.5
0 0.07363 -46.0
0 0.10431 -45.5
0 0.06750 -46.0
0 0.09204 -45.5
0 0.08590 -45.5
0 0.08590 -45.5
0 0.09204 -45.5
0 0.07977 -45.5
0 0.08590 -46.0
0 0.08590 -45.5
0 0.09204 -45.5
0 0.07977 -45.5
0 0.07977 -46.0
0 0.06136 -45.5
0 0.06750 -46.0
0 0.08590 -45.5
0 0.07363 -45.5
0 0.07977 -45.5
0 0.10431 -45.5
0 0.08590 -46.0
0 0.09204 -46.0
0 0.07363 -46.0
0 0.07363 -45.5
0 0.07363 -45.5
0 0.06750 -45.5
0 0.10431 -46.0
0 0.06136 -46.0
0 0.07977 -45.5
0 0.09817 -45.5
0 0.09204 -45.5
0 0.09817 -45.5
0 0.08590 -45.5
0 0.09204 -46.0
0 0.07977 -46.0
0 0.10431 -45.5
0 0.07363 -45.5
0 0.11045 -45.5
0 0.07977 -45.5
0 0.08590 -45.5
0 0.09817 -45.5
0 0.09204 -46.0
0 0.09204 -45.5
0 0.09817 -45.5
0 0.09204 -45.5
0 0.09817 -46.0
0 0.09204 -46.0
0 0.10431 -45.5
0 0.07977 -46.0
0 0.07363 -45.5
0 0.10431 -45.5
0 0.09204 -46.0
0 0.08590 -46.0
0 0.07977 -45.5
0 0.09817 -45.5
0 0.09204 -46.0
0 0.07977 -45.5
0 0.08590 -45.5
0 0.09817 -45.5
0 0.07363 -45.5
0 0.08590 -45.5
0 0.09204 -45.5
0 0.09204 -45.5
0 0.09817 -45.5
0 0.09817 -46.0
0 0.07977 -46.0
0 0.09204 -46.0
0 0.09204 -46.0
0 0.09204 -45.5
0 0.08590 -46.0
0 0.11045 -45.5
0 0.10431 -45.5
0 0.08590 -45.5
0 0.08590 -45.5
0 0.09817 -45.5
0 0.07977 -45.5
0 0.08590 -46.0
0 0.08590 -45.5
0 0.07977 -45.5
0 0.07977 -46.0
0 0.07977 -46.0
0 0.09204 -45.5
0 0.08590 -45.5
0 0.06750 -45.5
0 0.09204 -45.5
0 0.09204 -45.5
0 0.08590 -45.5
0 0.08590 -45.5
0 0.08590 -45.5
0 0.07977 -45.5
0 0.08590 -45.5
0 0.09817 -45.5
0 0.09204 -45.5
0 0.07977 -45.5
0 0.09817 -45.5
0 0.08590 -45.5
0 0.09817 -46.0
0 0.09817 -45.5
0 0.09204 -45.5
0 0.07977 -46.0
0 0.10431 -45.5
0 0.09204 -46.0
0 0.11045 -45.5
0 0.09817 -46.0
0 0.07977 -45.5
0 0.08590 -46.0
0 0.09204 -46.0
0 0.07977 -45.5
0 0.09204 -45.5
0 0.08590 -45.5
0 0.09204 -46.0
0 0.09817 -45.5
0 0.10431 -45.5
0 0.09204 -46.0
0 0.09817 -45.5
0 0.10431 -45.5
0 0.08590 -46.0
0 0.07977 -45.5
0 0.09204 -45.5
0 0.09204 -45.5
0 0.10431 -45.5
0 0.09817 -45.5
0 0.07977 -45.5
0 0.09204 -45.5
0 0.08590 -45.5
0 0.09817 -45.5
0 0.08590 -45.5
0 0.08590 -45.5
0 0.09817 -45.5
0 0.10431 -45.5
0 0.10431 -46.0
0 0.07977 -46.0
0 0.09204 -45.5
0 0.07363 -46.0
0 0.07977 -46.0
0 0.07977 -45.5
0 0.09204 -46.0
0 0.07363 -45.5
0 0.08590 -46.0
0 0.09204 -46.0
0 0.09204 -46.0
0 0.09817 -46.0
0 0.09817 -46.0
0 0.10431 -45.5
0 0.08590 -45.5
0 0.09817 -45.5
0 0.07363 -45.5
0 0.08590 -46.0
0 0.09817 -46.0
0 0.07977 -46.0
0 0.07977 -45.5
0 0.10431 -45.5
0 0.10431 -45.5
0 0.09204 -45.5
0 0.09817 -45.5
0 0.09204 -45.5
0 0.08590 -45.5
0 0.09204 -46.0
0 0.09204 -46.0
0 0.08590 -46.0
0 0.09204 -45.5
0 0.09204 -45.5
0 0.06750 -46.0
0 0.08590 -45.5
0 0.11045 -46.0
0 0.09204 -45.5
0 0.07977 -45.5
0 0.11658 -46.0
0 0.09204 -46.0
0 0.08590 -45.5
0 0.07977 -46.0
0 0.07363 -45.5
0 0.07977 -46.0
0 0.06136 -46.0
0 0.07363 -45.5
0 0.07977 -45.5
0 0.08590 -46.0
0 0.07977 -45.5
0 0.06750 -46.0
0 0.08590 -46.0
0 0.07363 -46.0
0 0.07977 -46.0
0 0.06136 -45.5
0 0.06136 -45.5
0 0.07363 -46.0
0 0.08590 -46.0
0 0.07977 -45.5
0 0.07977 -46.0
0 0.07977 -45.5
0 0.10431 -45.5
0 0.09204 -46.0
0 0.07363 -45.5
0 0.09817 -45.5
0 0.09204 -45.5
0 0.09204 -45.5
0 0.07363 -46.0
0 0.07977 -45.5
0 0.06750 -45.5
0 0.07977 -45.5
0 0.07977 -46.0
0 0.07363 -46.0
0 0.07363 -45.5
0 0.07977 -46.0
0 0.07977 -46.0
0 0.07977 -45.5
0 0.09204 -45.5
0 0.07977 -45.5
0 0.07977 -45.5
0 0.07363 -46.0
0 0.08590 -45.5
0 0.07977 -46.0
0 0.05522 -45.5
0 0.08590 -45.5
0 0.06136 -45.5
0 0.10431 -45.5
0 0.07977 -45.5
0 0.08590 -46.0
0 0.06750 -45.5
0 0.08590 -46.0
0 0.08590 -46.0
0 0.06136 -46.0
0 0.06750 -45.5
0 0.07363 -46.0
0 0.07363 -45.5
0 0.07977 -46.0
0 0.07363 -45.5
0 0.08590 -45.5
0 0.06750 -45.5
0 0.09817 -46.0
0 0.09204 -45.5
0 0.07977 -46.0
0 0.09204 -45.5
0 0.09817 -46.0
0 0.07977 -46.0
0 0.07363 -45.5
0 0.07977 -45.5
0 0.08590 -45.5
0 0.06750 -46.0
0 0.07977 -45.5
0 0.08590 -45.5
0 0.07363 -46.0
0 0.07363 -45.5
0 0.08590 -45.5
0 0.10431 -46.0
0 0.09817 -45.5
0 0.07363 -45.5
0 0.08590 -45.5
0 0.09204 -45.5
0 0.08590 -45.5
0 0.09817 -45.5
0 0.07363 -46.0
0 0.08590 -45.5
0 0.07363 -45.5
0 0.09204 -46.0
0 0.07977 -45.5
0 0.07977 -45.5
0 0.05522 -45.5
0 0.06750 -45.5
0 0.09817 -46.0
0 0.06750 -46.0
0 0.06750 -45.5
0 0.08590 -45.5
0 0.08590 -46.0
0 0.09204 -46.0
0 0.06750 -46.0
0 0.08590 -46.0
0 0.07363 -45.5
0 0.06750 -45.5
0 0.07363 -45.5
0 0.08590 -45.5
0 0.07363 -45.5
0 0.06750 -46.0
0 0.07363 -45.5
0 0.11658 -46.0
0 0.07977 -45.5
0 0.07363 -45.5
0 0.07363 -46.0
0 0.06750 -45.5
0 0.06136 -46.0
0 0.06136 -46.0
0 0.07363 -45.5
0 0.06750 -45.5
0 0.08590 -46.0
0 0.07363 -46.0
0 0.07977 -45.5
0 0.07363 -46.0
0 0.08590 -45.5
0 0.07977 -46.0
0 0.08590 -46.0
0 0.09204 -46.0
0 0.08590 -46.0
0 0.08590 -45.5
0 0.07977 -45.5
0 0.07977 -46.0
0 0.07363 -45.5
0 0.06750 -45.5
0 0.08590 -45.5
0 0.07363 -45.5
0 0.07977 -45.5
0 0.08590 -46.0
0 0.06750 -45.5
0 0.08590 -45.5
0 0.06750 -46.0
0 0.06750 -46.0
0 0.07363 -45.5
0 0.09204 -45.5
0 0.07363 -46.0
0 0.09204 -46.0
0 0.07363 -45.5
0 0.07977 -45.5
0 0.08590 -45.5
0 0.08590 -45.5
0 0.08590 -45.5
0 0.08590 -46.0
0 0.07363 -46.0
0 0.08590 -46.0
0 0.07977 -46.0
0 0.09817 -46.0
0 0.06750 -46.0
0 0.09204 -45.5
0 0.07363 -46.0
0 0.07977 -46.0
0 0.07977 -45.5
0 0.07363 -45.5
0 0.07363 -46.0
0 0.07977 -46.0
0 0.07363 -45.5
0 0.08590 -46.0
0 0.08590 -45.5
0 0.09204 -46.0
0 0.09204 -46.0
0 0.07363 -45.5
0 0.08590 -45.5
0 0.06136 -45.5
0 0.07363 -45.5
0 0.07977 -45.5
0 0.09204 -45.5
0 0.07977 -45.5
0 0.06750 -45.5
0 0.07977 -46.0
0 0.07977 -45.5
0 0.07363 -45.5
0 0.07977 -45.5
0 0.07363 -46.0
0 0.07977 -45.5
0 0.07977 -45.5
0 0.06750 -46.0
0 0.07977 -46.0
0 0.07363 -45.5
0 0.09817 -46.0
0 0.07363 -45.5
0 0.08590 -45.5
0 0.07977 -45.5
0 0.07363 -46.0
0 0.09204 -45.5
0 0.07363 -45.5
0 0.06750 -46.0
0 0.07977 -45.5
0 0.07977 -45.5
0 0.07977 -46.0
0 0.10431 -46.0
0 0.07363 -45.5
0 0.07977 -46.0
0 0.08590 -45.5
0 0.08590 -46.0
0 0.07977 -45.5
0 0.07977 -46.0
0 0.07363 -46.0
0 0.07363 -45.5
0 0.08590 -45.5
0 0.07363 -46.0
0 0.06136 -45.5
0 0.09204 -46.0
0 0.08590 -46.0
0 0.07977 -45.5
0 0.07977 -45.5
0 0.07363 -46.0
0 0.07977 -45.5
0 0.07977 -46.0
0 0.07363 -46.0
0 0.09204 -46.0
0 0.09204 -46.0
0 0.07977 -46.0
0 0.07977 -46.0
0 0.11045 -46.0
0 0.09817 -45.5
0 0.07977 -45.5
0 0.09204 -45.5
0 0.07977 -46.0
0 0.08590 -46.0
0 0.06750 -46.0
0 0.05522 -46.0
0 0.08590 -46.0
0 0.07363 -46.0
0 0.06750 -46.0
0 0.06136 -46.0
0 0.07363 -46.0
0 0.07977 -46.0
0 0.08590 -46.0
0 0.08590 -46.0
0 0.09817 -45.5
0 0.07363 -46.0
0 0.08590 -46.0
0 0.07977 -45.5
0 0.07363 -46.0
0 0.07363 -46.0
0 0.09204 -46.0
0 0.07363 -46.0
0 0.09204 -46.0
0 0.06750 -46.0
0 0.07977 -46.0
0 0.08590 -46.0
0 0.06750 -45.5
0 0.07977 -46.0
0 0.07363 -46.0
0 0.07977 -46.0
0 0.10431 -45.5
0 0.08590 -46.0
0 0.09204 -45.5
0 0.06750 -45.5
0 0.07977 -46.0
0 0.08590 -46.0
0 0.06750 -45.5
0 0.07363 -45.5
0 0.07363 -46.0
0 0.06136 -45.5
0 0.07363 -45.5
0 0.08590 -45.5
0 0.09817 -46.0
0 0.09817 -46.0
0 0.07363 -45.5
0 0.10431 -46.0
0 0.08590 -46.0
0 0.07363 -45.5
0 0.08590 -45.5
0 0.07363 -45.5
0 0.09204 -45.5
0 0.08590 -46.0
0 0.09204 -46.0
0 0.09204 -46.0
0 0.07977 -45.5
0 0.09204 -46.0
0 0.06136 -46.0
0 0.07363 -45.5
0 0.07977 -46.0
0 0.08590 -46.0
0 0.07977 -46.0
0 0.08590 -45.5
0 0.07977 -46.0
0 0.08590 -46.0
0 0.08590 -45.5
0 0.07363 -46.0
0 0.09204 -46.0
0 0.07977 -45.5
0 0.08590 -46.0
0 0.08590 -46.0
0 0.09204 -46.0
0 0.06750 -46.0
0 0.07363 -46.0
0 0.07977 -45.5
0 0.08590 -45.5
0 0.07977 -45.5
0 0.07363 -45.5
0 0.07363 -46.0
0 0.09204 -46.0
0 0.08590 -46.0
0 0.08590 -46.0
0 0.08590 -46.0
0 0.07363 -46.0
0 0.09204 -45.5
0 0.07363 -46.0
0 0.06136 -46.0
0 0.07363 -46.0
0 0.07977 -46.0
0 0.09204 -46.0
0 0.07363 -46.0
0 0.06750 -46.0
0 0.08590 -45.5
0 0.09204 -46.0
0 0.08590 -45.5
0 0.07363 -46.0
0 0.09204 -46.0
0 0.07977 -46.0
0 0.08590 -45.5
0 0.06136 -46.0
0 0.08590 -46.0
0 0.07363 -46.0
0 0.05522 -45.5
0 0.09204 -45.5
0 0.07977 -45.5
0 0.06136 -45.5
0 0.08590 -45.5
0 0.09204 -46.0
0 0.08590 -45.5
0 0.09204 -46.0
0 0.08590 -46.0
0 0.06750 -45.5
