0 0.28839 -44.5
0 0.26384 -45.0
0 0.26384 -45.0
0 0.28839 -44.5
0 0.28839 -45.0
0 0.28839 -44.5
0 0.28839 -45.0
0 0.30680 -45.0
0 0.30066 -44.5
0 0.26998 -44.5
0 0.26384 -44.5
0 0.29452 -45.0
0 0.28225 -45.0
0 0.30680 -45.0
0 0.28839 -45.0
0 0.27612 -45.0
0 0.30066 -45.0
0 0.28839 -44.5
0 0.30066 -45.0
0 0.30680 -45.0
0 0.30066 -45.0
0 0.29452 -45.0
0 0.30066 -44.5
0 0.31293 -45.0
0 0.29452 -45.0
0 0.27612 -45.0
0 0.28839 -45.0
0 0.29452 -44.5
0 0.30680 -45.0
0 0.30066 -45.0
0 0.28839 -44.5
0 0.30066 -45.0
0 0.27612 -45.0
0 0.28225 -45.0
0 0.29452 -44.5
0 0.30680 -45.0
0 0.30680 -44.5
0 0.29452 -45.0
0 0.29452 -45.0
0 0.29452 -45.0
0 0.29452 -44.5
0 0.30066 -45.0
0 0.31293 -45.0
0 0.29452 -45.0
0 0.31293 -44.5
0 0.30680 -45.0
0 0.29452 -44.5
0 0.28839 -45.0
0 0.30066 -45.0
0 0.28225 -44.5
0 0.30680 -45.0
0 0.28839 -45.0
0 0.31293 -45.0
0 0.30680 -44.5
0 0.30680 -45.0
0 0.30066 -45.0
0 0.30680 -45.0
0 0.29452 -44.5
0 0.28839 -45.0
0 0.27612 -45.0
0 0.30680 -45.0
0 0.29452 -45.0
0 0.30680 -45.0
0 0.31293 -45.0
0 0.31293 -45.0
0 0.30680 -45.0
0 0.28839 -45.0
0 0.30066 -45.0
0 0.30680 -45.0
0 0.30066 -45.0
0 0.29452 -45.0
0 0.31907 -45.0
0 0.31293 -44.5
0 0.30066 -44.5
0 0.31907 -45.0
0 0.29452 -44.5
0 0.30066 -45.0
0 0.30680 -45.0
0 0.29452 -45.0
0 0.30066 -45.0
0 0.31293 -45.0
0 0.28225 -45.0
0 0.31293 -45.0
0 0.30066 -44.5
0 0.29452 -45.0
0 0.28839 -44.5
0 0.30066 -44.5
0 0.32520 -45.0
0 0.30680 -45.0
0 0.30066 -45.0
0 0.30680 -45.0
0 0.31907 -45.0
0 0.31293 -44.5
0 0.30680 -44.5
0 0.31293 -45.0
0 0.31907 -45.0
0 0.30066 -44.5
0 0.30680 -45.0
0 0.31293 -45.0
0 0.32520 -45.0
0 0.31293 -45.0
0 0.28225 -45.0
0 0.31293 -45.0
0 0.30680 -45.0
0 0.30680 -45.0
0 0.31293 -45.0
0 0.31907 -45.0
0 0.31293 -45.0
0 0.30680 -45.0
0 0.30680 -45.0
0 0.31293 -45.0
0 0.28839 -45.0
0 0.31907 -45.0
0 0.31293 -45.0
0 0.31907 -45.0
0 0.28225 -45.0
0 0.30680 -44.5
0 0.30680 -45.0
0 0.31293 -45.0
0 0.30066 -45.0
0 0.31293 -44.5
0 0.29452 -45.0
0 0.30680 -45.0
0 0.30680 -45.0
0 0.29452 -45.0
0 0.30066 -45.0
0 0.28225 -45.0
0 0.31293 -45.0
0 0.30680 -44.5
0 0.31293 -45.0
0 0.30680 -45.0
0 0.29452 -44.5
0 0.30680 -45.0
0 0.30680 -44.5
0 0.29452 -44.5
0 0.29452 -45.0
0 0.31293 -45.0
0 0.31293 -45.0
0 0.31907 -45.0
0 0.28225 -45.0
0 0.28839 -45.0
0 0.30680 -44.5
0 0.30680 -45.0
0 0.30066 -45.0
0 0.29452 -45.0
0 0.31907 -44.5
0 0.29452 -45.0
0 0.31907 -45.0
0 0.31293 -45.0
0 0.29452 -45.0
0 0.30680 -45.0
0 0.30066 -45.0
0 0.30066 -44.5
0 0.30680 -45.0
0 0.31907 -44.5
0 0.28839 -45.0
0 0.30066 -45.0
0 0.31293 -45.0
0 0.30680 -45.0
0 0.30066 -44.5
0 0.31293 -44.5
0 0.30680 -45.0
0 0.31293 -44.5
0 0.29452 -44.5
0 0.31907 -44.5
0 0.27612 -45.0
0 0.31293 -45.0
0 0.31907 -45.0
0 0.31293 -45.0
0 0.31293 -44.5
0 0.30680 -44.5
0 0.30680 -44.5
0 0.30680 -45.0
0 0.31293 -45.0
0 0.31907 -45.0
0 0.30066 -45.0
0 0.30066 -45.0
0 0.30680 -44.5
0 0.31293 -44.5
0 0.29452 -45.0
0 0.30680 -44.5
0 0.31293 -45.0
0 0.31907 -44.5
0 0.30066 -44.5
0 0.28839 -44.5
0 0.31293 -45.0
0 0.30680 -44.5
0 0.31907 -45.0
0 0.29452 -45.0
0 0.31293 -45.0
0 0.31293 -45.0
0 0.31293 -45.0
0 0.30680 -45.0
0 0.31907 -45.0
0 0.31293 -45.0
0 0.30680 -45.0
0 0.31293 -44.5
0 0.30680 -44.5
0 0.30066 -45.0
0 0.31293 -45.0
0 0.32520 -45.0
0 0.30680 -44.5
0 0.31293 -45.0
0 0.30680 -45.0
0 0.30680 -45.0
0 0.28839 -45.0
0 0.30680 -45.0
0 0.28225 -45.0
0 0.28839 -45.0
0 0.30066 -44.5
0 0.30066 -44.5
0 0.28839 -45.0
0 0.29452 -45.0
0 0.27612 -45.0
0 0.30066 -44.5
0 0.29452 -45.0
0 0.28839 -45.0
0 0.29452 -45.0
0 0.28839 -44.5
0 0.28225 -44.5
0 0.31293 -44.5
0 0.29452 -45.0
0 0.28839 -44.5
0 0.30066 -45.0
0 0.29452 -44.5
0 0.29452 -44.5
0 0.29452 -44.5
0 0.30066 -44.5
0 0.29452 -44.5
0 0.29452 -45.0
0 0.28225 -45.0
0 0.28839 -44.5
0 0.30066 -44.5
0 0.29452 -44.5
0 0.29452 -45.0
0 0.30680 -45.0
0 0.28225 -44.5
0 0.29452 -44.5
0 0.30680 -44.5
0 0.28839 -45.0
0 0.26998 -44.5
0 0.29452 -44.5
0 0.28225 -44.5
0 0.30066 -44.5
0 0.28839 -44.5
0 0.28839 -45.0
0 0.28839 -45.0
0 0.30066 -44.5
0 0.30680 -44.5
0 0.29452 -45.0
0 0.29452 -44.5
0 0.29452 -45.0
0 0.28839 -44.5
0 0.28225 -44.5
0 0.30680 -44.5
0 0.30680 -45.0
0 0.29452 -45.0
0 0.29452 -44.5
0 0.28839 -45.0
0 0.29452 -44.5
0 0.29452 -44.5
0 0.29452 -45.0
0 0.30680 -44.5
0 0.29452 -45.0
0 0.28839 -45.0
0 0.30066 -44.5
0 0.30066 -45.0
0 0.31293 -44.5
0 0.28839 -45.0
0 0.30680 -44.5
0 0.29452 -45.0
0 0.31293 -45.0
0 0.29452 -45.0
0 0.30066 -44.5
0 0.30066 -44.5
0 0.29452 -45.0
0 0.28225 -44.5
0 0.30680 -45.0
0 0.30680 -45.0
0 0.29452 -45.0
0 0.30066 -45.0
0 0.29452 -44.5
0 0.29452 -44.5
0 0.30680 -44.5
0 0.30066 -44.5
0 0.31293 -44.5
0 0.27612 -45.0
0 0.30066 -44.5
0 0.30066 -44.5
0 0.30066 -44.5
0 0.30066 -45.0
0 0.30066 -45.0
0 0.29452 -44.5
0 0.30680 -45.0
0 0.30066 -44.5
0 0.28839 -45.0
0 0.29452 -44.5
0 0.29452 -45.0
0 0.31907 -44.5
0 0.30680 -44.5
0 0.30066 -45.0
0 0.31907 -44.5
0 0.30680 -45.0
0 0.31293 -45.0
0 0.31293 -44.5
0 0.28839 -45.0
0 0.31293 -44.5
0 0.28839 -45.0
0 0.31907 -44.5
0 0.30066 -44.5
0 0.30680 -44.5
0 0.30680 -45.0
0 0.28839 -45.0
0 0.28839 -44.5
0 0.30680 -45.0
0 0.28225 -45.0
0 0.30680 -44.5
0 0.30066 -45.0
0 0.30680 -44.5
0 0.29452 -44.5
0 0.29452 -45.0
0 0.29452 -44.5
0 0.30066 -44.5
0 0.29452 -44.5
0 0.29452 -45.0
0 0.31293 -45.0
0 0.29452 -44.5
0 0.30680 -44.5
0 0.30066 -45.0
0 0.30680 -45.0
0 0.30066 -45.0
0 0.29452 -45.0
0 0.29452 -44.5
0 0.30066 -44.5
0 0.29452 -44.5
0 0.30066 -44.5
0 0.29452 -44.5
0 0.30066 -44.5
0 0.29452 -44.5
0 0.30066 -44.5
0 0.30680 -45.0
0 0.30066 -45.0
0 0.30680 -44.5
0 0.31293 -45.0
0 0.30680 -45.0
0 0.31907 -45.0
0 0.30066 -44.5
0 0.30680 -44.5
0 0.28225 -45.0
0 0.28839 -45.0
0 0.30066 -45.0
0 0.28839 -45.0
0 0.30680 -44.5
0 0.30066 -45.0
0 0.30066 -45.0
0 0.29452 -45.0
0 0.31293 -44.5
0 0.30066 -45.0
0 0.30066 -45.0
0 0.30680 -45.0
0 0.30066 -45.0
0 0.30066 -45.0
0 0.29452 -44.5
0 0.29452 -45.0
0 0.30680 -44.5
0 0.30066 -44.5
0 0.29452 -44.5
0 0.29452 -45.0
0 0.30066 -44.5
0 0.30066 -44.5
0 0.30680 -45.0
0 0.29452 -44.5
0 0.30066 -45.0
0 0.29452 -45.0
0 0.28839 -45.0
0 0.31293 -44.5
0 0.29452 -44.5
0 0.31293 -45.0
0 0.29452 -44.5
0 0.30066 -44.5
0 0.28839 -44.5
0 0.28839 -45.0
0 0.29452 -44.5
0 0.30066 -45.0
0 0.28839 -45.0
0 0.29452 -44.5
0 0.28839 -44.5
0 0.30066 -45.0
0 0.29452 -44.5
0 0.28839 -44.5
0 0.28839 -44.5
0 0.28839 -44.5
0 0.30066 -45.0
0 0.30680 -45.0
0 0.30066 -44.5
0 0.30066 -44.5
0 0.28225 -44.5
0 0.30066 -44.5
0 0.29452 -45.0
0 0.30066 -45.0
0 0.29452 -44.5
0 0.30066 -44.5
0 0.29452 -45.0
0 0.30066 -45.0
0 0.30680 -45.0
0 0.28839 -45.0
0 0.30066 -45.0
0 0.28225 -44.5
0 0.28839 -44.5
0 0.28839 -44.5
0 0.28839 -44.5
0 0.30066 -45.0
0 0.29452 -45.0
0 0.28839 -45.0
0 0.30066 -45.0
0 0.27612 -44.5
0 0.27612 -45.0
0 0.28839 -44.5
0 0.28839 -45.0
0 0.28225 -44.5
0 0.30680 -45.0
0 0.29452 -44.5
0 0.28839 -44.5
0 0.30066 -44.5
0 0.29452 -45.0
0 0.28839 -44.5
0 0.30680 -45.0
0 0.29452 -44.5
0 0.30680 -44.5
0 0.30680 -45.0
0 0.28225 -44.5
0 0.30680 -44.5
0 0.28839 -44.5
0 0.29452 -44.5
0 0.30066 -44.5
0 0.27612 -44.5
0 0.28225 -44.5
0 0.30680 -44.5
0 0.28839 -44.5
0 0.26998 -44.5
0 0.28839 -44.5
0 0.29452 -45.0
0 0.28839 -44.5
0 0.28839 -45.0
0 0.28225 -44.5
0 0.29452 -44.5
0 0.26998 -45.0
0 0.28839 -45.0
0 0.28839 -45.0
0 0.28225 -45.0
0 0.30066 -44.5
0 0.29452 -44.5
0 0.28839 -44.5
0 0.28839 -45.0
0 0.28839 -45.0
0 0.27612 -45.0
0 0.28839 -44.5
0 0.30680 -45.0
0 0.28839 -44.5
0 0.29452 -44.5
0 0.30066 -44.5
0 0.29452 -45.0
0 0.30066 -45.0
0 0.31293 -45.0
0 0.28839 -44.5
0 0.29452 -45.0
0 0.28839 -44.5
0 0.30066 -45.0
0 0.30066 -44.5
0 0.30066 -44.5
0 0.30680 -45.0
0 0.31293 -45.0
0 0.28839 -45.0
0 0.28839 -45.0
0 0.29452 -45.0
0 0.28225 -45.0
0 0.28225 -45.0
0 0.29452 -45.0
0 0.29452 -44.5
0 0.28225 -45.0
0 0.28225 -44.5
0 0.29452 -45.0
0 0.30066 -44.5
0 0.28839 -45.0
0 0.28839 -44.5
0 0.28839 -44.5
0 0.28225 -44.5
0 0.30066 -44.5
0 0.28839 -44.5
0 0.25771 -45.0
0 0.27612 -44.5
0 0.29452 -45.0
0 0.27612 -44.5
0 0.30066 -45.0
0 0.29452 -45.0
0 0.26998 -44.5
0 0.30680 -44.5
0 0.30066 -45.0
0 0.29452 -44.5
0 0.28839 -45.0
0 0.30066 -44.5
0 0.29452 -44.5
0 0.28839 -44.5
0 0.28839 -45.0
0 0.30066 -44.5
0 0.30066 -44.5
0 0.28225 -45.0
0 0.28225 -44.5
0 0.30680 -44.5
0 0.29452 -44.5
0 0.29452 -44.5
0 0.28839 -45.0
0 0.29452 -45.0
0 0.29452 -44.5
0 0.28839 -45.0
0 0.31293 -44.5
0 0.28225 -44.5
0 0.29452 -45.0
0 0.31293 -45.0
0 0.30680 -44.5
0 0.29452 -45.0
0 0.29452 -45.0
0 0.29452 -44.5
0 0.29452 -45.0
0 0.28839 -44.5
0 0.30066 -44.5
0 0.30066 -44.5
0 0.28225 -45.0
0 0.28839 -45.0
0 0.29452 -45.0
0 0.30680 -44.5
0 0.29452 -44.5
