0 0.51542 -43.5
0 0.52155 -43.5
0 0.50928 -43.5
0 0.53996 -43.5
0 0.51542 -43.5
0 0.50928 -43.5
0 0.52155 -43.5
0 0.51542 -43.5
0 0.52155 -43.5
0 0.52769 -43.5
0 0.52155 -43.5
0 0.52155 -43.5
0 0.52155 -43.5
0 0.52769 -43.5
0 0.52769 -43.5
0 0.54610 -43.5
0 0.52769 -44.0
0 0.52155 -43.5
0 0.53383 -43.5
0 0.53383 -43.5
0 0.52155 -43.5
0 0.52769 -44.0
0 0.53996 -44.0
0 0.53996 -43.5
0 0.52769 -44.0
0 0.52769 -43.5
0 0.53383 -44.0
0 0.53996 -44.0
0 0.52155 -43.5
0 0.54610 -44.0
0 0.54610 -43.5
0 0.52769 -43.5
0 0.53383 -44.0
0 0.53383 -43.5
0 0.53383 -44.0
0 0.54610 -43.5
0 0.53996 -44.0
0 0.55223 -43.5
0 0.53996 -43.5
0 0.55223 -44.0
0 0.53996 -43.5
0 0.52155 -44.0
0 0.52769 -43.5
0 0.54610 -43.5
0 0.52769 -43.5
0 0.55837 -43.5
0 0.54610 -43.5
0 0.54610 -44.0
0 0.53996 -43.5
0 0.55223 -43.5
0 0.53383 -43.5
0 0.54610 -43.5
0 0.55223 -43.5
0 0.55223 -43.5
0 0.54610 -43.5
0 0.53996 -43.5
0 0.53996 -44.0
0 0.55223 -43.5
0 0.55223 -43.5
0 0.53996 -43.5
0 0.54610 -43.5
0 0.53383 -43.5
0 0.53383 -43.5
0 0.55223 -44.0
0 0.53996 -43.5
0 0.52769 -43.5
0 0.53383 -43.5
0 0.52155 -43.5
0 0.53383 -43.5
0 0.53996 -43.5
0 0.52155 -43.5
0 0.52155 -44.0
0 0.51542 -43.5
0 0.51542 -43.5
0 0.52155 -43.5
0 0.51542 -44.0
0 0.53996 -43.5
0 0.52155 -43.5
0 0.52769 -44.0
0 0.52155 -43.5
0 0.53383 -43.5
0 0.52769 -43.5
0 0.52155 -43.5
0 0.53383 -44.0
0 0.52155 -43.5
0 0.52769 -43.5
0 0.52769 -43.5
0 0.53383 -43.5
0 0.52769 -44.0
0 0.52769 -43.5
0 0.52769 -43.5
0 0.53383 -43.5
0 0.52769 -43.5
0 0.52769 -43.5
0 0.52769 -44.0
0 0.53383 -43.5
0 0.53383 -43.5
0 0.52769 -43.5
0 0.53996 -43.5
0 0.53383 -44.0
0 0.52769 -43.5
0 0.53996 -44.0
0 0.53383 -43.5
0 0.55837 -43.5
0 0.53996 -43.5
0 0.54610 -43.5
0 0.53996 -44.0
0 0.55837 -44.0
0 0.53996 -43.5
0 0.55223 -43.5
0 0.53996 -43.5
0 0.53383 -43.5
0 0.54610 -43.5
0 0.55223 -43.5
0 0.53996 -43.5
0 0.54610 -43.5
0 0.55223 -43.5
0 0.56450 -43.5
0 0.55837 -44.0
0 0.55223 -43.5
0 0.55223 -43.5
0 0.54610 -43.5
0 0.54610 -43.5
0 0.56450 -43.5
0 0.53383 -44.0
0 0.53996 -43.5
0 0.53996 -43.5
0 0.53383 -43.5
0 0.53996 -43.5
0 0.53996 -43.5
0 0.57064 -43.5
0 0.55837 -43.5
0 0.53996 -44.0
0 0.55223 -43.5
0 0.55223 -43.5
0 0.55223 -43.5
0 0.54610 -44.0
0 0.55223 -44.0
0 0.55837 -43.5
0 0.55223 -43.5
0 0.55223 -43.5
0 0.57064 -43.5
0 0.55223 -43.5
0 0.56450 -43.5
0 0.55837 -43.5
0 0.54610 -44.0
0 0.55837 -44.0
0 0.57678 -44.0
0 0.57064 -43.5
0 0.55223 -43.5
0 0.55223 -43.5
0 0.57064 -43.5
0 0.55837 -43.5
0 0.57064 -43.5
0 0.55223 -43.5
0 0.55223 -44.0
0 0.55837 -43.5
0 0.56450 -43.5
0 0.55837 -43.5
0 0.56450 -43.5
0 0.55837 -43.5
0 0.55223 -43.5
0 0.55837 -43.5
0 0.55223 -44.0
0 0.55837 -43.5
0 0.56450 -43.5
0 0.58291 -43.5
0 0.56450 -43.5
0 0.55223 -43.5
0 0.57064 -43.5
0 0.57678 -43.5
0 0.55223 -43.5
0 0.55223 -43.5
0 0.55223 -43.5
0 0.58291 -43.5
0 0.55837 -43.5
0 0.54610 -43.5
0 0.55223 -43.5
0 0.55223 -43.5
0 0.56450 -43.5
0 0.57064 -43.5
0 0.55223 -43.5
0 0.54610 -43.5
0 0.55223 -43.5
0 0.54610 -43.5
0 0.55837 -43.5
0 0.55223 -43.5
0 0.55223 -43.5
0 0.55837 -43.5
0 0.55223 -43.5
0 0.54610 -43.5
0 0.54610 -43.5
0 0.54610 -43.5
0 0.55837 -43.5
0 0.54610 -43.5
0 0.55837 -43.5
0 0.57064 -43.5
0 0.55837 -43.5
0 0.55223 -43.5
0 0.54610 -43.5
0 0.55837 -43.5
0 0.53996 -43.5
0 0.55223 -44.0
0 0.52155 -44.0
0 0.54610 -44.0
0 0.52769 -43.5
0 0.52155 -43.5
0 0.53383 -43.5
0 0.53383 -43.5
0 0.53996 -43.5
0 0.52155 -43.5
0 0.52769 -44.0
0 0.52769 -43.5
0 0.52155 -43.5
0 0.52155 -44.0
0 0.51542 -44.0
0 0.52155 -43.5
0 0.52769 -44.0
0 0.52769 -43.5
0 0.57064 -43.5
0 0.52155 -43.5
0 0.52769 -44.0
0 0.51542 -43.5
0 0.52155 -43.5
0 0.52769 -43.5
0 0.52155 -43.5
0 0.52769 -44.0
0 0.53383 -43.5
0 0.52769 -43.5
0 0.52155 -43.5
0 0.52155 -43.5
0 0.50928 -43.5
0 0.53383 -43.5
0 0.52769 -43.5
0 0.52769 -43.5
0 0.51542 -43.5
0 0.51542 -44.0
0 0.52155 -43.5
0 0.51542 -44.0
0 0.52769 -43.5
0 0.50315 -44.0
0 0.51542 -43.5
0 0.52155 -43.5
0 0.52155 -43.5
0 0.52769 -43.5
0 0.52769 -43.5
0 0.53383 -43.5
0 0.53383 -43.5
0 0.54610 -43.5
0 0.52769 -44.0
0 0.53383 -43.5
0 0.52155 -44.0
0 0.52155 -43.5
0 0.51542 -43.5
0 0.51542 -43.5
0 0.52769 -43.5
0 0.52155 -43.5
0 0.50928 -44.0
0 0.51542 -44.0
0 0.52769 -44.0
0 0.52155 -44.0
0 0.52769 -43.5
0 0.52769 -43.5
0 0.52769 -43.5
0 0.52769 -43.5
0 0.51542 -43.5
0 0.52769 -43.5
0 0.52769 -44.0
0 0.52155 -43.5
0 0.52769 -43.5
0 0.52769 -43.5
0 0.52155 -44.0
0 0.52155 -44.0
0 0.52769 -43.5
0 0.51542 -43.5
0 0.52155 -43.5
0 0.51542 -43.5
0 0.50928 -43.5
0 0.52769 -43.5
0 0.51542 -44.0
0 0.51542 -43.5
0 0.50928 -44.0
0 0.52769 -43.5
0 0.52155 -43.5
0 0.52155 -44.0
0 0.52155 -43.5
0 0.52155 -44.0
0 0.50928 -43.5
0 0.51542 -43.5
0 0.52155 -44.0
0 0.50928 -44.0
0 0.53383 -43.5
0 0.52155 -43.5
0 0.52155 -44.0
0 0.52769 -44.0
0 0.50928 -43.5
0 0.50315 -43.5
0 0.50928 -43.5
0 0.50315 -43.5
0 0.52155 -44.0
0 0.51542 -43.5
0 0.50928 -44.0
0 0.51542 -43.5
0 0.51542 -43.5
0 0.52155 -43.5
0 0.50315 -43.5
0 0.51542 -43.5
0 0.51542 -43.5
0 0.50315 -44.0
0 0.50928 -43.5
0 0.50928 -44.0
0 0.50928 -43.5
0 0.52769 -43.5
0 0.50928 -43.5
0 0.50315 -44.0
0 0.50928 -43.5
0 0.51542 -43.5
0 0.50315 -43.5
0 0.51542 -43.5
0 0.53383 -43.5
0 0.50928 -43.5
0 0.51542 -43.5
0 0.50315 -44.0
0 0.51542 -44.0
0 0.51542 -43.5
0 0.51542 -44.0
0 0.50928 -44.0
0 0.50315 -43.5
0 0.50928 -43.5
0 0.52155 -44.0
0 0.52769 -44.0
0 0.50315 -44.0
0 0.50928 -43.5
0 0.51542 -44.0
0 0.51542 -43.5
0 0.50928 -43.5
0 0.51542 -44.0
0 0.51542 -43.5
0 0.52155 -44.0
0 0.52155 -44.0
0 0.51542 -43.5
0 0.50928 -43.5
0 0.50928 -43.5
0 0.50928 -43.5
0 0.52769 -44.0
0 0.52769 -43.5
0 0.50928 -43.5
0 0.50315 -44.0
0 0.52769 -43.5
0 0.50928 -44.0
0 0.50928 -44.0
0 0.51542 -43.5
0 0.51542 -43.5
0 0.51542 -43.5
0 0.51542 -43.5
0 0.52155 -43.5
0 0.50928 -43.5
0 0.50928 -43.5
0 0.52155 -44.0
0 0.50315 -44.0
0 0.51542 -44.0
0 0.52155 -44.0
0 0.52155 -44.0
0 0.52769 -44.0
0 0.52155 -44.0
0 0.50928 -44.0
0 0.52155 -43.5
0 0.52769 -43.5
0 0.50315 -43.5
0 0.52155 -44.0
0 0.51542 -44.0
0 0.51542 -43.5
0 0.52769 -44.0
0 0.52155 -43.5
0 0.52769 -43.5
0 0.52769 -44.0
0 0.51542 -43.5
0 0.52155 -43.5
0 0.52155 -43.5
0 0.51542 -43.5
0 0.50928 -43.5
0 0.53383 -43.5
0 0.52769 -43.5
0 0.52769 -43.5
0 0.52155 -43.5
0 0.52155 -43.5
0 0.52769 -43.5
0 0.52155 -44.0
0 0.52155 -44.0
0 0.51542 -43.5
0 0.52155 -43.5
0 0.52769 -43.5
0 0.51542 -43.5
0 0.51542 -43.5
0 0.52155 -43.5
0 0.52155 -43.5
0 0.52155 -43.5
0 0.52769 -43.5
0 0.51542 -43.5
0 0.52155 -43.5
0 0.52769 -43.5
0 0.52769 -43.5
0 0.52769 -44.0
0 0.52769 -44.0
0 0.54610 -44.0
0 0.53383 -43.5
0 0.52769 -43.5
0 0.53383 -44.0
0 0.53383 -43.5
0 0.52155 -43.5
0 0.52155 -44.0
0 0.52155 -43.5
0 0.53996 -43.5
0 0.52769 -43.5
0 0.52155 -44.0
0 0.50928 -44.0
0 0.52769 -44.0
0 0.53383 -44.0
0 0.52155 -44.0
0 0.52769 -43.5
0 0.52155 -43.5
0 0.51542 -44.0
0 0.53383 -43.5
0 0.52155 -44.0
0 0.52769 -43.5
0 0.52769 -43.5
0 0.52769 -44.0
0 0.53996 -43.5
0 0.52155 -44.0
0 0.53383 -44.0
0 0.53383 -43.5
0 0.52769 -43.5
0 0.52769 -43.5
0 0.53383 -44.0
0 0.52155 -44.0
0 0.53383 -43.5
0 0.52155 -43.5
0 0.52769 -44.0
0 0.52769 -44.0
0 0.52769 -43.5
0 0.53383 -43.5
0 0.52769 -43.5
0 0.52769 -44.0
0 0.52769 -43.5
0 0.53996 -44.0
0 0.50928 -43.5
0 0.51542 -43.5
0 0.52155 -44.0
0 0.52155 -44.0
0 0.52155 -43.5
0 0.51542 -43.5
0 0.52769 -43.5
0 0.53383 -44.0
0 0.52769 -43.5
0 0.52769 -43.5
0 0.52155 -43.5
0 0.52769 -43.5
0 0.52769 -43.5
0 0.52769 -43.5
0 0.52155 -43.5
0 0.49087 -43.5
0 0.52769 -44.0
0 0.52769 -43.5
0 0.52769 -43.5
0 0.51542 -43.5
0 0.52155 -43.5
0 0.50928 -44.0
0 0.52769 -43.5
0 0.52769 -43.5
0 0.52769 -44.0
0 0.52769 -43.5
0 0.52155 -44.0
0 0.52155 -43.5
0 0.52155 -43.5
0 0.51542 -43.5
0 0.52155 -43.5
0 0.51542 -43.5
0 0.51542 -44.0
0 0.52769 -43.5
0 0.53996 -44.0
0 0.52155 -43.5
0 0.52769 -43.5
0 0.52155 -43.5
0 0.53996 -43.5
0 0.52155 -44.0
0 0.52769 -43.5
0 0.52769 -43.5
0 0.52769 -44.0
0 0.51542 -43.5
0 0.53383 -44.0
0 0.52769 -44.0
0 0.53383 -43.5
0 0.52155 -43.5
0 0.53383 -43.5
0 0.52155 -43.5
0 0.52769 -43.5
0 0.55837 -44.0
0 0.52769 -43.5
0 0.53996 -43.5
0 0.52155 -44.0
0 0.52769 -44.0
0 0.52155 -43.5
0 0.52769 -43.5
0 0.52155 -43.5
0 0.50315 -44.0
0 0.52769 -43.5
0 0.52155 -43.5
0 0.53996 -43.5
0 0.53996 -43.5
0 0.52769 -43.5
0 0.52155 -43.5
0 0.52769 -43.5
0 0.52769 -44.0
0 0.52155 -43.5
0 0.52155 -43.5
0 0.52155 -43.5
0 0.53383 -43.5
0 0.52769 -43.5
0 0.53383 -44.0
0 0.52769 -43.5
0 0.52769 -43.5
0 0.52155 -43.5
0 0.52155 -44.0
0 0.52155 -43.5
0 0.53996 -43.5
0 0.51542 -43.5
0 0.52769 -43.5
0 0.52769 -43.5
0 0.53996 -43.5
0 0.53996 -43.5
0 0.52769 -43.5
