0 0.96948 -42.5
0 0.96948 -42.0
0 0.95720 -42.0
0 0.96334 -42.5
0 0.98175 -42.5
0 0.97561 -42.5
0 0.97561 -42.5
0 0.99402 -42.5
0 0.96948 -42.5
0 0.96334 -42.5
0 0.98175 -42.5
0 0.96334 -42.5
0 0.98788 -42.5
0 0.99402 -42.5
0 0.97561 -42.5
0 0.98175 -42.5
0 0.98175 -42.5
0 1.00629 -42.5
0 0.98788 -42.5
0 0.98175 -42.5
0 1.00016 -42.5
0 0.98175 -42.5
0 0.98788 -42.5
0 0.98788 -42.5
0 0.99402 -42.5
0 0.98175 -42.5
0 0.98175 -42.5
0 0.97561 -42.5
0 0.99402 -42.5
0 0.96948 -42.5
0 0.98175 -42.5
0 0.97561 -42.5
0 0.98788 -42.5
0 0.99402 -42.5
0 1.00016 -42.5
0 0.97561 -42.5
0 0.98788 -42.5
0 0.98788 -42.5
0 0.98175 -42.5
0 1.01243 -42.5
0 1.00016 -42.5
0 1.01856 -42.5
0 0.99402 -42.5
0 0.97561 -42.5
0 0.98175 -42.5
0 0.98175 -42.5
0 0.98788 -42.5
0 0.99402 -42.5
0 0.99402 -42.5
0 1.00016 -42.5
0 0.98788 -42.5
0 1.01243 -42.5
0 0.99402 -42.5
0 1.00016 -42.5
0 0.98788 -42.5
0 1.00016 -42.5
0 0.97561 -42.5
0 0.98175 -42.5
0 0.98788 -42.5
0 1.00016 -42.5
0 1.00016 -42.5
0 0.99402 -42.5
0 1.00016 -42.5
0 0.99402 -42.5
0 1.00629 -42.5
0 1.00016 -42.5
0 0.99402 -42.5
0 1.00016 -42.5
0 0.99402 -42.5
0 0.98788 -42.5
0 0.98788 -42.5
0 1.01243 -42.5
0 0.99402 -42.5
0 0.98788 -42.5
0 0.99402 -42.5
0 1.01243 -42.5
0 1.00629 -42.5
0 1.01856 -42.5
0 0.99402 -42.5
0 1.00016 -42.5
0 0.98788 -42.5
0 1.00016 -42.5
0 1.00016 -42.5
0 1.00629 -42.5
0 0.97561 -42.5
0 0.99402 -42.5
0 0.99402 -42.5
0 1.00629 -42.5
0 0.99402 -42.5
0 0.99402 -42.5
0 0.98175 -42.5
0 1.00016 -42.5
0 0.98788 -42.5
0 1.01243 -42.5
0 1.01243 -42.5
0 1.00016 -42.5
0 0.99402 -42.5
0 0.98788 -42.5
0 1.01856 -42.5
0 0.99402 -42.5
0 1.00016 -42.5
0 0.99402 -42.5
0 1.01243 -42.5
0 0.98788 -42.5
0 0.99402 -42.5
0 1.00629 -42.5
0 1.01243 -42.5
0 1.00629 -42.5
0 0.99402 -42.5
0 1.01243 -42.5
0 1.00016 -42.5
0 1.00016 -42.5
0 0.99402 -42.5
0 0.99402 -42.5
0 1.00016 -42.5
0 1.00629 -42.5
0 1.01856 -42.5
0 0.99402 -42.5
0 1.00016 -42.5
0 1.01243 -42.5
0 1.01243 -42.5
0 0.99402 -42.5
0 1.00016 -42.5
0 1.00016 -42.5
0 0.98788 -42.5
0 1.02470 -42.5
0 1.00629 -42.5
0 0.99402 -42.5
0 0.99402 -42.5
0 1.00629 -42.5
0 0.98175 -42.5
0 1.00629 -42.5
0 1.00016 -42.5
0 1.00629 -42.5
0 1.01243 -42.5
0 1.00016 -42.5
0 1.00016 -42.5
0 0.99402 -42.5
0 1.00629 -42.5
0 1.00016 -42.5
0 0.98788 -42.5
0 1.00016 -42.5
0 1.01856 -42.5
0 1.01243 -42.5
0 1.01856 -42.5
0 1.03084 -42.5
0 1.01243 -42.5
0 1.00629 -42.5
0 1.01243 -42.5
0 0.98788 -42.5
0 1.02470 -42.5
0 1.01856 -42.5
0 1.01243 -42.5
0 1.01856 -42.5
0 1.01856 -42.5
0 1.00629 -42.5
0 1.02470 -42.5
0 1.01856 -42.5
0 1.01243 -42.5
0 1.00629 -42.5
0 1.01856 -42.5
0 0.98175 -42.5
0 1.01856 -42.5
0 1.01243 -42.5
0 1.01856 -42.5
0 0.99402 -42.5
0 1.01856 -42.5
0 1.01243 -42.5
0 1.00016 -42.5
0 1.01243 -42.5
0 1.01856 -42.5
0 1.01243 -42.5
0 1.01856 -42.5
0 1.00629 -42.5
0 1.01856 -42.5
0 1.00629 -42.5
0 1.01243 -42.5
0 1.01243 -42.5
0 1.00016 -42.5
0 1.01856 -42.5
0 1.00629 -42.5
0 1.00629 -42.5
0 1.03084 -42.5
0 1.00016 -42.5
0 1.00016 -42.5
0 1.01856 -42.5
0 1.01243 -42.5
0 1.00016 -42.5
0 1.00016 -42.5
0 1.00016 -42.5
0 0.98788 -42.5
0 1.00016 -42.5
0 0.99402 -42.5
0 0.96948 -42.5
0 0.98175 -42.5
0 0.99402 -42.5
0 0.99402 -42.5
0 1.00629 -42.5
0 0.98175 -42.5
0 1.00016 -42.5
0 0.98175 -42.5
0 0.98788 -42.5
0 1.00016 -42.5
0 0.98175 -42.5
0 0.98175 -42.5
0 0.96948 -42.5
0 0.97561 -42.5
0 1.00016 -42.5
0 0.97561 -42.5
0 0.98788 -42.5
0 0.97561 -42.5
0 1.01243 -42.5
0 0.98175 -42.5
0 0.96948 -42.5
0 0.98175 -42.5
0 1.00629 -42.5
0 0.99402 -42.5
0 0.98788 -42.5
0 0.98175 -42.5
0 0.98175 -42.5
0 1.00016 -42.5
0 1.00016 -42.5
0 0.99402 -42.5
0 0.97561 -42.5
0 0.98175 -42.5
0 0.98175 -42.5
0 0.99402 -42.5
0 0.98175 -42.5
0 0.96948 -42.5
0 1.00016 -42.5
0 0.99402 -42.5
0 0.98788 -42.5
0 0.95720 -42.5
0 0.98788 -42.5
0 0.99402 -42.5
0 1.00016 -42.5
0 0.96948 -42.5
0 1.00016 -42.5
0 1.00016 -42.5
0 1.00629 -42.5
0 0.98175 -42.5
0 0.97561 -42.5
0 0.98788 -42.5
0 0.98175 -42.5
0 1.00016 -42.5
0 0.98788 -42.0
0 0.99402 -42.5
0 0.99402 -42.5
0 0.99402 -42.5
0 0.99402 -42.5
0 0.98175 -42.5
0 0.99402 -42.5
0 1.01243 -42.5
0 0.98788 -42.5
0 0.99402 -42.5
0 0.98175 -42.5
0 0.99402 -42.5
0 0.98788 -42.5
0 0.98788 -42.5
0 0.98175 -42.5
0 1.00016 -42.5
0 1.00629 -42.5
0 0.98175 -42.5
0 0.99402 -42.0
0 0.97561 -42.5
0 0.99402 -42.0
0 0.99402 -42.0
0 0.98175 -42.0
0 0.98788 -42.0
0 0.99402 -42.0
0 1.00629 -42.5
0 0.96948 -42.0
0 1.01856 -42.5
0 0.98788 -42.5
0 0.98788 -42.5
0 0.98788 -42.5
0 0.97561 -42.5
0 0.99402 -42.0
0 0.98175 -42.5
0 0.99402 -42.5
0 0.97561 -42.0
0 0.97561 -42.5
0 0.98788 -42.5
0 0.97561 -42.5
0 1.00016 -42.5
0 0.98788 -42.5
0 0.97561 -42.5
0 0.98788 -42.5
0 1.00016 -42.5
0 0.98788 -42.5
0 1.00016 -42.5
0 1.00629 -42.5
0 0.98788 -42.5
0 0.98175 -42.5
0 0.98788 -42.5
0 0.98175 -42.5
0 0.97561 -42.5
0 0.98175 -42.5
0 1.00629 -42.5
0 1.00016 -42.5
0 0.98788 -42.5
0 0.98175 -42.5
0 0.97561 -42.5
0 0.98788 -42.5
0 0.99402 -42.5
0 0.97561 -42.5
0 1.01243 -42.5
0 0.98175 -42.5
0 0.98788 -42.5
0 0.99402 -42.5
0 1.00016 -42.5
0 0.97561 -42.5
0 0.98788 -42.5
0 0.98175 -42.5
0 1.00016 -42.5
0 0.98788 -42.5
0 1.00016 -42.5
0 0.98788 -42.5
0 1.00016 -42.5
0 1.00016 -42.5
0 0.98788 -42.5
0 0.98175 -42.5
0 0.99402 -42.5
0 0.98788 -42.5
0 0.98175 -42.5
0 0.99402 -42.5
0 0.99402 -42.5
0 0.98788 -42.5
0 1.00629 -42.5
0 0.99402 -42.5
0 0.99402 -42.5
0 0.98788 -42.5
0 0.98788 -42.5
0 0.97561 -42.5
0 0.98788 -42.5
0 0.98175 -42.5
0 0.99402 -42.5
0 1.00016 -42.5
0 0.98175 -42.5
0 1.00629 -42.5
0 0.97561 -42.5
0 1.00629 -42.5
0 1.00016 -42.5
0 1.00016 -42.5
0 1.01243 -42.5
0 1.00016 -42.5
0 1.00629 -42.5
0 0.98788 -42.5
0 1.00016 -42.5
0 0.98788 -42.5
0 0.98175 -42.5
0 0.98175 -42.5
0 0.99402 -42.5
0 0.99402 -42.5
0 0.98175 -42.5
0 0.98175 -42.5
0 1.00016 -42.5
0 1.00629 -42.5
0 1.00016 -42.5
0 0.99402 -42.5
0 0.98175 -42.5
0 0.97561 -42.5
0 1.01243 -42.5
0 0.99402 -42.5
0 1.00629 -42.5
0 0.99402 -42.5
0 1.01243 -42.5
0 1.00016 -42.5
0 1.00016 -42.5
0 0.98175 -42.5
0 1.00016 -42.5
0 0.97561 -42.5
0 0.98175 -42.5
0 0.98788 -42.5
0 0.98788 -42.5
0 0.98175 -42.5
0 0.98788 -42.5
0 1.00016 -42.5
0 0.99402 -42.5
0 0.97561 -42.5
0 0.98175 -42.5
0 0.96948 -42.5
0 0.98175 -42.5
0 0.98788 -42.5
0 0.98788 -42.5
0 0.98175 -42.5
0 0.96334 -42.5
0 0.97561 -42.5
0 0.98175 -42.5
0 0.99402 -42.5
0 0.99402 -42.5
0 0.96948 -42.5
0 0.98788 -42.5
0 0.98788 -42.5
0 0.98788 -42.5
0 0.96948 -42.0
0 0.98175 -42.0
0 0.96334 -42.5
0 0.96948 -42.5
0 0.97561 -42.5
0 0.96948 -42.5
0 0.99402 -42.5
0 0.96334 -42.0
0 0.96948 -42.0
0 0.98175 -42.5
0 0.97561 -42.0
0 0.96334 -42.5
0 0.98175 -42.0
0 0.95107 -42.0
0 0.95107 -42.5
0 0.96948 -42.0
0 0.96948 -42.5
0 0.96948 -42.0
0 0.96334 -42.0
0 0.96334 -42.5
0 0.95720 -42.0
0 0.94493 -42.0
0 0.96334 -42.5
0 0.94493 -42.5
0 0.96334 -42.0
0 0.97561 -42.5
0 0.96948 -42.5
0 0.96334 -42.5
0 0.95720 -42.5
0 0.97561 -42.5
0 0.97561 -42.5
0 0.95107 -42.0
0 0.96334 -42.5
0 0.98788 -42.5
0 0.95107 -42.0
0 0.94493 -42.0
0 0.95720 -42.0
0 0.96334 -42.5
0 0.96948 -42.0
0 0.98788 -42.5
0 0.96334 -42.5
0 0.97561 -42.5
0 0.96948 -42.5
0 0.96948 -42.5
0 0.95720 -42.0
0 0.96334 -42.5
0 0.96334 -42.0
0 0.94493 -42.5
0 0.97561 -42.0
0 0.96948 -42.5
0 0.96334 -42.0
0 0.95107 -42.5
0 0.95107 -42.5
0 0.96334 -42.5
0 0.94493 -42.0
0 0.96334 -42.5
0 0.95720 -42.5
0 0.96334 -42.5
0 0.96334 -42.0
0 0.97561 -42.5
0 0.96948 -42.0
0 0.96948 -42.5
0 0.95720 -42.5
0 0.96334 -42.5
0 0.95720 -42.5
0 0.95720 -42.5
0 0.96948 -42.5
0 0.95720 -42.5
0 0.96334 -42.5
0 0.96948 -42.5
0 0.96948 -42.5
0 0.95107 -42.0
0 0.98175 -42.0
0 0.95720 -42.5
0 0.96334 -42.5
0 0.95720 -42.0
0 0.96334 -42.5
0 0.96334 -42.5
0 0.96334 -42.5
0 0.96948 -42.5
0 0.96948 -42.5
0 0.95107 -42.5
0 0.95720 -42.5
0 0.96334 -42.5
0 0.96334 -42.5
0 0.97561 -42.5
0 0.95720 -42.0
0 0.98175 -42.5
0 0.96334 -42.5
0 0.98175 -42.5
0 0.97561 -42.5
0 0.96948 -42.5
0 0.95720 -42.5
0 0.96948 -42.0
0 0.96948 -42.0
0 0.96948 -42.5
0 0.96948 -42.5
0 0.94493 -42.5
0 0.95720 -42.5
0 0.98788 -42.5
0 0.95720 -42.5
0 0.95107 -42.5
0 0.95107 -42.5
0 0.94493 -42.5
0 0.96948 -42.5
0 0.96948 -42.5
0 0.95107 -42.5
0 0.98175 -42.5
0 0.95107 -42.5
0 0.96948 -42.5
0 0.96334 -42.0
0 0.97561 -42.5
0 0.96334 -42.5
0 0.98788 -42.0
0 0.98788 -42.0
0 0.96334 -42.5
0 0.96334 -42.5
0 0.95720 -42.0
0 0.97561 -42.5
0 0.95107 -42.5
0 0.96948 -42.5
0 0.95720 -42.0
0 0.96334 -42.5
0 0.96948 -42.0
0 0.97561 -42.5
0 0.95720 -42.5
0 0.93880 -42.0
0 0.96334 -42.0
0 0.96334 -42.0
0 0.95720 -42.0
0 0.96948 -42.5
0 0.96334 -42.0
