0 1.39285 -44.0
0 1.41126 -44.0
0 1.39899 -44.5
0 1.40513 -44.0
0 1.40513 -44.5
0 1.39899 -44.5
0 1.41126 -44.0
0 1.42353 -44.0
0 1.41740 -44.5
0 1.39899 -44.5
0 1.42353 -44.5
0 1.43581 -44.5
0 1.41126 -44.5
0 1.42353 -44.5
0 1.42353 -44.0
0 1.39285 -44.0
0 1.42353 -44.5
0 1.42967 -44.5
0 1.41126 -44.0
0 1.42967 -44.0
0 1.44808 -44.5
0 1.39899 -44.5
0 1.44194 -44.5
0 1.45421 -44.5
0 1.44808 -44.5
0 1.45421 -44.0
0 1.44808 -44.0
0 1.41740 -44.5
0 1.44808 -44.5
0 1.47262 -44.5
0 1.45421 -44.5
0 1.44194 -44.5
0 1.43581 -44.5
0 1.45421 -44.5
0 1.43581 -44.5
0 1.44808 -44.0
0 1.45421 -44.5
0 1.46035 -44.5
0 1.41126 -44.5
0 1.44808 -44.5
0 1.45421 -44.5
0 1.44808 -44.5
0 1.44808 -44.5
0 1.45421 -44.5
0 1.46035 -44.0
0 1.45421 -44.5
0 1.43581 -44.0
0 1.44808 -44.5
0 1.43581 -44.5
0 1.46035 -44.5
0 1.44808 -44.5
0 1.45421 -44.5
0 1.46649 -44.5
0 1.44808 -44.5
0 1.44808 -44.5
0 1.45421 -44.5
0 1.42353 -44.5
0 1.45421 -44.5
0 1.46035 -44.5
0 1.42353 -44.5
0 1.45421 -44.5
0 1.41740 -44.5
0 1.46035 -44.5
0 1.46035 -44.5
0 1.46649 -44.5
0 1.42967 -44.5
0 1.45421 -44.5
0 1.46035 -44.5
0 1.46035 -44.5
0 1.45421 -44.5
0 1.42353 -44.5
0 1.44808 -44.5
0 1.46649 -44.5
0 1.44194 -44.5
0 1.47262 -44.0
0 1.44808 -44.5
0 1.46035 -44.5
0 1.46035 -44.5
0 1.46035 -44.5
0 1.46649 -44.5
0 1.44808 -44.5
0 1.45421 -44.5
0 1.42967 -44.5
0 1.45421 -44.5
0 1.44808 -44.5
0 1.46649 -44.5
0 1.47262 -44.5
0 1.44194 -44.5
0 1.45421 -44.5
0 1.44808 -44.5
0 1.44194 -44.5
0 1.45421 -44.5
0 1.45421 -44.5
0 1.47262 -44.5
0 1.44808 -44.5
0 1.46035 -44.5
0 1.46649 -44.5
0 1.44808 -44.5
0 1.46035 -44.5
0 1.46035 -44.5
0 1.44194 -44.5
0 1.44808 -44.5
0 1.46649 -44.5
0 1.46649 -44.5
0 1.46035 -44.5
0 1.42967 -44.5
0 1.46649 -44.5
0 1.46649 -44.5
0 1.46649 -44.5
0 1.47876 -44.5
0 1.45421 -44.5
0 1.46035 -44.5
0 1.47262 -44.5
0 1.43581 -44.5
0 1.46035 -44.5
0 1.45421 -44.5
0 1.44194 -44.5
0 1.45421 -44.5
0 1.45421 -44.5
0 1.47262 -44.5
0 1.44194 -44.5
0 1.46649 -44.5
0 1.44808 -44.5
0 1.46649 -44.5
0 1.47876 -44.5
0 1.46035 -44.5
0 1.44194 -44.5
0 1.44808 -44.5
0 1.45421 -44.5
0 1.46035 -44.5
0 1.46649 -44.5
0 1.46649 -44.5
0 1.48489 -44.5
0 1.46649 -44.5
0 1.47262 -44.5
0 1.43581 -44.5
0 1.46649 -44.5
0 1.46035 -44.5
0 1.47262 -44.5
0 1.45421 -44.5
0 1.44808 -44.5
0 1.46649 -44.5
0 1.44808 -44.5
0 1.45421 -44.5
0 1.46649 -44.5
0 1.45421 -44.5
0 1.46649 -44.5
0 1.44194 -44.5
0 1.46649 -44.5
0 1.47876 -44.5
0 1.46649 -44.5
0 1.47262 -44.5
0 1.46649 -44.5
0 1.46035 -44.5
0 1.47876 -44.5
0 1.45421 -44.5
0 1.46649 -44.5
0 1.44808 -44.5
0 1.44808 -44.5
0 1.47876 -44.5
0 1.47262 -44.5
0 1.47262 -44.5
0 1.46035 -44.5
0 1.46035 -44.5
0 1.46035 -44.5
0 1.47876 -44.5
0 1.44808 -44.5
0 1.46035 -44.5
0 1.46649 -44.5
0 1.46649 -44.5
0 1.49717 -44.5
0 1.44808 -44.5
0 1.47262 -44.5
0 1.46035 -44.5
0 1.45421 -44.5
0 1.46035 -44.5
0 1.46649 -44.5
0 1.45421 -44.5
0 1.45421 -44.5
0 1.46035 -44.5
0 1.45421 -44.5
0 1.49103 -44.5
0 1.47262 -44.5
0 1.46649 -44.5
0 1.46035 -44.5
0 1.47876 -44.5
0 1.46649 -44.5
0 1.46649 -44.5
0 1.46035 -44.5
0 1.46035 -44.5
0 1.45421 -44.5
0 1.46649 -44.5
0 1.48489 -44.5
0 1.47876 -44.5
0 1.46649 -44.5
0 1.44808 -44.5
0 1.47262 -44.5
0 1.47262 -44.5
0 1.47262 -44.5
0 1.44194 -44.5
0 1.47876 -44.5
0 1.47262 -44.5
0 1.49717 -44.5
0 1.47262 -44.5
0 1.46649 -44.5
0 1.46035 -44.5
0 1.41126 -44.5
0 1.42353 -44.0
0 1.45421 -44.0
0 1.46035 -44.5
0 1.46035 -44.5
0 1.44808 -44.5
0 1.41740 -44.5
0 1.46035 -44.5
0 1.46035 -44.5
0 1.46035 -44.0
0 1.44808 -44.5
0 1.43581 -44.5
0 1.47262 -44.5
0 1.44808 -44.5
0 1.44194 -44.0
0 1.46649 -44.5
0 1.47262 -44.5
0 1.42353 -44.5
0 1.42967 -44.5
0 1.46649 -44.5
0 1.44808 -44.5
0 1.45421 -44.5
0 1.45421 -44.5
0 1.46649 -44.5
0 1.44808 -44.5
0 1.41126 -44.0
0 1.44194 -44.5
0 1.46035 -44.5
0 1.44808 -44.5
0 1.45421 -44.0
0 1.46035 -44.0
0 1.47262 -44.5
0 1.42353 -44.5
0 1.46035 -44.5
0 1.44808 -44.0
0 1.44194 -44.5
0 1.46035 -44.5
0 1.44194 -44.0
0 1.44194 -44.0
0 1.42353 -44.0
0 1.44808 -44.5
0 1.43581 -44.0
0 1.42967 -44.0
0 1.44808 -44.5
0 1.46649 -44.5
0 1.44194 -44.0
0 1.46035 -44.0
0 1.44808 -44.0
0 1.45421 -44.0
0 1.44808 -44.0
0 1.43581 -44.0
0 1.44194 -44.0
0 1.42967 -44.0
0 1.44194 -44.0
0 1.40513 -44.0
0 1.41126 -44.0
0 1.44808 -44.0
0 1.43581 -44.5
0 1.41740 -44.0
0 1.44808 -44.0
0 1.43581 -44.0
0 1.43581 -44.0
0 1.43581 -44.0
0 1.43581 -44.0
0 1.42353 -44.0
0 1.44808 -44.0
0 1.41740 -44.0
0 1.42967 -44.5
0 1.46035 -44.5
0 1.45421 -44.5
0 1.42967 -44.5
0 1.44194 -44.5
0 1.44808 -44.5
0 1.45421 -44.5
0 1.41740 -44.5
0 1.44194 -44.0
0 1.46649 -44.0
0 1.45421 -44.0
0 1.44808 -44.0
0 1.42353 -44.0
0 1.43581 -44.0
0 1.46649 -44.0
0 1.44808 -44.0
0 1.42353 -44.5
0 1.42967 -44.0
0 1.44194 -44.5
0 1.42967 -44.0
0 1.44194 -44.0
0 1.44808 -44.0
0 1.44808 -44.5
0 1.43581 -44.0
0 1.44194 -44.5
0 1.42967 -44.0
0 1.44808 -44.0
0 1.43581 -44.5
0 1.44808 -44.5
0 1.46035 -44.5
0 1.42967 -44.0
0 1.42353 -44.0
0 1.42967 -44.0
0 1.44194 -44.0
0 1.44194 -44.0
0 1.44808 -44.5
0 1.43581 -44.0
0 1.46035 -44.0
0 1.45421 -44.0
0 1.44808 -44.5
0 1.43581 -44.0
0 1.42353 -44.0
0 1.41126 -44.0
0 1.43581 -44.0
0 1.45421 -44.0
0 1.39899 -44.5
0 1.42353 -44.0
0 1.41740 -44.0
0 1.44194 -44.0
0 1.41126 -44.0
0 1.44194 -44.0
0 1.43581 -44.0
0 1.44808 -44.0
0 1.43581 -44.0
0 1.44194 -44.0
0 1.46649 -44.0
0 1.42967 -44.0
0 1.43581 -44.0
0 1.44808 -44.5
0 1.44194 -44.0
0 1.43581 -44.0
0 1.43581 -44.0
0 1.45421 -44.0
0 1.42967 -44.0
0 1.43581 -44.5
0 1.44194 -44.0
0 1.42967 -44.0
0 1.44808 -44.0
0 1.44808 -44.0
0 1.42967 -44.5
0 1.39899 -44.0
0 1.42967 -44.0
0 1.41740 -44.0
0 1.40513 -44.0
0 1.42967 -44.0
0 1.42967 -44.0
0 1.44194 -44.0
0 1.41126 -44.0
0 1.43581 -44.0
0 1.42967 -44.0
0 1.43581 -44.0
0 1.44808 -44.0
0 1.42353 -44.0
0 1.43581 -44.0
0 1.41740 -44.0
0 1.40513 -44.0
0 1.42353 -44.0
0 1.42353 -44.0
0 1.42967 -44.0
0 1.41126 -44.5
0 1.42353 -44.0
0 1.43581 -44.0
0 1.44194 -44.5
0 1.41126 -44.5
0 1.43581 -44.0
0 1.43581 -44.0
0 1.42353 -44.0
0 1.42353 -44.0
0 1.41740 -44.0
0 1.43581 -44.0
0 1.40513 -44.0
0 1.41740 -44.0
0 1.44194 -44.0
0 1.39899 -44.0
0 1.42353 -44.0
0 1.42353 -44.0
0 1.42353 -44.5
0 1.40513 -44.5
0 1.41740 -44.0
0 1.40513 -44.5
0 1.44808 -44.0
0 1.44808 -44.0
0 1.42967 -44.0
0 1.42967 -44.0
0 1.46649 -44.0
0 1.44808 -44.0
0 1.42967 -44.0
0 1.42967 -44.0
0 1.43581 -44.0
0 1.39285 -44.0
0 1.42967 -44.0
0 1.44194 -44.0
0 1.44194 -44.0
0 1.42353 -44.0
0 1.43581 -44.0
0 1.44194 -44.0
0 1.41740 -44.0
0 1.40513 -44.0
0 1.41740 -44.0
0 1.41126 -44.0
0 1.44194 -44.0
0 1.42967 -44.0
0 1.42967 -44.0
0 1.44194 -44.5
0 1.40513 -44.0
0 1.44808 -44.0
0 1.44808 -44.0
0 1.42353 -44.0
0 1.42967 -44.0
0 1.42353 -44.0
0 1.41126 -44.0
0 1.40513 -44.5
0 1.44808 -44.0
0 1.43581 -44.0
0 1.42353 -44.0
0 1.43581 -44.0
0 1.44194 -44.0
0 1.39899 -44.0
0 1.42353 -44.0
0 1.41740 -44.0
0 1.44808 -44.0
0 1.40513 -44.0
0 1.41126 -44.0
0 1.43581 -44.0
0 1.39285 -44.0
0 1.42353 -44.0
0 1.44194 -44.0
0 1.38058 -44.0
0 1.39899 -44.0
0 1.41740 -44.0
0 1.42353 -44.0
0 1.42967 -44.0
0 1.42353 -44.0
0 1.42353 -44.0
0 1.43581 -44.5
0 1.44808 -44.5
0 1.44808 -44.0
0 1.42967 -44.5
0 1.41126 -44.0
0 1.41126 -44.0
0 1.44808 -44.0
0 1.42967 -44.0
0 1.43581 -44.5
0 1.41126 -44.0
0 1.39285 -44.0
0 1.41126 -44.0
0 1.44194 -44.0
0 1.41126 -44.5
0 1.43581 -44.0
0 1.44194 -44.0
0 1.40513 -44.0
0 1.44194 -44.5
0 1.44194 -44.0
0 1.44808 -44.0
0 1.41740 -44.0
0 1.42353 -44.0
0 1.44194 -44.0
0 1.44194 -44.0
0 1.42353 -44.0
0 1.45421 -44.0
0 1.44194 -44.0
0 1.44194 -44.0
0 1.44194 -44.5
0 1.42353 -44.0
0 1.40513 -44.0
0 1.44808 -44.0
0 1.42967 -44.0
0 1.44808 -44.0
0 1.44808 -44.0
0 1.41740 -44.5
0 1.43581 -44.0
0 1.41740 -44.0
0 1.44808 -44.0
0 1.44194 -44.0
0 1.44194 -44.0
0 1.42353 -44.5
0 1.41126 -44.0
0 1.41740 -44.0
0 1.40513 -44.0
0 1.44194 -44.5
0 1.45421 -44.5
0 1.41740 -44.0
0 1.42353 -44.0
0 1.42353 -44.0
0 1.40513 -44.0
0 1.41740 -44.0
0 1.44808 -44.0
0 1.41740 -44.0
0 1.44194 -44.0
0 1.42967 -44.5
0 1.43581 -44.0
0 1.41740 -44.0
0 1.41740 -44.0
0 1.45421 -44.0
0 1.44808 -44.0
0 1.39285 -44.0
0 1.41740 -44.0
0 1.42353 -44.0
0 1.42353 -44.0
0 1.39285 -44.0
0 1.39899 -44.0
0 1.42353 -44.0
0 1.42353 -44.0
0 1.43581 -44.0
0 1.43581 -44.0
0 1.44194 -44.0
0 1.42353 -44.0
0 1.42967 -44.5
0 1.42967 -44.0
0 1.44194 -44.0
0 1.42967 -44.5
0 1.44194 -44.0
0 1.41126 -44.0
0 1.42967 -44.0
0 1.41740 -44.0
0 1.44808 -44.0
0 1.42353 -44.5
0 1.42967 -44.5
0 1.42967 -44.0
0 1.42967 -44.0
0 1.43581 -44.0
0 1.44194 -44.5
0 1.46035 -44.0
0 1.41126 -44.0
0 1.42967 -44.0
0 1.42967 -44.5
0 1.44194 -44.5
