0 2.06781 -42.5
0 2.06167 -42.5
0 2.05553 -42.5
0 2.06167 -42.5
0 2.07394 -42.5
0 2.06781 -42.5
0 2.07394 -42.5
0 2.06781 -42.5
0 2.07394 -42.5
0 2.07394 -42.5
0 2.06781 -42.5
0 2.08008 -42.5
0 2.08621 -42.5
0 2.08008 -42.5
0 2.08008 -42.5
0 2.08008 -42.5
0 2.08008 -42.5
0 2.07394 -42.5
0 2.07394 -42.5
0 2.07394 -42.5
0 2.07394 -42.5
0 2.07394 -42.5
0 2.08008 -42.5
0 2.07394 -42.5
0 2.08621 -43.0
0 2.08621 -43.0
0 2.07394 -43.0
0 2.07394 -42.5
0 2.08621 -42.5
0 2.08008 -43.0
0 2.08008 -42.5
0 2.09235 -42.5
0 2.08008 -42.5
0 2.08008 -42.5
0 2.08621 -43.0
0 2.09235 -42.5
0 2.08008 -43.0
0 2.08008 -42.5
0 2.08008 -42.5
0 2.09235 -42.5
0 2.09235 -43.0
0 2.08008 -42.5
0 2.08008 -42.5
0 2.08621 -42.5
0 2.08621 -42.5
0 2.08008 -42.5
0 2.08008 -42.5
0 2.08621 -43.0
0 2.08008 -43.0
0 2.09235 -43.0
0 2.07394 -42.5
0 2.09235 -43.0
0 2.08621 -43.0
0 2.08008 -42.5
0 2.08621 -42.5
0 2.08008 -43.0
0 2.08621 -42.5
0 2.08008 -42.5
0 2.08621 -42.5
0 2.08621 -42.5
0 2.09235 -42.5
0 2.09235 -42.5
0 2.08008 -42.5
0 2.09235 -43.0
0 2.08008 -42.5
0 2.07394 -42.5
0 2.08621 -43.0
0 2.08621 -42.5
0 2.09235 -42.5
0 2.08621 -43.0
0 2.08621 -42.5
0 2.08621 -42.5
0 2.09235 -43.0
0 2.08621 -42.5
0 2.09235 -43.0
0 2.09235 -42.5
0 2.08008 -43.0
0 2.08621 -42.5
0 2.07394 -43.0
0 2.08621 -42.5
0 2.08621 -42.5
0 2.09235 -42.5
0 2.08008 -42.5
0 2.09235 -42.5
0 2.09235 -43.0
0 2.09849 -43.0
0 2.08621 -43.0
0 2.09849 -42.5
0 2.08008 -42.5
0 2.08008 -42.5
0 2.08621 -42.5
0 2.09235 -43.0
0 2.09235 -42.5
0 2.09235 -43.0
0 2.09235 -42.5
0 2.09235 -42.5
0 2.09235 -42.5
0 2.09849 -42.5
0 2.09235 -42.5
0 2.09235 -42.5
0 2.09235 -43.0
0 2.08621 -42.5
0 2.09235 -42.5
0 2.09235 -43.0
0 2.08621 -42.5
0 2.09235 -42.5
0 2.09849 -42.5
0 2.08621 -42.5
0 2.09849 -42.5
0 2.09235 -42.5
0 2.08621 -43.0
0 2.09235 -43.0
0 2.08621 -42.5
0 2.09235 -42.5
0 2.09235 -42.5
0 2.09235 -42.5
0 2.09235 -42.5
0 2.08621 -42.5
0 2.09849 -43.0
0 2.09235 -42.5
0 2.09235 -43.0
0 2.09849 -42.5
0 2.08008 -42.5
0 2.08008 -42.5
0 2.09235 -42.5
0 2.08621 -43.0
0 2.09235 -43.0
0 2.08621 -42.5
0 2.09235 -42.5
0 2.09849 -42.5
0 2.09849 -42.5
0 2.08008 -42.5
0 2.08621 -42.5
0 2.08621 -42.5
0 2.10462 -43.0
0 2.09235 -42.5
0 2.09849 -43.0
0 2.08621 -42.5
0 2.09849 -43.0
0 2.09235 -42.5
0 2.08621 -42.5
0 2.08621 -43.0
0 2.09235 -43.0
0 2.09849 -42.5
0 2.09235 -42.5
0 2.08621 -42.5
0 2.09849 -42.5
0 2.09235 -43.0
0 2.08621 -43.0
0 2.08621 -42.5
0 2.11076 -42.5
0 2.09235 -43.0
0 2.09849 -43.0
0 2.09849 -43.0
0 2.08621 -42.5
0 2.09235 -43.0
0 2.08621 -42.5
0 2.09235 -42.5
0 2.09235 -42.5
0 2.09235 -42.5
0 2.09849 -43.0
0 2.09235 -42.5
0 2.09235 -43.0
0 2.09235 -42.5
0 2.09849 -42.5
0 2.09235 -43.0
0 2.08008 -42.5
0 2.10462 -42.5
0 2.09849 -42.5
0 2.08621 -42.5
0 2.09849 -42.5
0 2.10462 -42.5
0 2.08008 -43.0
0 2.08621 -42.5
0 2.08621 -43.0
0 2.08008 -43.0
0 2.07394 -43.0
0 2.09235 -42.5
0 2.09849 -42.5
0 2.09849 -42.5
0 2.08621 -42.5
0 2.08621 -43.0
0 2.08621 -42.5
0 2.09849 -42.5
0 2.09235 -42.5
0 2.08621 -42.5
0 2.08621 -42.5
0 2.08621 -42.5
0 2.09849 -42.5
0 2.09849 -43.0
0 2.09235 -42.5
0 2.09235 -42.5
0 2.09849 -43.0
0 2.08621 -42.5
0 2.09235 -42.5
0 2.09235 -43.0
0 2.08621 -42.5
0 2.09235 -42.5
0 2.10462 -42.5
0 2.09235 -43.0
0 2.08621 -43.0
0 2.10462 -43.0
0 2.08621 -43.0
0 2.09235 -42.5
0 2.08621 -42.5
0 2.08008 -42.5
0 2.06781 -42.5
0 2.06781 -42.5
0 2.08008 -42.5
0 2.08621 -42.5
0 2.06781 -42.5
0 2.07394 -42.5
0 2.08008 -42.5
0 2.08621 -42.5
0 2.07394 -43.0
0 2.08008 -42.5
0 2.07394 -42.5
0 2.08621 -43.0
0 2.08008 -43.0
0 2.09235 -43.0
0 2.08621 -43.0
0 2.08008 -42.5
0 2.08621 -43.0
0 2.08621 -42.5
0 2.08008 -43.0
0 2.08008 -42.5
0 2.08008 -42.5
0 2.07394 -42.5
0 2.08008 -42.5
0 2.07394 -42.5
0 2.08621 -43.0
0 2.07394 -42.5
0 2.08621 -42.5
0 2.08621 -43.0
0 2.09235 -42.5
0 2.08621 -42.5
0 2.07394 -42.5
0 2.08008 -42.5
0 2.08621 -43.0
0 2.08621 -43.0
0 2.08008 -42.5
0 2.08008 -43.0
0 2.08621 -42.5
0 2.07394 -42.5
0 2.08621 -42.5
0 2.08621 -42.5
0 2.08008 -43.0
0 2.09849 -43.0
0 2.08008 -42.5
0 2.08621 -42.5
0 2.08008 -42.5
0 2.08008 -42.5
0 2.08008 -42.5
0 2.08008 -42.5
0 2.08008 -43.0
0 2.08621 -42.5
0 2.07394 -42.5
0 2.08621 -42.5
0 2.08621 -43.0
0 2.08621 -43.0
0 2.08621 -42.5
0 2.08008 -43.0
0 2.08008 -42.5
0 2.08621 -42.5
0 2.08621 -42.5
0 2.08621 -42.5
0 2.08008 -42.5
0 2.08621 -42.5
0 2.08008 -43.0
0 2.08008 -42.5
0 2.09849 -42.5
0 2.08621 -43.0
0 2.08621 -42.5
0 2.08621 -42.5
0 2.08621 -43.0
0 2.08008 -42.5
0 2.08008 -43.0
0 2.09235 -42.5
0 2.08621 -42.5
0 2.08621 -43.0
0 2.08008 -42.5
0 2.08621 -42.5
0 2.07394 -43.0
0 2.08008 -42.5
0 2.08621 -42.5
0 2.08621 -42.5
0 2.06781 -42.5
0 2.06781 -42.5
0 2.07394 -42.5
0 2.06781 -42.5
0 2.08621 -43.0
0 2.08008 -42.5
0 2.07394 -42.5
0 2.08008 -42.5
0 2.08621 -42.5
0 2.08008 -43.0
0 2.08008 -43.0
0 2.07394 -42.5
0 2.09235 -43.0
0 2.07394 -42.5
0 2.07394 -42.5
0 2.07394 -43.0
0 2.07394 -42.5
0 2.08008 -42.5
0 2.07394 -42.5
0 2.09849 -43.0
0 2.09235 -42.5
0 2.07394 -42.5
0 2.07394 -42.5
0 2.07394 -43.0
0 2.07394 -42.5
0 2.09849 -42.5
0 2.09235 -42.5
0 2.08008 -42.5
0 2.09235 -42.5
0 2.08621 -42.5
0 2.07394 -43.0
0 2.08008 -42.5
0 2.08008 -43.0
0 2.08008 -42.5
0 2.07394 -42.5
0 2.07394 -42.5
0 2.09235 -42.5
0 2.06781 -42.5
0 2.08008 -42.5
0 2.09235 -42.5
0 2.08008 -43.0
0 2.08621 -42.5
0 2.07394 -42.5
0 2.08008 -42.5
0 2.07394 -42.5
0 2.08621 -42.5
0 2.08008 -42.5
0 2.08621 -43.0
0 2.08008 -43.0
0 2.07394 -42.5
0 2.07394 -42.5
0 2.08621 -42.5
0 2.08008 -42.5
0 2.08621 -42.5
0 2.08008 -43.0
0 2.08008 -42.5
0 2.08008 -43.0
0 2.08008 -42.5
0 2.07394 -42.5
0 2.08621 -42.5
0 2.08621 -42.5
0 2.08621 -42.5
0 2.08008 -42.5
0 2.08621 -43.0
0 2.08621 -42.5
0 2.06781 -43.0
0 2.07394 -43.0
0 2.08008 -42.5
0 2.09235 -42.5
0 2.08008 -42.5
0 2.08008 -43.0
0 2.08008 -43.0
0 2.07394 -42.5
0 2.07394 -42.5
0 2.08008 -42.5
0 2.08621 -43.0
0 2.06781 -42.5
0 2.09235 -42.5
0 2.08008 -42.5
0 2.08008 -42.5
0 2.08621 -42.5
0 2.08621 -42.5
0 2.09235 -42.5
0 2.08621 -42.5
0 2.08008 -43.0
0 2.07394 -42.5
0 2.08621 -42.5
0 2.07394 -42.5
0 2.09849 -42.5
0 2.07394 -42.5
0 2.08621 -42.5
0 2.08621 -42.5
0 2.08008 -42.5
0 2.08008 -42.5
0 2.08008 -42.5
0 2.07394 -43.0
0 2.08621 -42.5
0 2.08621 -42.5
0 2.08621 -43.0
0 2.08621 -42.5
0 2.08008 -43.0
0 2.08621 -42.5
0 2.08621 -42.5
0 2.09235 -42.5
0 2.08008 -42.5
0 2.08621 -42.5
0 2.08621 -42.5
0 2.08008 -43.0
0 2.08621 -42.5
0 2.08008 -43.0
0 2.08008 -42.5
0 2.08008 -42.5
0 2.08008 -42.5
0 2.08621 -42.5
0 2.08008 -43.0
0 2.08621 -42.5
0 2.08621 -42.5
0 2.08621 -43.0
0 2.07394 -43.0
0 2.06167 -43.0
0 2.07394 -42.5
0 2.07394 -43.0
0 2.06167 -42.5
0 2.07394 -42.5
0 2.08008 -43.0
0 2.07394 -42.5
0 2.07394 -43.0
0 2.06167 -42.5
0 2.09235 -42.5
0 2.08008 -43.0
0 2.08008 -42.5
0 2.06781 -43.0
0 2.08008 -43.0
0 2.07394 -42.5
0 2.07394 -42.5
0 2.06167 -42.5
0 2.07394 -42.5
0 2.06781 -42.5
0 2.08008 -42.5
0 2.06781 -43.0
0 2.07394 -42.5
0 2.07394 -42.5
0 2.06781 -43.0
0 2.06781 -42.5
0 2.07394 -43.0
0 2.08008 -42.5
0 2.07394 -42.5
0 2.07394 -42.5
0 2.08621 -42.5
0 2.07394 -43.0
0 2.08008 -43.0
0 2.08008 -42.5
0 2.07394 -43.0
0 2.08621 -42.5
0 2.08008 -43.0
0 2.08008 -42.5
0 2.07394 -42.5
0 2.08008 -43.0
0 2.06781 -43.0
0 2.06781 -42.5
0 2.06781 -42.5
0 2.07394 -43.0
0 2.06167 -42.5
0 2.06781 -43.0
0 2.06781 -42.5
0 2.08008 -42.5
0 2.07394 -42.5
0 2.07394 -42.5
0 2.07394 -43.0
0 2.08008 -43.0
0 2.07394 -43.0
0 2.08008 -42.5
0 2.07394 -43.0
0 2.08621 -42.5
0 2.06781 -42.5
0 2.06167 -43.0
0 2.06781 -42.5
0 2.08008 -42.5
0 2.07394 -43.0
0 2.06167 -42.5
0 2.06781 -43.0
0 2.06781 -43.0
0 2.07394 -43.0
0 2.06167 -43.0
0 2.07394 -43.0
0 2.07394 -43.0
0 2.08008 -43.0
0 2.08008 -43.0
0 2.07394 -42.5
0 2.07394 -42.5
0 2.08008 -43.0
0 2.06167 -42.5
0 2.06781 -42.5
0 2.07394 -42.5
0 2.07394 -43.0
0 2.08008 -42.5
0 2.08008 -42.5
0 2.06781 -42.5
0 2.07394 -42.5
0 2.06781 -42.5
0 2.07394 -42.5
0 2.08008 -43.0
0 2.08008 -42.5
0 2.08008 -43.0
0 2.06781 -43.0
0 2.06781 -42.5
0 2.07394 -43.0
0 2.08621 -43.0
0 2.06781 -43.0
0 2.08008 -43.0
0 2.07394 -43.0
0 2.07394 -42.5
0 2.06781 -43.0
0 2.06167 -42.5
0 2.06167 -42.5
0 2.08008 -43.0
0 2.06781 -42.5
0 2.08621 -43.0
0 2.08008 -43.0
0 2.07394 -42.5
0 2.07394 -43.0
0 2.08008 -43.0
0 2.08008 -42.5
0 2.08621 -42.5
0 2.07394 -43.0
0 2.07394 -43.0
0 2.08008 -42.5
0 2.06781 -42.5
0 2.08008 -43.0
0 2.06781 -43.0
0 2.07394 -42.5
0 2.08008 -43.0
0 2.06781 -42.5
0 2.07394 -42.5
0 2.08008 -42.5
0 2.07394 -42.5
0 2.08008 -42.5
0 2.08621 -42.5
0 2.08008 -43.0
0 2.07394 -42.5
0 2.07394 -42.5
0 2.07394 -43.0
0 2.07394 -42.5
0 2.07394 -43.0
