0 2.90229 -43.5
0 2.91456 -43.5
0 2.88388 -43.5
0 2.87775 -43.5
0 2.89616 -43.5
0 2.90229 -43.5
0 2.89002 -43.5
0 2.90843 -43.5
0 2.90229 -43.5
0 2.92070 -43.5
0 2.92070 -43.5
0 2.90843 -43.5
0 2.90229 -43.5
0 2.93297 -43.5
0 2.89616 -43.5
0 2.91456 -43.5
0 2.90229 -43.5
0 2.90229 -43.5
0 2.90843 -43.5
0 2.89616 -43.5
0 2.91456 -43.5
0 2.90229 -43.5
0 2.92070 -43.5
0 2.90843 -43.5
0 2.90843 -43.5
0 2.90843 -43.5
0 2.90229 -43.5
0 2.93297 -43.5
0 2.90229 -43.5
0 2.91456 -43.5
0 2.90843 -43.5
0 2.90843 -43.5
0 2.93911 -43.5
0 2.92070 -43.5
0 2.91456 -43.5
0 2.92070 -43.5
0 2.90843 -43.5
0 2.91456 -43.5
0 2.91456 -43.5
0 2.88388 -43.5
0 2.91456 -43.5
0 2.92684 -43.5
0 2.89616 -43.5
0 2.92684 -43.5
0 2.90229 -43.5
0 2.91456 -43.5
0 2.92070 -43.5
0 2.91456 -43.5
0 2.92070 -43.5
0 2.92070 -43.5
0 2.90229 -43.5
0 2.91456 -43.5
0 2.90843 -43.5
0 2.92070 -43.5
0 2.92070 -43.5
0 2.90229 -43.5
0 2.91456 -43.5
0 2.93297 -43.5
0 2.91456 -43.5
0 2.92684 -43.5
0 2.90843 -43.5
0 2.92070 -43.5
0 2.90229 -43.5
0 2.92684 -43.5
0 2.91456 -43.5
0 2.90229 -43.5
0 2.93297 -43.5
0 2.92070 -43.5
0 2.91456 -43.5
0 2.92070 -43.5
0 2.91456 -43.5
0 2.92070 -43.5
0 2.92070 -43.5
0 2.92684 -43.5
0 2.93297 -43.5
0 2.90229 -43.5
0 2.92070 -43.5
0 2.92070 -43.5
0 2.92070 -43.5
0 2.94524 -43.5
0 2.89616 -43.5
0 2.92070 -43.5
0 2.90843 -43.5
0 2.92070 -43.5
0 2.92070 -43.5
0 2.90229 -43.5
0 2.90229 -43.5
0 2.90843 -43.5
0 2.92070 -43.5
0 2.89616 -43.5
0 2.92684 -43.5
0 2.92684 -43.5
0 2.93297 -43.5
0 2.89616 -43.5
0 2.93297 -43.5
0 2.92684 -43.5
0 2.92684 -43.5
0 2.91456 -43.5
0 2.92070 -43.5
0 2.92070 -44.0
0 2.92070 -43.5
0 2.91456 -43.5
0 2.92070 -43.5
0 2.90843 -43.5
0 2.91456 -43.5
0 2.91456 -43.5
0 2.90843 -43.5
0 2.89616 -44.0
0 2.92684 -43.5
0 2.90843 -43.5
0 2.92070 -43.5
0 2.92684 -43.5
0 2.91456 -43.5
0 2.90229 -43.5
0 2.92684 -43.5
0 2.91456 -43.5
0 2.91456 -44.0
0 2.92070 -43.5
0 2.92070 -43.5
0 2.93297 -43.5
0 2.91456 -43.5
0 2.90843 -43.5
0 2.92684 -43.5
0 2.90843 -43.5
0 2.90229 -43.5
0 2.90843 -43.5
0 2.93911 -43.5
0 2.92684 -43.5
0 2.92684 -43.5
0 2.94524 -43.5
0 2.91456 -43.5
0 2.93297 -43.5
0 2.91456 -44.0
0 2.92684 -43.5
0 2.90843 -43.5
0 2.92070 -43.5
0 2.90843 -43.5
0 2.91456 -43.5
0 2.91456 -43.5
0 2.93297 -44.0
0 2.93297 -43.5
0 2.89616 -43.5
0 2.92684 -43.5
0 2.92684 -43.5
0 2.93297 -43.5
0 2.92070 -43.5
0 2.92070 -43.5
0 2.93911 -43.5
0 2.91456 -43.5
0 2.91456 -43.5
0 2.90229 -43.5
0 2.90843 -43.5
0 2.94524 -43.5
0 2.93911 -44.0
0 2.91456 -43.5
0 2.92070 -43.5
0 2.92684 -44.0
0 2.92070 -43.5
0 2.90843 -43.5
0 2.93297 -44.0
0 2.91456 -44.0
0 2.93911 -44.0
0 2.92070 -43.5
0 2.91456 -44.0
0 2.93297 -44.0
0 2.92684 -44.0
0 2.93297 -43.5
0 2.90843 -43.5
0 2.92684 -44.0
0 2.90843 -43.5
0 2.91456 -43.5
0 2.92684 -43.5
0 2.93297 -43.5
0 2.92684 -43.5
0 2.93911 -44.0
0 2.93911 -43.5
0 2.92684 -44.0
0 2.91456 -43.5
0 2.90843 -43.5
0 2.92070 -43.5
0 2.90229 -43.5
0 2.91456 -43.5
0 2.91456 -43.5
0 2.90229 -43.5
0 2.92070 -43.5
0 2.91456 -43.5
0 2.93911 -43.5
0 2.93297 -43.5
0 2.92070 -43.5
0 2.89616 -44.0
0 2.92070 -43.5
0 2.90843 -43.5
0 2.91456 -43.5
0 2.92070 -43.5
0 2.94524 -43.5
0 2.90843 -43.5
0 2.94524 -43.5
0 2.92070 -43.5
0 2.92070 -44.0
0 2.91456 -44.0
0 2.92684 -44.0
0 2.92684 -43.5
0 2.89002 -43.5
0 2.91456 -44.0
0 2.92070 -43.5
0 2.90843 -43.5
0 2.90843 -43.5
0 2.89002 -43.5
0 2.90229 -44.0
0 2.91456 -43.5
0 2.90229 -43.5
0 2.92070 -43.5
0 2.90229 -43.5
0 2.90229 -43.5
0 2.89616 -44.0
0 2.89002 -43.5
0 2.90229 -43.5
0 2.90843 -43.5
0 2.89616 -44.0
0 2.90843 -43.5
0 2.90229 -43.5
0 2.90229 -43.5
0 2.92684 -43.5
0 2.89616 -43.5
0 2.90843 -43.5
0 2.89616 -43.5
0 2.90843 -43.5
0 2.90229 -43.5
0 2.89002 -43.5
0 2.90843 -43.5
0 2.91456 -43.5
0 2.91456 -44.0
0 2.90843 -43.5
0 2.90229 -43.5
0 2.89616 -43.5
0 2.90843 -43.5
0 2.90843 -43.5
0 2.94524 -43.5
0 2.89002 -43.5
0 2.92070 -44.0
0 2.90229 -43.5
0 2.90843 -43.5
0 2.91456 -43.5
0 2.90843 -43.5
0 2.89616 -43.5
0 2.90229 -43.5
0 2.89002 -43.5
0 2.89616 -43.5
0 2.90843 -43.5
0 2.91456 -43.5
0 2.91456 -43.5
0 2.90843 -43.5
0 2.89002 -43.5
0 2.90229 -43.5
0 2.91456 -43.5
0 2.89616 -43.5
0 2.89616 -43.5
0 2.90843 -43.5
0 2.89616 -43.5
0 2.90229 -43.5
0 2.89616 -43.5
0 2.90229 -43.5
0 2.91456 -43.5
0 2.90843 -43.5
0 2.95138 -43.5
0 2.90229 -43.5
0 2.90229 -43.5
0 2.91456 -44.0
0 2.89616 -43.5
0 2.91456 -43.5
0 2.90229 -43.5
0 2.91456 -43.5
0 2.89616 -43.5
0 2.90843 -43.5
0 2.90843 -43.5
0 2.89616 -43.5
0 2.91456 -43.5
0 2.90229 -43.5
0 2.90843 -43.5
0 2.89616 -43.5
0 2.90843 -43.5
0 2.87775 -43.5
0 2.91456 -43.5
0 2.92684 -43.5
0 2.91456 -44.0
0 2.90843 -43.5
0 2.92070 -43.5
0 2.90229 -43.5
0 2.89616 -43.5
0 2.92684 -43.5
0 2.92070 -43.5
0 2.91456 -43.5
0 2.92070 -43.5
0 2.90843 -43.5
0 2.92684 -43.5
0 2.89002 -43.5
0 2.93297 -43.5
0 2.91456 -43.5
0 2.93297 -43.5
0 2.88388 -43.5
0 2.90229 -43.5
0 2.91456 -43.5
0 2.91456 -43.5
0 2.90229 -43.5
0 2.89616 -43.5
0 2.90229 -43.5
0 2.93297 -43.5
0 2.92070 -43.5
0 2.91456 -43.5
0 2.90843 -43.5
0 2.91456 -43.5
0 2.91456 -43.5
0 2.89616 -43.5
0 2.90843 -43.5
0 2.90843 -43.5
0 2.91456 -43.5
0 2.90843 -43.5
0 2.92070 -44.0
0 2.93297 -43.5
0 2.90843 -43.5
0 2.91456 -43.5
0 2.90843 -43.5
0 2.92070 -43.5
0 2.90229 -43.5
0 2.89616 -43.5
0 2.89616 -43.5
0 2.91456 -43.5
0 2.90229 -43.5
0 2.88388 -43.5
0 2.92070 -43.5
0 2.90229 -43.5
0 2.90229 -43.5
0 2.91456 -43.5
0 2.89002 -43.5
0 2.89616 -43.5
0 2.90843 -43.5
0 2.92070 -43.5
0 2.90229 -43.5
0 2.93911 -43.5
0 2.89616 -43.5
0 2.93297 -43.5
0 2.89616 -43.5
0 2.93297 -43.5
0 2.90229 -43.5
0 2.90843 -43.5
0 2.92684 -43.5
0 2.92070 -43.5
0 2.92684 -43.5
0 2.89002 -43.5
0 2.89616 -43.5
0 2.90229 -43.5
0 2.92070 -43.5
0 2.90843 -43.5
0 2.90843 -43.5
0 2.90843 -43.5
0 2.89616 -43.5
0 2.91456 -43.5
0 2.90843 -43.5
0 2.90229 -43.5
0 2.92070 -43.5
0 2.92684 -43.5
0 2.91456 -43.5
0 2.92070 -43.5
0 2.89616 -43.5
0 2.90843 -43.5
0 2.89616 -43.5
0 2.89616 -43.5
0 2.89002 -43.5
0 2.89616 -43.5
0 2.90229 -43.5
0 2.93297 -43.5
0 2.90843 -43.5
0 2.89616 -43.5
0 2.90843 -43.5
0 2.91456 -43.5
0 2.90229 -43.5
0 2.90229 -43.5
0 2.93911 -43.5
0 2.92684 -43.5
0 2.89616 -43.5
0 2.89002 -43.5
0 2.91456 -43.5
0 2.89616 -43.5
0 2.89616 -43.5
0 2.89616 -44.0
0 2.90843 -43.5
0 2.90229 -43.5
0 2.90229 -43.5
0 2.89002 -44.0
0 2.90843 -43.5
0 2.89616 -43.5
0 2.88388 -43.5
0 2.95138 -43.5
0 2.92070 -43.5
0 2.90229 -43.5
0 2.90229 -43.5
0 2.91456 -43.5
0 2.89002 -43.5
0 2.91456 -43.5
0 2.89616 -44.0
0 2.90229 -43.5
0 2.90843 -43.5
0 2.90843 -43.5
0 2.92070 -43.5
0 2.90229 -43.5
0 2.89002 -43.5
0 2.90229 -43.5
0 2.90229 -43.5
0 2.89616 -44.0
0 2.92684 -44.0
0 2.91456 -43.5
0 2.90229 -44.0
0 2.89616 -43.5
0 2.90229 -44.0
0 2.92684 -44.0
0 2.92684 -43.5
0 2.92684 -43.5
0 2.91456 -43.5
0 2.90843 -43.5
0 2.90229 -43.5
0 2.91456 -43.5
0 2.91456 -43.5
0 2.91456 -43.5
0 2.90843 -44.0
0 2.92070 -43.5
0 2.92684 -43.5
0 2.93911 -43.5
0 2.94524 -44.0
0 2.90843 -44.0
0 2.92070 -43.5
0 2.92070 -43.5
0 2.92070 -43.5
0 2.93297 -43.5
0 2.93297 -43.5
0 2.91456 -43.5
0 2.92684 -44.0
0 2.90843 -43.5
0 2.92070 -43.5
0 2.90843 -43.5
0 2.92684 -43.5
0 2.92684 -43.5
0 2.90843 -43.5
0 2.95138 -44.0
0 2.92070 -43.5
0 2.92684 -44.0
0 2.92684 -44.0
0 2.92070 -43.5
0 2.93911 -44.0
0 2.93911 -43.5
0 2.91456 -44.0
0 2.92684 -44.0
0 2.92070 -43.5
0 2.93297 -44.0
0 2.93911 -43.5
0 2.91456 -43.5
0 2.92070 -44.0
0 2.92684 -43.5
0 2.91456 -43.5
0 2.90229 -43.5
0 2.92684 -43.5
0 2.93911 -43.5
0 2.92070 -44.0
0 2.90843 -44.0
0 2.92684 -44.0
0 2.92070 -43.5
0 2.93297 -44.0
0 2.90229 -44.0
0 2.92684 -44.0
0 2.92684 -44.0
0 2.92684 -44.0
0 2.92684 -43.5
0 2.94524 -43.5
0 2.91456 -44.0
0 2.93297 -43.5
0 2.90843 -44.0
0 2.92070 -44.0
0 2.92684 -43.5
0 2.93297 -43.5
0 2.94524 -44.0
0 2.93297 -44.0
0 2.94524 -44.0
0 2.93911 -44.0
0 2.90843 -44.0
0 2.93911 -44.0
0 2.92684 -44.0
0 2.92684 -44.0
0 2.92070 -44.0
0 2.92070 -44.0
0 2.91456 -44.0
0 2.92070 -44.0
0 2.92684 -43.5
0 2.92070 -43.5
0 2.90843 -44.0
0 2.92684 -43.5
0 2.92684 -44.0
0 2.92070 -43.5
0 2.91456 -44.0
0 2.90843 -44.0
0 2.90843 -44.0
0 2.90843 -44.0
0 2.92684 -43.5
0 2.93297 -44.0
0 2.92070 -44.0
0 2.90843 -44.0
0 2.91456 -43.5
0 2.91456 -43.5
0 2.90229 -43.5
0 2.90843 -44.0
0 2.89002 -43.5
0 2.90843 -44.0
0 2.92070 -44.0
0 2.90843 -44.0
0 2.88388 -44.0
0 2.91456 -43.5
0 2.93911 -44.0
0 2.89616 -44.0
0 2.90229 -44.0
0 2.92070 -43.5
0 2.90843 -44.0
0 2.91456 -44.0
0 2.89616 -43.5
0 2.90843 -44.0
0 2.93297 -43.5
0 2.92070 -43.5
0 2.90843 -44.0
0 2.92070 -44.0
0 2.92684 -44.0
0 2.90229 -44.0
