0 4.04971 -44.5
0 4.06198 -44.5
0 4.06812 -44.5
0 4.03744 -44.5
0 4.05585 -44.5
0 4.06198 -44.5
0 4.05585 -44.5
0 4.06198 -44.5
0 4.06812 -44.5
0 4.04971 -44.5
0 4.06198 -44.5
0 4.05585 -44.5
0 4.08652 -44.5
0 4.06198 -44.5
0 4.06198 -44.5
0 4.06198 -44.5
0 4.09266 -44.5
0 4.06198 -44.5
0 4.05585 -44.5
0 4.08039 -44.5
0 4.09880 -44.5
0 4.06198 -44.5
0 4.08652 -44.5
0 4.08652 -44.5
0 4.06812 -44.5
0 4.07425 -44.5
0 4.06812 -44.5
0 4.06812 -44.5
0 4.06812 -44.5
0 4.05585 -44.5
0 4.08652 -44.5
0 4.08039 -44.5
0 4.09266 -44.5
0 4.08039 -44.5
0 4.07425 -44.5
0 4.08652 -44.5
0 4.08039 -44.5
0 4.06812 -44.5
0 4.06812 -44.5
0 4.08039 -44.5
0 4.08039 -44.5
0 4.08039 -44.5
0 4.08039 -44.5
0 4.06812 -44.5
0 4.06812 -44.5
0 4.09266 -44.5
0 4.06198 -44.5
0 4.05585 -44.5
0 4.08652 -44.5
0 4.07425 -44.5
0 4.07425 -44.5
0 4.08039 -44.5
0 4.05585 -44.5
0 4.07425 -44.5
0 4.08652 -44.5
0 4.08652 -44.5
0 4.05585 -44.5
0 4.04971 -44.5
0 4.04971 -44.5
0 4.07425 -44.5
0 4.07425 -44.5
0 4.08039 -44.5
0 4.05585 -44.5
0 4.09266 -44.5
0 4.06812 -44.5
0 4.08039 -44.5
0 4.05585 -44.5
0 4.07425 -44.5
0 4.07425 -44.5
0 4.07425 -44.5
0 4.07425 -44.5
0 4.07425 -44.5
0 4.07425 -44.5
0 4.05585 -44.5
0 4.08039 -44.5
0 4.06198 -44.5
0 4.06198 -44.5
0 4.08652 -44.5
0 4.07425 -44.5
0 4.08652 -44.5
0 4.05585 -44.5
0 4.06812 -44.5
0 4.05585 -44.5
0 4.06198 -44.5
0 4.08039 -44.5
0 4.06812 -44.5
0 4.05585 -44.5
0 4.08039 -44.5
0 4.08039 -44.5
0 4.07425 -44.5
0 4.06198 -44.5
0 4.07425 -44.5
0 4.08652 -45.0
0 4.07425 -44.5
0 4.06812 -44.5
0 4.06198 -44.5
0 4.05585 -44.5
0 4.08039 -44.5
0 4.06812 -44.5
0 4.07425 -44.5
0 4.06198 -44.5
0 4.09880 -44.5
0 4.06812 -44.5
0 4.07425 -44.5
0 4.11107 -44.5
0 4.08039 -44.5
0 4.07425 -44.5
0 4.06812 -44.5
0 4.06812 -44.5
0 4.09880 -45.0
0 4.07425 -45.0
0 4.08039 -44.5
0 4.05585 -44.5
0 4.06812 -44.5
0 4.09266 -44.5
0 4.08652 -44.5
0 4.08039 -44.5
0 4.07425 -44.5
0 4.08039 -44.5
0 4.09266 -44.5
0 4.08652 -44.5
0 4.07425 -44.5
0 4.09880 -44.5
0 4.06812 -44.5
0 4.07425 -44.5
0 4.08039 -44.5
0 4.06198 -44.5
0 4.06198 -44.5
0 4.08652 -44.5
0 4.06812 -44.5
0 4.06198 -44.5
0 4.08652 -44.5
0 4.07425 -44.5
0 4.08039 -44.5
0 4.08652 -44.5
0 4.06812 -45.0
0 4.06198 -44.5
0 4.06198 -44.5
0 4.08652 -44.5
0 4.05585 -44.5
0 4.07425 -44.5
0 4.07425 -44.5
0 4.08652 -44.5
0 4.06812 -44.5
0 4.06198 -44.5
0 4.09266 -44.5
0 4.06812 -44.5
0 4.09266 -44.5
0 4.06812 -44.5
0 4.08652 -44.5
0 4.05585 -44.5
0 4.06198 -44.5
0 4.09266 -44.5
0 4.04971 -44.5
0 4.06812 -44.5
0 4.08039 -44.5
0 4.06198 -44.5
0 4.07425 -44.5
0 4.05585 -44.5
0 4.08652 -44.5
0 4.08039 -44.5
0 4.09266 -45.0
0 4.08652 -44.5
0 4.08652 -44.5
0 4.09880 -44.5
0 4.08652 -44.5
0 4.06198 -44.5
0 4.08039 -44.5
0 4.04357 -44.5
0 4.07425 -44.5
0 4.07425 -44.5
0 4.06812 -44.5
0 4.06198 -45.0
0 4.08652 -44.5
0 4.05585 -44.5
0 4.07425 -44.5
0 4.07425 -44.5
0 4.09266 -44.5
0 4.08652 -44.5
0 4.06812 -44.5
0 4.08652 -44.5
0 4.08652 -44.5
0 4.06812 -44.5
0 4.07425 -44.5
0 4.08039 -44.5
0 4.06198 -44.5
0 4.07425 -44.5
0 4.08039 -44.5
0 4.06812 -44.5
0 4.07425 -44.5
0 4.08039 -45.0
0 4.06198 -44.5
0 4.08652 -44.5
0 4.08652 -44.5
0 4.05585 -44.5
0 4.06198 -44.5
0 4.07425 -44.5
0 4.08652 -44.5
0 4.06198 -44.5
0 4.07425 -44.5
0 4.08652 -44.5
0 4.07425 -44.5
0 4.07425 -44.5
0 4.05585 -44.5
0 4.07425 -44.5
0 4.07425 -44.5
0 4.05585 -44.5
0 4.06198 -44.5
0 4.08039 -44.5
0 4.06812 -44.5
0 4.06198 -44.5
0 4.06198 -44.5
0 4.09266 -44.5
0 4.04971 -44.5
0 4.05585 -44.5
0 4.06198 -44.5
0 4.07425 -44.5
0 4.06198 -44.5
0 4.08652 -44.5
0 4.07425 -44.5
0 4.05585 -44.5
0 4.04357 -44.5
0 4.05585 -44.5
0 4.04357 -44.5
0 4.06812 -44.5
0 4.04971 -44.5
0 4.05585 -44.5
0 4.08039 -44.5
0 4.06812 -44.5
0 4.06812 -44.5
0 4.06198 -44.5
0 4.08039 -44.5
0 4.06198 -44.5
0 4.06198 -44.5
0 4.06812 -44.5
0 4.05585 -44.5
0 4.08652 -44.5
0 4.06198 -44.5
0 4.04971 -44.5
0 4.08039 -44.5
0 4.04971 -44.5
0 4.03744 -44.5
0 4.06812 -44.5
0 4.07425 -44.5
0 4.06198 -44.5
0 4.05585 -44.5
0 4.08652 -44.5
0 4.06812 -44.5
0 4.06198 -44.5
0 4.06198 -44.5
0 4.04357 -44.5
0 4.07425 -44.5
0 4.06812 -44.5
0 4.07425 -44.5
0 4.07425 -44.5
0 4.06812 -44.5
0 4.06198 -44.5
0 4.06812 -44.5
0 4.09266 -44.5
0 4.07425 -44.5
0 4.07425 -44.5
0 4.08652 -44.5
0 4.07425 -44.5
0 4.06812 -44.5
0 4.07425 -44.5
0 4.05585 -44.5
0 4.06198 -44.5
0 4.06812 -44.5
0 4.04357 -44.5
0 4.06198 -44.5
0 4.07425 -44.5
0 4.08652 -44.5
0 4.08039 -44.5
0 4.08039 -44.5
0 4.05585 -44.5
0 4.08039 -44.5
0 4.04357 -44.5
0 4.06812 -44.5
0 4.06812 -44.5
0 4.04971 -44.5
0 4.06198 -44.5
0 4.06812 -44.5
0 4.08039 -44.5
0 4.08652 -44.5
0 4.07425 -44.5
0 4.04971 -44.5
0 4.08652 -44.5
0 4.06812 -44.5
0 4.03744 -44.5
0 4.07425 -44.5
0 4.07425 -45.0
0 4.05585 -44.5
0 4.08039 -45.0
0 4.06812 -44.5
0 4.04357 -44.5
0 4.08039 -44.5
0 4.05585 -44.5
0 4.06812 -44.5
0 4.06198 -44.5
0 4.06812 -44.5
0 4.07425 -44.5
0 4.05585 -44.5
0 4.03130 -44.5
0 4.05585 -44.5
0 4.04971 -44.5
0 4.08039 -44.5
0 4.09266 -44.5
0 4.05585 -44.5
0 4.04971 -44.5
0 4.06198 -44.5
0 4.06198 -44.5
0 4.06812 -44.5
0 4.05585 -44.5
0 4.07425 -44.5
0 4.06198 -44.5
0 4.06812 -44.5
0 4.06198 -44.5
0 4.06198 -44.5
0 4.06198 -44.5
0 4.06198 -44.5
0 4.05585 -44.5
0 4.06198 -44.5
0 4.06812 -44.5
0 4.06812 -44.5
0 4.04971 -44.5
0 4.07425 -44.5
0 4.06198 -44.5
0 4.06198 -44.5
0 4.06198 -44.5
0 4.06812 -44.5
0 4.08039 -44.5
0 4.06198 -44.5
0 4.03744 -44.5
0 4.06198 -44.5
0 4.06812 -44.5
0 4.04971 -44.5
0 4.03744 -44.5
0 4.04971 -44.5
0 4.04971 -44.5
0 4.06198 -44.5
0 4.04971 -44.5
0 4.04357 -44.5
0 4.06812 -44.5
0 4.04971 -44.5
0 4.07425 -44.5
0 4.07425 -44.5
0 4.04971 -44.5
0 4.06812 -44.5
0 4.07425 -44.5
0 4.05585 -44.5
0 4.04357 -44.5
0 4.02517 -44.5
0 4.04971 -44.5
0 4.06812 -44.5
0 4.04971 -44.5
0 4.04357 -44.5
0 4.08039 -44.5
0 4.06198 -44.5
0 4.08039 -44.5
0 4.04357 -44.5
0 4.08652 -44.5
0 4.07425 -44.5
0 4.08039 -44.5
0 4.06198 -44.5
0 4.08039 -44.5
0 4.03130 -44.5
0 4.07425 -44.5
0 4.06198 -44.5
0 4.08039 -45.0
0 4.07425 -44.5
0 4.08039 -44.5
0 4.06812 -44.5
0 4.07425 -44.5
0 4.06198 -44.5
0 4.07425 -44.5
0 4.05585 -44.5
0 4.04971 -44.5
0 4.06198 -44.5
0 4.05585 -44.5
0 4.06198 -44.5
0 4.06812 -44.5
0 4.07425 -44.5
0 4.06812 -44.5
0 4.07425 -44.5
0 4.07425 -44.5
0 4.06812 -44.5
0 4.06198 -44.5
0 4.05585 -44.5
0 4.04971 -44.5
0 4.07425 -44.5
0 4.06198 -44.5
0 4.05585 -44.5
0 4.06812 -44.5
0 4.04357 -44.5
0 4.06812 -44.5
0 4.04971 -44.5
0 4.04971 -44.5
0 4.06198 -44.5
0 4.08039 -44.5
0 4.06198 -45.0
0 4.05585 -44.5
0 4.06198 -44.5
0 4.03744 -44.5
0 4.08039 -44.5
0 4.08039 -44.5
0 4.06812 -44.5
0 4.08039 -44.5
0 4.09880 -44.5
0 4.06198 -44.5
0 4.08039 -44.5
0 4.08039 -44.5
0 4.10493 -44.5
0 4.08652 -44.5
0 4.09880 -44.5
0 4.08039 -44.5
0 4.09880 -44.5
0 4.08652 -44.5
0 4.09266 -44.5
0 4.10493 -44.5
0 4.10493 -44.5
0 4.07425 -44.5
0 4.08652 -44.5
0 4.08652 -44.5
0 4.07425 -44.5
0 4.11107 -44.5
0 4.08039 -44.5
0 4.06812 -44.5
0 4.09880 -44.5
0 4.10493 -44.5
0 4.07425 -44.5
0 4.09266 -44.5
0 4.07425 -44.5
0 4.09266 -44.5
0 4.06812 -44.5
0 4.10493 -44.5
0 4.07425 -44.5
0 4.08039 -44.5
0 4.06198 -44.5
0 4.09880 -44.5
0 4.10493 -44.5
0 4.09266 -44.5
0 4.10493 -44.5
0 4.08039 -44.5
0 4.06198 -44.5
0 4.07425 -44.5
0 4.11720 -44.5
0 4.09880 -44.5
0 4.09880 -44.5
0 4.09266 -44.5
0 4.09266 -44.5
0 4.08039 -44.5
0 4.09880 -44.5
0 4.08039 -44.5
0 4.08652 -44.5
0 4.09266 -44.5
0 4.09266 -44.5
0 4.07425 -44.5
0 4.08652 -44.5
0 4.07425 -44.5
0 4.09880 -44.5
0 4.09266 -44.5
0 4.05585 -44.5
0 4.12334 -44.5
0 4.07425 -44.5
0 4.08652 -44.5
0 4.10493 -44.5
0 4.09266 -44.5
0 4.06812 -44.5
0 4.09266 -44.5
0 4.11107 -44.5
0 4.07425 -44.5
0 4.07425 -44.5
0 4.11720 -44.5
0 4.08652 -44.5
0 4.08652 -44.5
0 4.08039 -44.5
0 4.08652 -44.5
0 4.08652 -44.5
0 4.07425 -44.5
0 4.09880 -44.5
0 4.10493 -44.5
0 4.09880 -44.5
0 4.09266 -44.5
0 4.09880 -44.5
0 4.07425 -44.5
0 4.08652 -44.5
0 4.07425 -44.5
0 4.08652 -44.5
0 4.07425 -44.5
0 4.09880 -44.5
0 4.09266 -44.5
0 4.08652 -44.5
0 4.09266 -44.5
0 4.08652 -44.5
0 4.08652 -45.0
0 4.08652 -44.5
0 4.06198 -44.5
0 4.09880 -44.5
0 4.09880 -44.5
0 4.08652 -44.5
0 4.09880 -44.5
0 4.10493 -44.5
0 4.08652 -44.5
0 4.08039 -44.5
0 4.10493 -44.5
0 4.06198 -44.5
0 4.08039 -44.5
0 4.08039 -44.5
0 4.09880 -44.5
0 4.09266 -44.5
0 4.07425 -44.5
0 4.09880 -44.5
0 4.06198 -44.5
0 4.07425 -44.5
0 4.11107 -44.5
0 4.09266 -44.5
0 4.09266 -44.5
0 4.06812 -44.5
0 4.07425 -44.5
0 4.07425 -44.5
0 4.08039 -44.5
0 4.10493 -44.5
0 4.08652 -44.5
0 4.06812 -45.0
0 4.09266 -44.5
0 4.06198 -44.5
0 4.08652 -44.5
0 4.09266 -44.5
