0 5.19099 -45.5
0 5.18486 -45.5
0 5.20326 -45.5
0 5.19099 -45.5
0 5.18486 -45.5
0 5.20326 -45.5
0 5.17258 -45.5
0 5.18486 -45.5
0 5.19099 -45.5
0 5.19713 -45.5
0 5.19099 -45.5
0 5.19713 -45.5
0 5.22167 -45.5
0 5.19099 -45.5
0 5.19099 -45.5
0 5.18486 -45.5
0 5.20940 -45.5
0 5.17872 -45.5
0 5.20326 -45.5
0 5.18486 -45.5
0 5.19713 -45.5
0 5.17872 -45.5
0 5.19713 -45.5
0 5.20326 -45.5
0 5.19099 -45.5
0 5.20940 -45.5
0 5.17872 -45.5
0 5.19713 -45.5
0 5.22167 -45.5
0 5.20940 -45.5
0 5.21553 -45.5
0 5.18486 -45.5
0 5.19713 -45.5
0 5.19713 -45.5
0 5.22167 -45.5
0 5.19713 -45.5
0 5.17872 -45.5
0 5.21553 -45.5
0 5.18486 -45.5
0 5.20326 -45.5
0 5.19713 -45.5
0 5.20326 -45.5
0 5.19099 -45.5
0 5.20326 -45.5
0 5.20326 -45.5
0 5.20326 -45.5
0 5.19713 -45.5
0 5.20940 -45.5
0 5.21553 -45.5
0 5.20940 -45.5
0 5.20940 -45.5
0 5.21553 -45.5
0 5.20326 -45.5
0 5.19713 -45.5
0 5.19713 -45.5
0 5.20326 -45.5
0 5.21553 -46.0
0 5.21553 -45.5
0 5.19099 -46.0
0 5.22167 -45.5
0 5.20940 -45.5
0 5.19713 -45.5
0 5.19099 -46.0
0 5.20326 -45.5
0 5.20326 -45.5
0 5.20940 -45.5
0 5.20940 -45.5
0 5.18486 -45.5
0 5.20326 -46.0
0 5.20326 -45.5
0 5.19713 -45.5
0 5.20326 -45.5
0 5.20326 -45.5
0 5.20940 -45.5
0 5.19713 -45.5
0 5.20326 -45.5
0 5.21553 -45.5
0 5.21553 -45.5
0 5.19713 -45.5
0 5.19099 -45.5
0 5.20940 -45.5
0 5.21553 -45.5
0 5.20940 -45.5
0 5.20326 -45.5
0 5.19713 -45.5
0 5.20326 -45.5
0 5.20940 -45.5
0 5.19713 -45.5
0 5.20326 -46.0
0 5.19713 -45.5
0 5.20940 -45.5
0 5.20940 -45.5
0 5.20326 -45.5
0 5.19099 -45.5
0 5.21553 -46.0
0 5.20326 -45.5
0 5.22167 -45.5
0 5.20940 -45.5
0 5.17872 -46.0
0 5.19713 -45.5
0 5.22167 -45.5
0 5.20326 -46.0
0 5.19713 -45.5
0 5.20940 -45.5
0 5.19099 -45.5
0 5.20326 -45.5
0 5.20326 -45.5
0 5.20326 -46.0
0 5.20326 -45.5
0 5.20326 -45.5
0 5.21553 -46.0
0 5.20940 -45.5
0 5.20940 -45.5
0 5.20940 -45.5
0 5.20940 -45.5
0 5.20326 -45.5
0 5.22781 -45.5
0 5.20326 -45.5
0 5.20940 -45.5
0 5.21553 -46.0
0 5.22781 -45.5
0 5.21553 -45.5
0 5.20940 -45.5
0 5.22167 -45.5
0 5.21553 -45.5
0 5.20326 -45.5
0 5.20326 -45.5
0 5.21553 -45.5
0 5.22167 -45.5
0 5.19099 -45.5
0 5.20940 -45.5
0 5.21553 -45.5
0 5.19713 -45.5
0 5.21553 -45.5
0 5.21553 -46.0
0 5.22167 -45.5
0 5.21553 -45.5
0 5.20326 -46.0
0 5.19713 -46.0
0 5.21553 -46.0
0 5.20940 -45.5
0 5.19713 -45.5
0 5.22167 -45.5
0 5.20940 -45.5
0 5.20940 -45.5
0 5.20326 -45.5
0 5.20940 -45.5
0 5.19713 -46.0
0 5.19713 -45.5
0 5.19713 -45.5
0 5.21553 -45.5
0 5.19713 -45.5
0 5.21553 -45.5
0 5.19099 -45.5
0 5.21553 -46.0
0 5.20326 -45.5
0 5.20940 -45.5
0 5.20940 -45.5
0 5.19713 -45.5
0 5.20326 -45.5
0 5.19713 -45.5
0 5.20326 -46.0
0 5.22167 -45.5
0 5.20940 -45.5
0 5.20940 -45.5
0 5.20326 -46.0
0 5.21553 -45.5
0 5.20326 -45.5
0 5.20326 -45.5
0 5.20326 -46.0
0 5.21553 -45.5
0 5.20326 -45.5
0 5.20326 -46.0
0 5.22781 -45.5
0 5.19099 -45.5
0 5.20940 -45.5
0 5.20940 -45.5
0 5.20326 -46.0
0 5.22167 -45.5
0 5.21553 -45.5
0 5.20326 -45.5
0 5.20326 -46.0
0 5.21553 -46.0
0 5.21553 -45.5
0 5.19099 -45.5
0 5.20326 -46.0
0 5.22167 -46.0
0 5.20326 -45.5
0 5.20326 -45.5
0 5.22167 -45.5
0 5.20326 -45.5
0 5.22167 -45.5
0 5.19099 -46.0
0 5.19713 -45.5
0 5.20940 -46.0
0 5.21553 -46.0
0 5.20326 -45.5
0 5.21553 -45.5
0 5.19713 -45.5
0 5.22781 -46.0
0 5.21553 -46.0
0 5.19713 -45.5
0 5.21553 -46.0
0 5.19713 -45.5
0 5.19713 -45.5
0 5.19099 -45.5
0 5.17872 -45.5
0 5.17872 -45.5
0 5.19099 -45.5
0 5.20326 -45.5
0 5.19713 -45.5
0 5.19713 -45.5
0 5.19713 -45.5
0 5.17872 -45.5
0 5.20326 -45.5
0 5.18486 -45.5
0 5.18486 -45.5
0 5.19713 -45.5
0 5.18486 -45.5
0 5.19099 -45.5
0 5.19713 -45.5
0 5.19713 -45.5
0 5.19099 -45.5
0 5.18486 -45.5
0 5.20940 -45.5
0 5.17872 -45.5
0 5.19713 -45.5
0 5.19713 -45.5
0 5.19099 -45.5
0 5.19099 -45.5
0 5.20326 -45.5
0 5.20326 -45.5
0 5.19713 -45.5
0 5.19099 -45.5
0 5.20326 -45.5
0 5.19099 -45.5
0 5.20326 -45.5
0 5.20940 -45.5
0 5.19099 -45.5
0 5.19099 -45.5
0 5.19099 -45.5
0 5.19713 -45.5
0 5.19099 -45.5
0 5.20326 -45.5
0 5.19713 -45.5
0 5.20940 -45.5
0 5.19713 -45.5
0 5.20326 -45.5
0 5.19099 -45.5
0 5.17872 -45.5
0 5.19713 -45.5
0 5.17258 -45.5
0 5.19099 -45.5
0 5.20940 -45.5
0 5.18486 -45.5
0 5.19713 -45.5
0 5.18486 -45.5
0 5.19713 -45.5
0 5.19099 -45.5
0 5.20326 -45.5
0 5.20940 -45.5
0 5.19099 -45.5
0 5.19099 -45.5
0 5.20326 -45.5
0 5.20940 -45.5
0 5.17258 -45.5
0 5.19099 -45.5
0 5.20326 -45.5
0 5.19713 -45.5
0 5.19713 -45.5
0 5.19099 -45.5
0 5.19713 -45.5
0 5.20326 -45.5
0 5.20326 -45.5
0 5.21553 -45.5
0 5.19099 -45.5
0 5.20326 -45.5
0 5.19099 -45.5
0 5.19099 -45.5
0 5.17872 -45.5
0 5.18486 -45.5
0 5.18486 -45.5
0 5.19099 -45.5
0 5.19713 -45.5
0 5.18486 -45.5
0 5.19713 -45.5
0 5.19713 -45.5
0 5.18486 -45.5
0 5.19713 -45.5
0 5.20326 -45.5
0 5.19713 -45.5
0 5.19099 -45.5
0 5.19713 -45.5
0 5.20326 -45.5
0 5.19713 -45.5
0 5.18486 -45.5
0 5.17872 -45.5
0 5.18486 -45.5
0 5.19713 -45.5
0 5.17872 -45.5
0 5.20940 -45.5
0 5.19713 -45.5
0 5.19099 -45.5
0 5.18486 -45.5
0 5.18486 -45.5
0 5.20326 -45.5
0 5.19099 -45.5
0 5.19713 -45.5
0 5.19713 -45.5
0 5.19713 -45.5
0 5.17872 -45.5
0 5.20940 -45.5
0 5.19713 -45.5
0 5.20940 -45.5
0 5.18486 -45.5
0 5.18486 -45.5
0 5.20326 -45.5
0 5.22167 -45.5
0 5.21553 -45.5
0 5.22167 -45.5
0 5.18486 -46.0
0 5.21553 -45.5
0 5.18486 -45.5
0 5.19713 -45.5
0 5.20326 -45.5
0 5.19099 -45.5
0 5.18486 -45.5
0 5.18486 -45.5
0 5.19099 -45.5
0 5.20326 -45.5
0 5.19099 -45.5
0 5.19099 -46.0
0 5.20326 -45.5
0 5.20326 -45.5
0 5.20326 -45.5
0 5.19099 -45.5
0 5.20326 -45.5
0 5.22781 -45.5
0 5.20326 -46.0
0 5.19713 -45.5
0 5.20326 -45.5
0 5.21553 -45.5
0 5.19713 -45.5
0 5.19713 -45.5
0 5.21553 -45.5
0 5.19713 -45.5
0 5.18486 -45.5
0 5.19099 -45.5
0 5.19099 -45.5
0 5.19713 -45.5
0 5.20940 -45.5
0 5.19713 -45.5
0 5.20940 -45.5
0 5.19099 -45.5
0 5.20326 -46.0
0 5.19713 -45.5
0 5.20326 -45.5
0 5.20326 -45.5
0 5.20326 -45.5
0 5.18486 -45.5
0 5.21553 -45.5
0 5.19713 -45.5
0 5.17872 -45.5
0 5.22167 -45.5
0 5.19713 -45.5
0 5.18486 -45.5
0 5.20326 -45.5
0 5.20326 -45.5
0 5.20326 -45.5
0 5.20326 -45.5
0 5.19713 -45.5
0 5.20940 -45.5
0 5.20940 -45.5
0 5.19099 -45.5
0 5.17872 -45.5
0 5.17258 -45.5
0 5.18486 -45.5
0 5.18486 -45.5
0 5.19099 -45.5
0 5.20940 -45.5
0 5.19713 -45.5
0 5.19713 -45.5
0 5.20326 -45.5
0 5.19099 -45.5
0 5.20326 -45.5
0 5.20940 -45.5
0 5.17872 -45.5
0 5.19713 -45.5
0 5.18486 -45.5
0 5.20940 -45.5
0 5.18486 -45.5
0 5.19099 -45.5
0 5.19713 -45.5
0 5.19099 -45.5
0 5.20326 -45.5
0 5.20940 -45.5
0 5.19099 -45.5
0 5.19099 -45.5
0 5.18486 -45.5
0 5.19713 -45.5
0 5.18486 -45.5
0 5.20326 -45.5
0 5.20326 -45.5
0 5.18486 -45.5
0 5.18486 -45.5
0 5.19099 -45.5
0 5.18486 -45.5
0 5.20326 -45.5
0 5.20326 -46.0
0 5.19099 -45.5
0 5.20326 -45.5
0 5.21553 -45.5
0 5.20940 -45.5
0 5.20940 -45.5
0 5.20326 -45.5
0 5.21553 -45.5
0 5.20940 -45.5
0 5.22167 -45.5
0 5.21553 -45.5
0 5.20940 -45.5
0 5.21553 -45.5
0 5.21553 -45.5
0 5.18486 -45.5
0 5.20326 -45.5
0 5.20940 -45.5
0 5.20940 -45.5
0 5.18486 -45.5
0 5.20940 -46.0
0 5.19713 -45.5
0 5.18486 -45.5
0 5.22167 -45.5
0 5.20326 -45.5
0 5.20326 -45.5
0 5.17872 -45.5
0 5.20940 -45.5
0 5.21553 -45.5
0 5.19099 -45.5
0 5.22167 -46.0
0 5.22781 -45.5
0 5.21553 -45.5
0 5.22167 -45.5
0 5.20940 -45.5
0 5.21553 -45.5
0 5.19713 -45.5
0 5.19099 -46.0
0 5.20326 -45.5
0 5.19713 -45.5
0 5.17872 -45.5
0 5.19713 -45.5
0 5.20940 -45.5
0 5.20326 -45.5
0 5.18486 -45.5
0 5.20326 -45.5
0 5.20326 -45.5
0 5.19099 -45.5
0 5.20940 -45.5
0 5.20326 -45.5
0 5.20326 -46.0
0 5.18486 -45.5
0 5.20326 -45.5
0 5.19713 -45.5
0 5.19099 -45.5
0 5.19099 -46.0
0 5.20940 -46.0
0 5.20940 -45.5
0 5.19713 -45.5
0 5.16645 -45.5
0 5.19099 -45.5
0 5.21553 -45.5
0 5.21553 -45.5
0 5.19713 -45.5
0 5.20326 -45.5
0 5.19713 -45.5
0 5.18486 -45.5
0 5.20940 -45.5
0 5.20940 -46.0
0 5.19713 -45.5
0 5.21553 -45.5
0 5.19713 -45.5
0 5.20326 -45.5
0 5.19713 -45.5
0 5.17258 -45.5
0 5.20940 -45.5
0 5.22167 -45.5
0 5.20940 -45.5
0 5.20326 -45.5
0 5.19713 -45.5
0 5.20326 -45.5
0 5.21553 -45.5
0 5.19099 -45.5
0 5.17258 -45.5
0 5.19099 -45.5
0 5.19713 -46.0
0 5.20940 -45.5
0 5.20326 -45.5
0 5.18486 -45.5
0 5.17872 -46.0
0 5.20326 -45.5
0 5.20326 -45.5
0 5.19099 -45.5
0 5.17872 -45.5
0 5.17258 -45.5
0 5.20326 -45.5
0 5.20326 -45.5
0 5.20326 -45.5
0 5.22167 -46.0
0 5.20940 -45.5
0 5.22167 -45.5
0 5.20326 -45.5
0 5.20326 -45.5
0 5.23394 -46.0
0 5.19099 -45.5
0 5.20326 -45.5
0 5.20326 -45.5
0 5.19099 -45.5
0 5.20940 -45.5
0 5.18486 -46.0
0 5.20326 -45.5
0 5.20326 -45.5
0 5.21553 -45.5
0 5.20940 -45.5
0 5.19099 -45.5
0 5.20326 -45.5
